3 Livingston North
4 8 1381 7229
Alison ADAMSON, Con
Robert BELL, SFP
Robert DE BOLD, SNP
Catrina MCDONALD, SLD
Anne MCMILLAN, Lab
Andrew MILLER, SNP
Michael RAE, Lab
Mark WILKINSON, Grn
4 8 5 2 4 6 1 7 3
1 0 0 2 0 0 1 3 4
1 3 1 0 0 0 0 2 0
1 8 5 3 7 1 4 2 6
1 3 1 8 4 7 6 5 2
1 0 3 0 1 0 0 4 2
1 6 8 2 7 5 3 4 1
4 2 0 1 0 3 0 0 0
1 7 0 2 6 3 1 5 4
1 3 1 2 0 4 0 0 5
1 8 1 7 4 3 6 2 5
2 0 1 0 0 3 0 2 0
1 5 3 1 4 7 2 8 6
1 8 6 4 1 5 2 3 7
1 8 4 1 7 2 3 5 6
2 0 3 0 0 1 0 2 4
2 8 6 1 7 3 2 4 5
6 2 0 0 3 1 0 4 0
2 1 5 7 4 3 8 2 6
1 0 0 2 4 6 1 5 3
1 6 1 5 3 4 8 7 2
1 1 6 8 4 2 7 3 5
1 8 4 3 7 2 1 5 6
1 8 7 3 6 1 4 2 5
1 0 0 3 6 2 1 5 4
1 0 4 2 0 0 1 5 3
1 0 2 3 0 0 1 0 0
1 6 5 1 7 4 2 3 8
1 0 2 3 1 0 0 0 0
1 1 5 8 4 2 6 3 7
1 0 0 1 0 3 4 2 0
17 8 7 1 6 5 2 4 3
1 0 5 0 1 6 4 3 2
1 3 6 4 7 1 5 2 8
1 3 8 1 7 4 2 5 6
1 5 6 8 1 2 7 3 4
3 8 5 2 7 3 1 4 6
8 0 0 3 0 2 1 0 0
9 0 0 0 0 2 0 1 3
4 0 0 0 0 3 2 1 0
1 7 6 1 0 3 2 4 5
1 3 6 2 7 4 1 5 8
1 3 0 4 0 1 0 2 0
1 0 1 2 0 0 3 0 4
1 4 0 3 0 1 0 2 5
1 5 0 0 4 2 0 1 3
1 2 7 1 0 3 4 5 6
1 0 0 5 4 1 6 2 3
1 3 6 7 5 2 8 1 4
1 8 3 1 4 7 2 6 5
1 1 0 3 0 0 4 0 2
1 4 8 6 3 1 7 2 5
21 0 0 1 0 4 2 3 0
1 0 0 3 2 1 0 0 4
1 5 0 0 3 1 0 2 4
2 8 4 2 3 7 1 6 5
3 8 4 2 7 5 1 6 3
1 0 1 2 3 0 0 0 0
5 8 5 1 4 6 2 7 3
2 1 5 0 2 4 0 3 0
1 1 2 0 3 4 0 0 0
1 0 0 4 2 0 1 0 3
3 7 8 5 6 2 4 3 1
4 8 7 1 5 6 2 4 3
1 0 0 0 4 3 1 0 2
1 7 6 1 5 2 3 4 8
4 1 3 0 0 2 0 0 0
1 1 0 0 4 2 3 0 0
1 1 0 0 0 0 3 2 0
1 3 0 0 2 0 0 1 0
1 2 4 0 0 1 0 0 3
1 4 0 2 0 3 1 0 0
1 1 8 4 2 6 5 7 3
5 0 0 0 1 2 0 3 4
1 0 0 5 6 2 4 3 1
1 8 3 2 7 6 1 5 4
2 0 0 4 3 0 2 0 1
1 5 8 1 7 3 2 4 6
5 0 0 2 3 1 0 0 0
1 1 8 6 2 3 5 4 7
1 0 0 4 2 1 0 0 3
2 3 5 7 4 1 8 2 6
8 7 8 2 4 5 1 6 3
1 0 0 0 5 2 3 1 4
3 6 8 1 7 2 3 4 5
1 0 1 0 3 0 2 0 0
1 7 5 1 0 3 2 4 6
1 2 0 1 0 3 0 0 4
1 0 0 0 1 0 2 0 0
5 3 5 8 4 1 7 2 6
1 2 5 0 1 3 0 4 0
1 6 8 3 4 1 5 2 7
1 3 6 2 4 7 1 8 5
3 8 7 2 4 6 1 5 3
28 0 0 0 0 1 3 2 0
42 0 0 0 0 0 0 0 1
1 1 3 6 2 4 7 5 8
1 2 1 4 0 0 3 0 0
1 0 0 4 1 2 0 3 0
1 2 8 1 3 6 4 7 5
1 0 2 0 3 0 0 1 0
1 6 8 1 5 2 3 4 7
1 0 2 0 0 1 0 0 3
1 3 0 1 5 0 2 0 4
1 0 3 0 0 0 2 1 0
1 0 0 1 0 4 2 3 5
1 0 0 4 0 2 0 3 1
1 0 0 1 0 2 4 3 5
1 8 5 1 6 4 2 3 7
1 0 0 6 3 1 5 2 4
2 3 0 0 0 1 2 0 0
1 6 5 8 3 1 7 2 4
1 3 0 1 0 0 0 0 2
1 5 4 3 0 0 1 0 2
1 3 0 5 4 2 0 1 6
1 1 4 0 2 0 0 3 0
5 2 0 0 1 3 0 4 0
2 3 8 5 4 1 6 2 7
2 8 7 2 6 3 1 5 4
9 0 0 2 0 1 0 3 0
3 0 0 3 0 4 2 5 1
1 1 2 8 3 4 7 5 6
1 6 8 1 3 4 2 5 7
1 0 2 3 0 4 1 0 0
3 0 4 1 5 0 2 0 3
2 0 0 0 1 0 2 3 0
5 7 8 1 6 4 2 5 3
2 0 3 0 0 0 2 0 1
1 1 0 2 0 5 3 0 4
1 1 0 4 5 2 6 3 7
15 0 0 4 0 1 3 2 0
3 0 1 0 2 0 0 0 3
1 7 5 1 8 3 2 4 6
1 8 7 1 3 6 2 5 4
1 0 0 5 2 3 1 0 4
1 8 3 7 6 1 5 2 4
1 2 0 0 3 1 0 0 4
5 0 4 0 3 1 0 2 0
5 0 0 2 0 1 3 0 0
1 2 0 0 3 0 1 0 0
2 0 0 2 0 5 1 3 4
1 3 8 1 6 4 2 5 7
1 8 4 7 3 2 6 1 5
8 0 0 0 0 1 0 3 2
1 3 0 0 0 0 0 1 2
1 1 0 3 2 0 4 0 0
1 3 8 4 2 1 5 6 7
1 2 0 3 0 0 4 0 1
15 0 0 2 3 0 1 0 0
1 1 4 7 2 6 8 5 3
1 8 7 2 6 1 3 4 5
2 0 0 1 3 2 0 0 0
1 0 1 0 4 2 0 0 3
1 1 6 3 5 0 4 0 2
1 8 5 4 6 2 3 1 7
1 1 2 0 4 3 0 5 0
1 3 0 4 0 2 0 1 0
1 8 7 2 5 3 1 4 6
1 8 4 2 5 7 3 6 1
4 8 7 2 6 3 1 4 5
1 0 0 2 3 4 1 6 5
4 0 0 0 1 3 0 4 2
1 2 3 7 4 1 8 5 6
1 2 1 4 6 7 5 8 3
3 1 0 2 3 0 0 0 0
62 0 0 0 0 1 0 2 3
2 8 7 2 5 6 1 4 3
12 7 8 1 4 5 2 6 3
1 6 4 7 2 3 0 1 5
1 1 4 0 2 3 0 5 0
1 0 1 2 0 0 4 3 0
1 1 2 0 4 0 0 0 3
1 0 0 5 0 2 4 1 3
1 5 2 8 1 4 7 6 3
6 0 0 0 0 1 3 2 4
3 0 0 0 0 3 1 0 2
23 0 0 2 4 0 1 0 3
4 5 4 8 3 1 7 2 6
1 4 7 3 6 1 2 5 8
1 8 7 3 5 6 1 2 4
1 2 0 3 0 4 1 0 0
1 8 5 1 6 3 2 4 7
1 3 0 4 0 1 2 0 0
1 8 4 3 5 1 6 2 7
1 8 4 1 3 2 5 6 7
1 1 0 3 0 2 0 0 0
1 3 0 0 5 2 0 1 4
1 8 2 4 7 6 3 5 1
1 0 3 2 0 4 1 0 5
2 0 2 0 0 1 0 0 0
5 0 0 1 2 0 0 0 0
1 0 6 5 0 1 4 2 3
1 1 2 7 3 6 8 5 4
1 5 4 7 6 3 8 1 2
1 5 0 3 0 1 4 2 0
7 0 0 1 6 3 2 4 5
1 3 1 0 0 0 0 0 2
2 0 0 1 6 5 2 4 3
1 7 0 4 2 6 3 5 1
1 1 2 4 3 0 0 0 0
21 0 4 1 0 0 2 0 3
19 8 7 1 4 5 2 6 3
4 0 0 0 0 1 3 0 2
1 6 0 3 5 1 4 2 0
1 4 0 3 1 2 0 0 0
1 1 3 8 7 2 6 4 5
1 8 7 3 5 4 1 6 2
3 0 0 1 0 4 3 0 2
7 0 0 0 1 0 0 0 2
1 8 7 1 4 5 2 3 6
3 1 0 0 0 3 0 2 4
1 1 2 0 4 3 0 0 0
2 1 2 6 3 4 7 5 8
1 1 4 7 3 2 6 5 8
1 8 7 1 2 5 3 4 6
1 0 0 4 0 3 2 1 5
1 2 0 3 0 1 6 5 4
1 0 0 1 2 0 4 0 3
1 7 8 3 5 1 4 2 6
3 0 0 1 0 0 2 3 4
2 0 7 1 6 3 2 4 5
1 6 5 2 7 4 1 3 8
2 1 4 8 5 2 7 3 6
1 4 5 7 3 1 6 2 8
18 8 4 1 5 6 2 7 3
2 0 0 1 0 2 0 3 4
1 6 0 2 5 4 1 3 7
1 8 6 5 1 2 3 4 7
1 0 0 2 5 4 1 3 6
2 0 4 0 2 1 0 3 0
4 0 0 3 0 4 1 5 2
3 0 0 0 3 2 0 1 4
5 0 0 1 0 2 3 4 5
1 1 0 0 0 3 2 0 0
2 1 3 2 4 0 0 0 0
2 3 0 1 0 4 2 0 0
1 8 5 7 4 1 6 2 3
73 0 0 1 0 3 2 0 0
2 0 5 0 1 2 0 3 4
2 0 0 1 2 3 4 0 0
1 1 7 8 6 2 3 4 5
1 0 4 2 0 1 5 3 0
3 3 4 8 5 1 7 2 6
2 0 0 3 0 2 0 0 1
1 4 0 1 0 0 2 3 0
1 0 0 1 6 2 5 4 3
1 0 1 0 0 2 0 0 3
1 0 0 3 0 4 1 2 0
1 1 8 7 4 3 6 2 5
1 0 0 2 0 1 3 4 5
1 0 3 2 0 0 0 0 1
311 1 0 0 0 0 0 0 0
16 0 0 0 2 1 0 3 0
3 0 2 1 0 0 0 0 0
1 0 0 4 3 5 1 6 2
5 0 0 3 0 2 4 1 0
1 0 0 4 0 3 5 1 2
1 0 1 4 0 3 5 2 0
1 0 0 5 4 1 3 2 6
1 4 1 0 6 2 0 3 5
37 0 0 1 4 0 2 0 3
1 0 0 1 3 4 2 6 5
1 0 0 2 4 3 0 0 1
1 0 0 2 1 0 0 0 3
1 1 8 5 6 2 3 4 7
1 8 7 5 6 3 4 2 1
1 8 5 1 7 4 2 6 3
2 5 7 4 6 1 3 2 8
2 8 5 3 4 6 2 7 1
4 1 5 7 4 2 8 3 6
1 3 0 0 0 2 4 1 0
4 0 0 3 0 0 1 2 0
1 7 4 8 1 3 6 2 5
1 6 5 1 8 3 2 4 7
2 7 8 3 4 5 2 6 1
1 8 6 5 7 1 3 2 4
4 4 5 0 3 1 0 2 0
1 7 8 3 6 4 2 5 1
2 0 4 0 0 3 1 2 0
1 0 0 2 6 3 5 1 4
3 0 1 0 2 0 0 0 0
2 4 5 8 3 2 7 1 6
1 0 3 0 0 2 0 0 1
1 8 7 3 4 6 2 5 1
1 7 8 1 3 4 2 5 6
1 0 0 0 4 2 0 1 3
3 2 0 0 0 0 3 0 1
1 0 0 2 3 4 1 5 0
1 0 3 1 0 4 2 0 0
1 1 5 6 2 3 4 7 8
1 0 0 0 3 0 2 0 1
1 3 7 5 4 1 6 2 8
1 7 5 2 3 6 1 0 4
2 0 0 0 1 3 2 0 0
1 1 4 7 2 5 8 6 3
1 5 4 6 3 1 7 2 8
1 8 7 5 3 1 6 2 4
1 0 0 0 3 2 1 0 4
1 8 7 1 6 4 3 5 2
1 7 5 6 3 1 4 2 8
1 7 6 3 0 2 4 1 5
2 0 0 0 1 2 3 0 0
2 1 8 2 6 3 4 5 7
1 1 5 8 2 6 3 7 4
1 7 8 2 5 3 4 1 6
3 1 5 8 4 2 7 3 6
4 7 8 2 6 4 1 5 3
7 1 0 0 3 2 0 4 0
1 7 5 1 8 2 3 4 6
3 0 0 3 2 0 4 0 1
1 0 0 0 2 3 0 0 1
1 8 6 3 4 1 5 2 7
3 0 0 3 0 2 1 4 0
1 0 0 3 1 0 0 4 2
1 2 1 6 5 3 7 4 8
1 0 0 3 1 4 5 0 2
34 0 0 0 3 2 0 1 0
1 0 0 4 3 0 1 2 0
6 7 8 1 6 5 2 4 3
1 1 3 0 2 4 0 5 0
1 7 8 1 6 4 3 5 2
1 1 2 3 6 7 4 8 5
1 1 0 5 0 2 0 4 3
1 0 7 1 3 2 4 5 6
6 0 0 3 1 2 0 0 0
1 7 8 2 6 4 1 3 5
1 4 3 2 1 5 6 8 7
1 5 8 4 1 3 6 2 7
1 1 0 0 4 3 2 0 0
1 1 0 3 2 5 4 0 0
1 8 6 1 7 4 2 5 3
1 0 0 5 4 1 3 2 0
1 0 0 4 2 0 3 0 1
1 8 5 3 4 6 1 7 2
1 8 6 2 4 3 1 5 7
1 0 0 0 2 3 1 0 0
1 0 0 2 3 0 0 1 0
1 2 0 0 0 1 0 3 4
1 0 0 3 1 4 2 5 0
1 0 0 1 5 4 2 0 3
1 7 8 2 1 4 3 5 6
1 7 1 3 6 4 2 5 8
1 4 8 5 3 1 6 2 7
1 8 6 1 5 3 2 4 7
7 0 0 3 0 2 0 1 0
8 0 0 0 2 1 0 0 0
3 0 0 1 0 5 2 4 3
1 8 4 7 2 3 1 5 6
2 0 0 1 3 0 0 0 2
1 0 4 3 2 0 1 0 0
1 1 4 8 7 3 2 5 6
4 1 0 0 0 2 0 0 3
4 0 1 0 0 0 2 0 0
2 0 0 3 0 1 2 4 0
2 1 0 0 3 4 0 2 0
1 3 4 8 6 1 7 2 5
3 0 1 3 0 2 5 4 0
26 0 3 1 0 0 2 0 0
23 0 0 1 0 2 3 0 0
1 3 8 1 4 5 2 7 6
1 1 3 8 2 5 7 4 6
1 0 0 4 0 1 5 3 2
1 1 0 3 0 5 2 4 0
1 0 0 1 0 3 0 2 0
1 0 3 2 0 5 1 0 4
3 0 0 1 3 4 2 0 0
1 5 4 6 3 2 7 1 8
4 0 0 4 0 2 1 3 0
1 3 0 0 0 4 1 2 0
1 0 2 0 0 1 0 3 4
1 5 0 0 4 1 0 2 3
1 3 1 0 2 4 0 5 0
1 8 4 1 6 7 2 5 3
1 3 6 5 4 1 8 2 7
1 0 4 1 3 6 2 7 5
3 7 8 3 6 1 4 2 5
1 0 0 2 3 1 0 0 4
1 7 0 4 1 6 3 5 2
1 0 2 1 0 0 0 0 3
16 0 0 2 0 4 1 5 3
1 0 0 2 3 5 1 6 4
1 5 6 4 7 1 3 2 8
1 1 5 0 0 2 0 3 4
3 2 1 0 0 3 0 4 0
1 1 0 0 3 4 0 5 2
1 7 0 1 4 5 2 6 3
30 0 0 1 0 0 2 3 0
4 1 5 0 2 3 0 4 0
1 7 8 2 4 6 1 5 3
1 6 8 3 7 1 4 2 5
1 2 3 1 0 0 4 0 0
1 8 3 7 4 1 6 2 5
1 5 4 6 2 1 7 3 8
2 0 0 0 1 2 0 0 0
1 0 0 5 2 3 6 4 1
1 2 7 1 6 3 5 4 8
52 1 0 0 0 2 0 0 0
1 3 4 8 1 5 6 7 2
5 0 0 0 0 1 4 2 3
1 8 7 4 5 1 2 3 6
1 2 0 0 3 4 0 1 0
11 2 0 0 0 1 0 3 0
5 0 0 3 2 0 0 0 1
1 4 5 8 3 1 7 2 6
2 0 0 2 0 4 1 3 5
1 8 3 5 4 1 6 2 7
2 0 0 0 1 3 0 2 0
1 3 8 6 2 1 7 4 5
1 5 6 2 7 3 1 4 8
1 3 0 2 4 1 0 5 0
1 8 7 2 3 1 4 5 6
1 1 4 0 3 2 0 6 5
1 7 6 4 3 1 5 2 8
2 0 0 0 0 0 3 2 1
1 0 3 1 2 0 0 0 0
1 8 3 2 7 5 1 6 4
7 3 5 0 4 1 0 2 0
2 4 8 7 5 3 6 2 1
1 1 5 7 2 3 6 4 8
1 6 0 1 0 3 2 4 5
1 0 1 0 3 0 0 0 2
1 0 3 1 0 5 2 4 0
1 0 0 0 0 0 1 2 3
2 3 0 2 0 4 1 0 0
1 1 6 8 2 3 7 4 5
22 0 0 1 0 0 0 0 2
7 0 0 2 0 3 1 4 5
1 1 8 5 4 3 6 2 7
1 1 2 7 4 6 8 5 3
1 3 6 2 5 7 1 8 4
1 7 4 1 8 5 2 6 3
1 7 0 1 6 4 3 2 5
2 0 0 4 5 1 3 2 6
24 0 1 0 0 0 0 0 0
1 0 6 1 0 5 2 4 3
11 0 0 1 3 0 2 0 4
4 4 0 0 2 1 0 3 0
1 1 0 0 2 3 0 5 4
1 6 8 1 7 3 2 4 5
2 1 0 2 0 0 0 3 0
1 0 0 0 0 0 3 1 2
1 3 0 1 0 2 0 0 0
1 8 7 4 2 3 1 5 6
66 0 0 0 0 1 0 0 0
13 3 0 0 4 2 0 1 0
1 0 0 6 1 3 5 2 4
1 2 1 0 0 0 3 0 0
2 1 0 0 2 4 0 3 0
1 1 7 8 3 4 2 5 6
1 1 8 7 2 5 6 4 3
1 8 7 1 5 3 4 6 2
1 1 3 8 6 4 7 5 2
1 0 0 5 3 1 6 2 4
1 0 2 3 0 0 0 0 1
14 0 0 3 0 1 0 2 0
3 2 0 0 1 0 0 0 3
1 1 0 0 4 2 0 0 3
1 8 1 2 7 5 3 6 4
2 2 0 1 0 0 3 0 4
3 0 0 2 0 4 3 0 1
5 1 0 0 3 0 0 0 2
1 7 5 1 4 8 2 6 3
3 0 0 0 3 2 0 0 1
1 0 0 5 6 1 3 4 2
1 2 0 0 1 4 0 3 5
3 0 0 2 4 5 3 6 1
1 1 8 6 2 3 7 4 5
1 6 8 4 7 2 1 3 5
1 8 5 3 6 2 4 1 7
1 4 5 6 1 2 7 3 8
50 1 0 0 4 2 0 3 0
1 8 7 6 4 3 5 1 2
2 0 0 3 4 5 2 6 1
1 3 4 0 5 2 0 1 0
2 3 5 6 4 1 7 2 8
1 0 0 0 0 3 2 1 4
1 7 8 6 1 3 5 2 4
1 4 0 2 0 0 1 3 0
1 0 6 2 5 1 4 3 0
1 0 0 5 3 1 2 4 0
7 0 0 2 6 4 1 5 3
1 0 2 3 1 4 5 0 0
2 0 0 1 0 0 0 2 3
1 1 0 4 2 0 3 0 0
1 1 3 4 2 0 0 0 0
2 4 0 0 1 3 0 2 0
7 0 4 2 0 0 1 0 3
1 0 0 1 0 2 4 3 0
1 0 2 3 0 0 0 1 0
1 0 0 4 0 3 2 1 0
1 2 5 0 3 1 0 4 0
2 8 5 4 6 1 3 2 7
6 0 0 0 1 0 0 2 0
10 0 3 0 0 2 0 1 0
1 0 0 3 0 2 4 1 5
2 1 0 3 0 0 0 2 0
1 0 4 0 0 2 0 3 1
1 0 0 2 3 0 0 0 1
1 1 8 7 4 2 6 3 5
1 8 6 2 5 3 1 4 7
3 0 7 1 4 5 2 6 3
1 0 0 1 5 3 2 6 4
1 2 0 0 3 4 0 0 1
1 1 0 0 3 4 0 0 2
1 2 0 0 0 0 0 0 1
1 2 5 7 1 3 6 4 0
1 1 2 0 4 0 0 3 0
1 7 4 2 8 5 1 6 3
2 8 7 2 5 4 1 3 6
1 1 5 8 2 3 7 4 6
1 0 1 0 0 0 0 3 2
3 1 8 7 2 3 6 4 5
1 7 0 6 4 3 5 1 2
1 7 8 1 4 3 5 2 6
313 0 0 2 0 0 1 0 3
1 5 1 3 7 4 2 6 8
5 0 0 2 4 5 1 6 3
1 0 4 2 5 0 1 0 3
4 0 1 2 0 3 0 0 0
10 8 4 2 5 6 1 7 3
30 0 0 0 1 2 0 3 0
1 0 0 2 0 4 0 3 1
2 0 0 0 2 1 0 0 3
1 0 0 4 0 3 1 5 2
1 4 0 7 2 1 5 3 6
1 0 7 1 6 4 2 5 3
1 5 3 0 1 4 2 0 0
1 8 6 5 7 1 4 3 2
1 0 0 4 5 2 0 1 3
3 2 0 0 1 0 0 3 0
1 1 3 0 6 2 0 4 5
2 8 7 2 3 5 1 6 4
2 1 6 0 4 2 0 3 5
1 1 4 7 5 2 6 3 8
2 1 0 0 2 4 0 0 3
9 2 0 0 1 3 0 0 0
1 8 4 1 3 5 2 6 7
1 2 3 0 0 0 1 0 0
2 0 0 5 0 2 3 1 4
3 4 0 0 3 2 0 1 0
2 5 3 1 6 7 2 8 4
1 2 8 1 7 5 3 4 6
2 8 5 4 7 1 3 2 6
1 0 0 0 2 1 0 4 3
3 2 0 1 0 0 3 0 0
3 1 2 0 0 0 0 3 0
1 0 0 4 6 3 5 2 1
2 0 0 4 3 1 5 2 0
1 7 8 2 4 3 5 6 1
1 2 0 7 1 4 6 3 5
1 0 0 3 0 1 0 2 4
1 1 3 0 0 2 0 4 0
1 6 1 8 5 3 7 2 4
6 0 2 1 0 0 3 0 0
1 3 0 2 0 0 1 4 0
1 1 7 4 3 5 8 2 6
1 1 7 4 5 2 6 3 8
1 0 0 5 0 4 3 2 1
11 0 0 0 2 0 0 0 1
3 0 0 3 6 4 2 5 1
1 1 0 0 0 2 0 3 4
3 2 0 0 4 3 0 1 0
1 3 4 8 5 2 7 1 6
1 0 0 1 0 5 3 4 2
1 1 4 0 2 0 3 0 0
1 0 0 4 3 1 5 2 6
1 6 8 1 4 3 2 5 7
60 1 2 0 0 0 0 0 0
1 7 6 2 5 3 1 4 8
2 0 0 0 1 2 4 3 0
4 3 6 7 5 1 8 2 4
1 3 0 2 4 1 0 0 0
1 0 1 0 2 4 0 5 3
130 0 0 0 3 1 0 2 0
4 0 0 3 4 0 1 0 2
1 4 7 6 3 2 5 1 8
1 7 8 4 5 3 1 2 6
1 7 8 6 3 2 5 1 4
4 0 0 2 1 0 3 0 0
1 3 0 0 2 4 5 0 1
1 1 2 8 4 6 7 5 3
2 0 2 0 1 0 0 0 0
1 8 7 2 1 4 3 5 6
10 0 0 0 0 0 2 0 1
22 0 0 0 0 0 0 1 0
1 0 0 0 3 0 2 1 4
1 0 3 0 1 2 0 0 0
1 8 7 4 5 2 3 1 6
1 4 5 3 7 2 6 1 8
1 0 0 0 1 4 0 2 3
1 1 0 3 0 2 4 0 0
2 0 3 0 2 1 0 0 0
1 1 6 7 5 2 8 3 4
1 4 5 1 8 6 7 2 3
7 0 0 1 0 3 2 0 4
2 0 4 1 3 0 2 0 0
1 8 7 5 2 1 4 3 6
1 0 0 0 0 0 2 1 0
1 0 0 1 2 0 0 3 0
1 0 0 0 3 4 0 2 1
1 0 0 2 3 1 0 4 0
4 0 3 0 4 1 0 2 0
1 0 0 3 2 0 1 0 0
1 5 8 4 1 6 3 7 2
17 0 0 3 0 1 4 2 0
2 1 3 0 0 0 0 2 0
1 6 8 3 7 1 2 5 4
2 0 4 3 0 0 1 0 2
1 0 0 2 0 1 0 3 4
110 1 0 0 0 2 0 3 0
28 0 0 1 3 0 2 0 0
2 0 0 0 2 3 0 4 1
1 5 4 0 3 1 0 2 0
1 7 3 2 6 8 1 5 4
2 7 8 1 5 3 2 4 6
2 2 1 0 3 4 0 0 0
1 1 2 0 5 3 0 4 6
30 0 0 2 0 0 3 0 1
21 1 0 0 2 0 0 0 3
15 0 0 0 3 1 0 2 4
1 3 6 0 5 1 0 2 4
1 7 0 2 3 4 1 5 6
1 0 1 0 4 2 0 3 0
1 8 7 3 6 2 1 4 5
1 1 0 0 3 2 4 0 0
3 3 5 8 4 2 7 1 6
6 0 0 0 0 2 1 0 3
1 0 0 3 0 5 1 2 4
1 0 0 4 5 1 3 2 0
1 0 0 2 4 0 3 0 1
1 8 7 4 3 1 5 2 6
33 0 0 1 0 0 3 0 2
2 8 7 6 3 1 5 2 4
1 0 0 2 0 3 4 5 1
1 8 7 3 4 5 1 6 2
1 8 7 3 6 1 5 4 2
87 1 0 0 2 0 0 0 0
1 8 6 2 5 4 1 7 3
24 0 0 3 0 0 1 0 2
4 0 0 2 0 1 0 0 3
2 0 0 2 0 0 1 4 3
1 8 7 1 3 4 2 5 6
1 0 2 1 0 3 0 0 0
1 0 0 1 3 4 2 5 6
1 4 8 2 1 5 3 6 7
1 8 7 6 4 1 5 2 3
1 1 4 7 2 3 8 5 6
52 0 0 1 0 3 2 4 0
2 1 0 3 0 0 0 0 2
1 5 0 3 0 2 0 1 4
4 4 0 1 0 3 2 0 0
1 5 4 0 1 2 0 3 0
1 3 0 4 2 5 1 0 0
1 0 2 0 3 1 0 0 0
1 6 5 8 4 2 7 3 1
1 5 8 3 7 6 2 4 1
1 7 5 8 3 2 6 1 4
1 0 0 2 4 3 1 0 0
1 2 0 1 3 0 0 0 4
1 6 5 7 2 1 8 3 4
1 1 5 0 2 0 3 4 0
1 1 5 7 6 2 8 3 4
1 4 0 0 5 2 0 3 1
1 2 3 0 0 1 0 4 0
1 7 6 4 8 2 3 1 5
1 0 0 2 3 5 1 4 0
1 6 5 7 3 1 8 2 4
1 8 3 7 4 2 1 5 6
1 3 1 0 0 4 0 0 2
4 2 0 0 0 3 0 1 0
1 0 0 1 3 2 0 0 4
1 7 8 1 6 2 4 3 5
4 0 0 1 4 0 3 0 2
2 0 0 2 0 0 3 1 0
1 4 1 5 2 7 6 8 3
10 0 0 2 0 4 1 0 3
41 0 0 0 1 0 0 0 0
1 4 6 7 2 1 8 3 5
1 7 4 6 5 1 8 2 3
1 1 6 3 7 4 2 5 8
1 7 5 4 1 2 8 3 6
1 4 0 3 1 0 2 0 0
4 0 0 0 0 0 1 2 0
5 1 2 0 0 0 0 0 3
1 8 6 1 5 4 2 3 7
1 1 0 3 2 0 5 0 4
1 0 7 1 3 5 2 4 6
14 0 0 2 0 4 1 3 0
52 0 0 2 0 3 1 0 0
3 0 0 3 0 1 4 2 5
4 1 6 7 2 3 8 4 5
1 4 5 0 3 2 0 1 0
2 0 3 0 4 2 0 1 0
1 3 8 1 6 5 2 4 7
1 0 6 1 7 5 2 4 3
1 4 5 7 6 2 8 1 3
1 0 1 2 0 0 0 0 0
1 0 0 1 6 2 5 3 4
1 3 0 0 0 2 0 1 4
1 7 8 1 5 2 3 4 6
10 8 4 1 7 5 2 6 3
1 8 3 5 4 1 7 2 6
3 0 0 2 6 4 3 5 1
1 0 0 4 6 1 3 2 5
2 1 2 0 3 0 0 4 0
1 8 7 4 5 1 3 2 6
1 7 8 2 4 5 3 6 1
1 8 6 2 7 3 1 4 5
11 1 0 0 0 0 0 2 0
2 0 0 6 4 2 5 1 3
1 8 7 1 4 5 3 6 2
1 0 0 3 0 0 0 2 1
1 2 0 5 0 3 1 4 0
2 4 1 0 0 2 0 3 0
1 7 6 1 5 3 2 4 0
1 0 0 2 0 5 1 4 3
1 2 8 3 1 5 4 6 7
4 0 0 4 0 1 2 3 0
16 2 0 0 1 0 0 0 0
2 2 4 0 3 0 0 0 1
2 3 0 1 0 0 0 2 0
8 1 0 2 0 0 3 0 0
2 2 5 6 1 3 7 4 8
64 3 0 0 0 1 0 2 0
2 3 0 0 1 0 0 2 0
1 5 6 7 8 2 1 3 4
1 7 2 1 5 8 3 6 4
1 3 6 8 4 1 5 2 7
1 0 7 1 6 2 3 4 5
1 0 3 2 0 0 0 1 0
3 7 8 1 4 5 3 6 2
2 0 0 0 2 0 3 0 1
3 0 4 0 3 2 0 1 0
1 0 0 3 2 1 0 0 0
22 1 0 0 3 2 0 0 0
12 8 7 2 4 5 1 6 3
1 0 0 3 6 2 4 5 1
2 8 7 4 5 3 1 2 6
1 0 3 2 0 0 1 4 0
3 0 2 0 1 0 0 0 3
1 7 3 1 4 6 2 5 8
1 6 1 7 5 2 8 3 4
1 8 4 3 6 7 2 5 1
1 8 5 1 3 7 2 6 4
1 1 4 3 5 6 2 7 8
444 0 0 1 0 0 2 0 3
1 7 8 5 6 2 4 1 3
1 8 4 1 7 6 3 5 2
3 7 8 6 3 1 5 2 4
2 1 6 7 4 2 8 3 5
1 8 7 1 4 3 2 6 5
6 0 0 2 0 3 0 0 1
2 1 4 0 3 2 0 0 0
1 5 7 3 6 1 4 2 8
2 2 0 3 0 0 0 1 0
2 8 5 1 4 7 2 6 3
1 1 2 7 5 3 8 4 6
1 8 7 3 6 2 4 5 1
1 0 0 2 5 4 1 3 0
1 3 0 0 2 0 1 0 4
1 1 2 0 3 0 0 0 4
1 0 4 3 0 5 1 6 2
7 0 0 2 0 1 0 0 0
1 1 5 7 3 2 8 4 6
1 0 0 3 5 1 4 2 6
1 0 0 3 2 4 5 6 1
11 8 7 2 6 4 1 5 3
1 0 2 0 3 0 0 0 1
1 3 0 0 2 1 0 0 0
1 8 7 3 5 1 4 2 6
1 1 0 2 0 3 4 0 0
1 8 7 2 3 5 4 6 1
1 0 0 0 1 2 0 4 3
1 1 6 4 5 2 8 3 7
3 0 0 0 1 2 0 0 3
2 7 8 5 4 2 6 1 3
8 0 0 3 0 1 2 0 0
1 0 4 1 0 0 3 0 2
2 0 0 1 2 4 3 0 0
1 4 2 0 0 3 0 1 0
1 7 6 1 3 4 2 5 8
1 0 6 2 7 3 4 5 1
1 8 7 1 2 3 4 5 6
399 0 0 2 0 0 1 0 0
5 0 0 2 0 0 0 1 0
1 0 5 2 0 1 3 4 0
1 4 6 0 3 1 7 2 5
2 8 7 1 3 5 2 6 4
1 2 5 7 3 4 8 1 6
3 1 0 2 0 3 0 0 0
1 7 8 2 5 3 1 6 4
1 8 3 5 1 4 7 6 2
8 8 7 1 6 4 2 5 3
3 0 0 2 3 4 1 5 6
1 5 8 7 1 2 6 3 4
4 1 3 0 0 0 0 0 2
1 1 2 3 4 0 0 0 5
1 1 5 8 3 2 7 4 6
1 1 8 3 2 4 6 7 5
1 4 0 0 5 1 2 3 0
22 1 0 0 0 3 0 2 0
2 3 0 2 1 0 0 0 0
2 2 1 0 0 3 0 0 0
2 0 3 1 0 2 4 0 0
1 4 0 1 2 3 0 0 0
1 3 1 8 4 2 7 5 6
21 0 0 1 0 2 0 0 0
3 4 3 8 5 1 7 2 6
1 8 7 4 2 1 5 3 6
1 0 0 1 6 4 2 3 5
2 4 6 7 3 1 8 2 5
2 0 4 0 1 2 0 3 0
1 3 0 4 2 1 0 0 0
1 3 1 2 0 0 0 0 0
11 0 0 0 4 1 0 2 3
1 1 7 8 6 3 2 4 5
1 0 0 3 0 5 2 4 1
1 4 0 2 3 5 1 6 0
2 0 3 1 0 0 2 0 4
1 2 6 7 1 3 8 5 4
1 3 0 0 2 1 0 4 0
1 4 5 1 0 0 2 0 3
1 7 8 2 5 4 1 6 3
1 7 5 1 0 3 4 2 6
3 0 0 0 0 1 2 0 3
4 0 0 0 0 3 2 0 1
2 0 3 0 1 4 0 2 0
1 0 6 1 7 4 2 3 5
2 1 8 5 2 3 6 4 7
2 8 6 2 4 5 1 7 3
1 3 0 4 2 0 0 0 1
1 0 0 1 0 2 0 0 3
1 0 4 0 1 5 2 0 3
8 0 0 2 0 0 0 0 1
1 0 0 2 3 6 1 5 4
1 0 0 5 3 1 4 2 0
1 0 1 2 0 0 0 3 0
3 2 1 0 0 0 0 0 3
2 3 4 0 0 1 0 2 0
1 4 3 7 5 1 8 2 6
1 0 0 1 5 4 2 6 3
1 1 0 2 0 0 4 0 3
620 0 0 1 0 0 2 0 0
1 6 5 1 7 3 2 4 8
2 0 0 1 6 4 2 5 3
1 2 6 8 4 1 7 3 5
2 3 0 0 0 2 1 0 0
2 0 3 0 0 2 0 1 4
1 1 4 8 2 3 7 5 6
5 1 2 3 0 0 0 0 0
4 7 8 2 6 5 1 4 3
3 2 0 0 0 0 0 1 0
1 8 6 1 7 2 3 4 5
3 0 0 1 0 3 0 0 2
2 8 7 3 4 5 2 6 1
1 7 8 1 6 2 4 5 3
1 0 2 0 0 3 0 1 0
1 0 3 0 0 0 0 1 2
1 8 2 1 7 3 4 5 6
5 8 4 1 7 6 2 5 3
1 3 2 4 1 5 6 7 8
1 5 8 3 7 6 1 4 2
6 3 0 0 1 2 0 0 0
3 0 0 1 0 3 2 5 4
1 0 4 1 0 0 2 3 0
1 2 0 3 0 1 0 0 0
1 7 8 5 3 1 4 2 6
1 8 7 1 6 5 3 4 2
1 0 0 0 2 0 0 1 0
13 0 0 1 0 4 2 0 3
2 3 4 0 0 2 0 1 0
3 1 0 0 4 2 0 3 5
8 0 0 0 0 1 2 0 0
52 1 0 0 2 3 0 4 0
2 0 0 2 0 1 4 3 0
2 8 7 1 6 2 3 4 5
1 3 0 1 2 0 0 0 0
1 1 6 7 5 4 8 2 3
1 1 0 0 0 0 2 3 0
1 0 0 0 2 3 0 1 4
1 0 4 1 0 2 0 0 3
1 0 3 0 1 5 0 4 2
1 1 3 0 2 4 0 5 6
1 4 0 3 0 1 0 2 0
1 5 8 6 4 3 7 1 2
1 0 0 0 4 3 2 1 0
1 0 0 0 3 1 4 2 0
2 3 7 6 4 1 5 2 8
1 8 7 2 5 1 4 3 6
1 6 8 2 7 5 1 4 3
1 2 3 0 0 1 0 0 0
1 0 0 3 4 2 0 1 0
1 2 0 1 4 0 0 0 3
1 8 7 5 3 1 4 2 6
3 7 8 2 6 3 1 4 5
1 2 7 1 5 4 3 8 6
1 0 3 0 0 0 1 0 2
1 0 4 3 0 0 0 2 1
1 0 0 3 0 2 5 1 4
1 2 0 0 5 1 6 3 4
1 0 3 1 0 2 0 0 0
3 8 5 2 4 7 1 6 3
1 0 0 0 4 1 2 3 0
1 2 0 0 3 1 0 4 5
1 8 7 1 6 2 3 5 4
1 5 7 1 6 3 2 4 8
1 0 3 1 4 0 2 0 0
2 0 0 0 0 2 1 3 4
6 0 0 0 0 3 0 2 1
1 1 7 2 8 6 3 4 5
1 3 2 0 0 0 0 0 1
1 0 0 0 0 0 2 3 1
3 0 0 1 2 0 0 0 3
1 2 0 0 1 3 0 4 5
1 0 0 4 2 1 3 5 6
2 0 3 0 1 0 0 0 2
1 5 0 4 0 1 3 2 0
1 0 0 1 3 0 4 0 2
1 2 5 8 4 1 7 3 6
1 8 6 2 7 5 1 4 3
1 3 8 6 1 4 7 5 2
1 7 8 6 1 3 5 4 2
1 2 0 0 0 4 0 3 1
2 8 6 1 7 5 2 4 3
10 3 0 2 0 0 1 0 0
1 0 0 3 5 1 4 2 0
2 8 3 1 6 5 2 4 7
8 0 0 2 3 0 1 0 4
1 8 5 7 3 1 6 2 4
1 3 6 0 4 1 0 2 5
1 0 3 0 2 4 0 1 0
15 3 0 1 0 0 2 0 0
1 0 0 1 0 0 3 4 2
2 1 3 8 2 4 7 5 6
3 5 4 1 6 7 2 8 3
1 1 4 6 5 2 7 3 8
3 0 0 0 4 2 0 3 1
1 0 0 5 3 1 4 2 6
2 0 0 3 4 1 0 2 0
15 4 0 0 3 1 0 2 0
1 5 0 2 6 3 1 4 7
35 0 0 3 0 0 2 0 1
2 0 0 2 6 5 1 4 3
2 0 0 3 4 5 1 6 2
1 0 3 4 0 0 0 2 1
1 1 5 8 6 2 3 4 7
3 0 4 3 0 0 2 0 1
1 1 0 0 0 2 3 4 0
1 6 3 7 4 1 8 2 5
1 0 0 2 3 1 5 4 0
3 2 0 0 3 0 0 1 0
3 1 0 3 0 0 2 0 0
1 2 0 1 0 0 4 0 3
1 3 0 4 5 1 0 2 0
3 4 1 0 5 2 0 3 0
2 0 0 6 4 2 5 3 1
1 0 3 4 0 2 0 1 0
1 1 5 7 2 3 8 4 6
1 2 3 8 4 1 7 5 6
1 6 7 1 8 5 2 4 3
1 7 8 2 1 5 3 6 4
3 0 0 0 3 0 1 0 2
1 0 0 2 3 5 1 0 4
1 1 5 0 4 3 0 2 0
1 8 7 1 5 4 2 6 3
2 0 0 0 1 0 3 2 0
1 0 0 0 2 0 1 0 0
7 0 0 1 0 2 0 3 0
1 5 6 4 3 2 1 7 8
8 2 0 0 0 1 0 0 0
1 4 8 3 2 1 5 6 7
1 0 0 0 1 3 0 2 4
1 6 4 1 5 7 3 8 2
1 1 6 7 5 3 8 2 4
1 4 8 7 3 1 6 2 5
1 1 5 0 3 4 0 2 0
46 0 0 0 0 0 1 0 0
1 6 1 2 5 3 4 0 0
1 8 4 7 1 2 6 5 3
1 4 3 1 0 0 2 0 0
1 0 0 3 2 1 4 0 0
4 4 0 0 3 1 0 2 5
2 0 0 0 3 1 2 0 0
3 0 4 0 0 2 0 1 3
1 8 6 4 7 1 5 2 3
1 8 7 6 5 1 4 2 3
2 8 7 2 6 4 1 3 5
1 2 1 7 6 3 8 4 5
1 8 7 1 2 4 3 5 6
1 3 4 1 5 6 2 7 8
1 0 2 0 1 0 0 3 0
6 1 0 0 0 0 2 0 0
1 1 2 3 0 0 4 0 5
1 1 8 2 6 5 4 3 7
1 8 6 1 4 5 2 7 3
1 6 4 7 1 2 8 3 5
1 0 4 1 7 6 2 5 3
8 0 0 1 0 2 3 4 0
1 5 3 7 1 4 8 2 6
1 2 0 1 0 0 0 3 0
1 0 0 0 2 1 3 0 0
4 7 8 1 4 6 2 5 3
1 7 0 3 6 1 5 2 4
2 3 0 0 0 1 0 2 4
1 1 0 0 5 3 0 4 2
1 0 0 2 4 3 1 5 6
104 0 0 1 0 0 0 0 0
1 5 0 0 2 3 0 4 1
2 8 7 1 5 4 2 3 6
3 0 0 4 0 2 3 1 0
1 0 6 2 5 3 1 4 7
2 5 6 0 4 1 0 2 3
1 7 8 3 6 1 2 4 5
1 1 4 0 2 5 0 3 0
1 0 0 0 3 0 1 2 0
1 2 1 6 8 5 7 4 3
1 4 0 2 0 3 1 5 0
1 0 2 3 0 0 1 0 4
2 0 4 0 0 2 1 3 0
1 8 7 3 6 4 1 5 2
6 1 4 0 5 2 0 3 0
2 0 0 2 5 3 1 4 6
1 0 0 4 0 1 2 0 3
1 5 2 1 6 8 3 7 4
1 1 2 0 0 3 4 0 0
1 7 5 1 6 2 4 3 8
1 0 0 5 6 3 2 4 1
1 3 4 0 0 1 2 0 5
1 3 4 0 6 1 0 2 5
1 0 3 0 0 1 0 0 2
2 5 4 7 3 1 8 2 6
1 2 0 0 3 0 0 0 1
1 6 1 7 3 2 8 4 5
1 2 3 1 0 0 0 0 0
1 6 5 1 3 4 2 7 8
1 3 4 2 0 0 1 0 0
1 5 8 1 6 3 2 4 7
5 0 0 0 0 1 2 3 0
1 7 3 6 8 1 5 2 4
1 7 4 1 5 8 2 6 3
18 0 3 2 0 0 1 0 0
3 8 7 3 6 5 1 4 2
5 1 0 0 0 2 3 0 0
2 1 0 2 0 0 3 0 4
1 7 8 3 2 5 4 6 1
1 1 6 7 8 3 2 4 5
1 1 8 3 2 6 4 7 5
1 3 4 1 0 5 2 0 0
2 2 0 3 0 0 1 0 0
1 0 0 0 2 1 0 3 4
1 0 0 2 4 5 1 0 3
1 4 5 1 2 6 3 7 8
1 0 0 1 3 4 2 5 0
1 4 6 3 5 1 7 2 8
1 3 4 6 5 2 7 1 8
2 0 3 0 1 0 0 2 0
1 1 5 0 3 2 0 4 0
2 3 0 1 0 0 2 0 4
1 0 3 0 4 1 0 2 5
7 0 0 0 0 2 1 3 0
1 8 5 6 3 1 7 2 4
1 0 0 3 0 2 1 4 5
1 7 8 1 6 2 3 4 5
2 8 3 2 5 6 1 7 4
3 0 0 3 4 0 2 0 1
2 0 0 0 3 2 4 1 0
2 0 0 5 0 1 4 2 3
2 6 4 7 5 1 8 2 3
1 7 6 5 3 4 2 0 1
2 0 0 1 4 3 2 0 0
1 1 7 5 0 2 4 3 6
1 7 8 3 6 2 4 5 1
1 8 7 3 4 1 2 5 6
1 1 5 8 6 2 7 3 4
1 0 0 3 1 0 0 0 2
2 0 0 1 0 0 0 3 2
3 0 0 0 3 2 1 0 0
1 8 3 1 4 5 2 6 7
3 0 0 1 5 3 2 4 6
1 8 4 2 6 5 1 7 3
1 8 2 4 5 1 6 3 7
1 5 3 6 4 2 7 1 0
1 0 1 3 0 0 2 0 4
1 4 0 0 0 1 3 2 0
12 0 0 0 0 0 1 0 2
4 0 1 0 0 0 0 0 2
1 1 2 7 3 4 6 5 8
2 0 0 3 2 4 1 0 0
1 5 7 1 8 4 2 3 6
1 1 0 0 2 3 0 4 5
1 7 8 6 5 4 3 2 1
1 8 7 2 4 5 1 3 6
10 8 7 1 5 3 2 4 6
1 1 7 4 6 3 5 2 8
1 0 0 0 0 2 3 1 0
1 0 0 5 6 3 4 1 2
1 8 5 7 3 2 6 1 4
1 7 0 1 6 5 2 4 3
1 0 0 0 1 0 2 0 3
2 1 5 6 4 2 8 3 7
1 0 0 0 2 3 1 4 5
2 0 0 0 1 3 0 0 2
1 6 8 7 1 2 5 4 3
1 0 0 5 0 4 2 3 1
1 8 6 2 5 7 1 3 4
1 4 5 7 3 1 8 2 6
1 5 0 2 6 3 1 4 0
2 8 7 2 3 4 1 5 6
1 1 4 0 2 0 0 0 3
1 5 3 2 4 8 1 7 6
1 0 0 0 1 0 3 0 2
1 8 1 5 6 2 4 3 7
1 0 0 3 2 6 4 5 1
1 8 6 1 7 4 2 3 5
1 0 0 1 2 3 6 4 5
2 1 5 8 4 3 7 2 6
1 0 0 4 0 1 3 2 5
1 2 5 0 0 1 3 4 0
18 3 0 0 0 2 0 1 0
1 0 0 2 5 3 1 4 0
3 0 0 0 0 1 0 0 2
4 8 3 1 5 6 2 7 4
5 3 2 0 1 0 0 0 0
1 1 6 5 0 2 3 4 0
1 0 0 2 1 3 0 0 4
1 4 8 2 3 5 1 6 7
1 7 8 3 6 1 5 2 4
2 2 5 7 1 3 8 4 6
1 0 4 2 0 3 1 0 0
1 0 0 3 0 0 2 4 1
1 0 0 4 6 2 5 1 3
2 8 5 2 6 3 1 4 7
1 7 3 1 5 6 2 8 4
12 1 0 0 4 3 0 2 0
1 4 0 2 0 0 1 0 3
1 0 4 3 1 0 5 0 2
1 1 5 2 4 3 6 7 8
2 0 1 0 2 3 0 4 0
5 1 2 0 3 4 0 5 0
1 2 4 8 5 1 7 3 6
6 8 7 1 6 3 2 4 5
1 0 5 6 3 1 7 2 4
1 8 6 3 7 1 2 4 5
1 8 7 5 3 2 4 1 6
1 5 3 7 4 1 8 2 6
8 8 7 2 6 5 1 4 3
1 7 8 3 4 6 2 5 1
9 2 0 0 4 1 0 3 0
21 1 0 0 2 3 0 0 0
2 1 2 0 5 3 0 4 0
3 1 0 0 0 3 0 0 2
1 0 0 0 3 4 2 5 1
1 8 7 3 2 5 4 6 1
16 1 5 0 4 2 0 3 0
1 2 6 0 1 3 0 4 5
3 2 0 1 0 0 0 0 0
3 0 0 0 4 1 3 2 0
1 0 0 4 3 2 1 0 0
1 2 3 0 4 1 0 0 0
1 5 6 1 7 2 3 4 8
2 0 0 2 0 3 1 0 4
5 0 0 2 6 3 1 4 5
1 6 5 8 4 3 7 1 2
1 7 8 4 3 1 6 2 5
1 2 1 0 3 0 0 0 0
1 1 6 7 2 5 4 3 8
1 0 0 2 0 3 0 1 0
2 3 6 7 4 1 8 2 5
3 0 0 1 0 0 2 4 3
1 0 2 1 3 0 0 0 4
16 1 0 0 2 0 0 3 0
5 7 8 2 5 3 1 4 6
1 1 0 0 2 4 3 0 0
1 8 7 3 4 2 1 5 6
3 1 0 3 2 0 0 0 0
2 1 4 0 0 3 0 2 0
2 5 3 8 4 1 7 2 6
8 1 0 0 0 0 0 0 2
1 8 7 1 3 5 2 4 6
1 2 0 1 5 0 3 0 4
1 0 5 1 4 0 2 0 3
1 2 5 8 3 1 7 4 6
1 6 3 2 5 8 1 7 4
1 0 1 3 0 0 4 0 2
1 8 6 1 7 5 4 2 3
1 4 8 5 1 3 6 2 7
7 0 0 1 0 4 2 5 3
1 1 5 3 6 7 2 8 4
4 0 1 2 0 0 3 0 0
1 2 3 4 1 5 7 6 8
1 1 0 0 0 2 4 3 0
2 0 0 2 4 0 1 3 0
2 0 0 2 3 4 1 0 0
1 3 0 0 0 0 1 0 2
16 1 0 0 3 0 0 2 0
1 0 0 0 0 3 4 2 1
1 0 0 1 3 5 2 6 4
2 0 0 3 0 4 2 0 1
1 5 4 6 7 1 8 2 3
1 2 0 0 1 0 3 0 0
5 0 0 2 0 1 3 4 0
4 8 4 2 5 7 1 6 3
1 1 2 0 4 3 6 5 7
1 2 0 0 4 0 3 1 5
1 4 3 1 5 8 2 6 7
1 1 4 0 3 2 0 5 0
1 4 7 5 8 3 6 2 1
1 0 4 0 5 1 0 2 3
1 0 2 0 0 0 0 1 0
17 0 0 1 0 3 2 4 5
1 0 0 0 1 3 4 2 0
1 3 4 8 5 1 6 2 7
2 0 0 0 0 1 2 3 4
1 0 7 1 2 4 3 5 6
1 0 0 6 5 4 1 3 2
2 0 0 5 0 3 2 4 1
2 0 0 1 0 5 2 3 4
2 0 0 0 4 3 0 2 1
1 1 8 5 6 2 4 3 7
1 4 0 0 0 1 0 2 3
1 1 0 3 2 6 5 4 7
7 1 2 0 0 3 0 0 0
16 1 3 0 2 0 0 0 0
1 8 6 3 7 1 4 2 5
1 1 8 7 3 2 6 4 5
1 5 6 8 2 3 7 1 4
10 1 4 0 0 2 0 3 0
1 0 0 0 3 1 0 0 2
1 7 0 1 6 4 2 5 3
1 2 0 0 0 3 0 0 1
390 0 0 0 0 1 0 2 0
6 8 4 1 5 7 2 6 3
6 0 0 0 0 2 0 3 1
1 0 0 1 3 0 2 4 0
1 1 5 7 6 3 8 2 4
1 0 0 5 1 2 4 3 0
1 0 2 0 0 0 0 3 1
3 0 2 0 0 1 0 3 0
1 0 0 2 6 3 1 5 4
4 8 7 1 6 4 2 3 5
3 4 3 0 0 1 0 2 0
1 0 0 0 3 0 0 1 2
1 8 4 2 3 5 1 6 7
3 8 7 3 4 1 5 2 6
1 0 3 0 5 1 0 2 4
2 1 0 0 0 0 0 3 2
1 0 1 2 0 0 3 4 0
1 8 6 4 5 1 3 2 7
102 0 0 0 0 2 0 1 0
2 0 0 3 0 0 2 1 0
1 7 2 6 5 1 3 0 4
2 0 0 4 2 5 3 6 1
1 0 4 1 0 5 2 3 6
3 1 3 0 2 0 0 0 4
6 7 8 1 6 3 2 4 5
1 8 7 6 4 5 2 3 1
3 8 4 1 6 5 2 7 3
2 1 5 6 4 3 7 2 8
1 8 7 3 5 2 4 1 6
1 0 3 2 0 5 1 6 4
1 8 1 2 6 5 3 4 7
1 0 0 2 0 0 0 1 3
1 6 8 7 3 2 4 5 1
1 0 0 3 0 2 4 5 1
2 4 6 8 3 1 7 2 5
1 7 8 1 3 5 2 4 6
3 8 7 1 4 6 2 5 3
3 0 0 1 2 3 0 0 0
3 1 3 0 2 4 0 0 0
1 0 0 5 6 1 3 2 4
1 5 0 0 1 2 4 3 0
4 7 8 1 5 4 2 3 6
1 1 3 8 2 4 5 7 6
1 0 0 3 6 1 4 2 5
1 0 2 0 4 1 0 3 0
1 0 0 6 4 1 5 2 3
1 6 4 7 3 1 8 2 5
1 1 0 3 0 4 2 0 0
3 0 0 0 2 3 0 1 0
26 0 0 2 0 3 1 4 0
1 2 8 6 4 1 7 3 5
1 7 0 3 6 4 1 5 2
2 8 4 7 3 1 6 2 5
1 1 3 2 0 0 0 0 0
25 0 3 0 0 1 0 2 0
1 7 8 1 3 2 4 5 6
1 1 0 2 4 0 5 0 3
1 1 3 0 4 0 0 0 2
1 3 4 5 7 6 2 1 8
1 3 2 7 4 1 8 5 6
16 2 1 0 0 0 0 0 0
5 0 0 2 0 4 3 5 1
5 2 0 0 0 0 1 0 0
1 2 1 0 6 3 0 4 5
1 7 8 1 2 3 4 5 6
1 2 1 6 4 3 7 5 8
1 4 8 5 6 2 1 3 7
1 5 4 1 7 8 2 3 6
1 2 0 0 0 0 1 3 0
7 2 0 0 3 1 0 0 0
2 0 0 3 1 0 2 0 0
1 1 0 0 0 0 0 2 3
2 0 0 1 4 5 2 6 3
12 0 0 2 0 0 1 3 0
30 3 0 0 4 1 0 2 0
1 6 5 1 8 4 2 3 7
1 0 0 3 1 4 5 6 2
1 0 6 2 7 4 1 5 3
1 8 7 6 5 4 3 1 2
1 8 1 7 3 4 6 5 2
2 0 0 6 3 2 5 4 1
4 0 0 1 2 0 3 0 0
1 0 0 0 0 0 0 2 1
1 0 0 3 1 4 6 5 2
6 4 0 0 1 2 0 3 0
1 3 0 2 0 1 0 0 0
1 0 0 1 6 2 3 4 5
1 1 8 2 3 4 5 6 7
1 3 1 0 2 0 0 0 0
3 0 2 0 0 0 0 0 1
4 1 0 0 2 0 3 0 0
1 3 0 0 4 2 5 1 0
1 3 7 1 8 4 2 5 6
1 8 7 3 6 4 2 5 1
1 2 0 0 5 1 0 3 4
1 0 6 1 2 0 3 4 5
1 0 4 3 0 2 0 1 0
9 0 0 0 0 2 1 0 0
2 0 0 0 1 0 0 3 2
1 8 7 6 2 4 1 3 5
3 3 4 1 0 0 2 0 0
1 8 7 3 6 4 2 1 5
17 1 2 0 3 0 0 0 0
9 1 0 2 0 0 0 0 0
5 0 0 1 5 3 2 4 0
1 1 0 0 3 0 2 0 0
1 3 1 0 0 2 0 0 0
1 8 6 1 7 3 2 5 4
3 1 6 7 3 2 8 4 5
2 0 0 0 0 0 1 3 2
1 0 0 4 1 2 5 3 0
1 0 5 2 0 3 1 4 0
6 0 1 0 0 2 0 3 0
1 2 0 0 1 4 0 3 0
2 8 6 2 7 4 1 5 3
1 8 5 1 7 6 2 4 3
1 4 0 1 3 0 2 0 0
1 3 0 1 4 0 2 0 0
1 5 0 2 1 0 3 0 4
1 0 0 3 0 1 0 0 2
1 1 0 2 3 0 0 0 4
1 8 1 5 2 3 4 7 6
4 7 8 2 6 4 3 5 1
3 0 0 0 0 2 0 0 1
1 3 4 7 5 2 8 1 6
1 7 6 2 8 4 1 5 3
1 3 0 0 2 0 1 0 0
4 0 0 1 0 0 0 2 0
1 8 5 2 6 1 4 3 7
2 2 0 1 0 5 4 3 0
1 1 0 3 0 0 2 0 4
1 0 0 1 6 4 5 2 3
2 0 0 0 0 3 0 1 2
1 0 0 4 1 0 0 2 3
1 8 1 3 2 5 4 7 6
1 4 0 0 0 1 2 3 0
2 0 0 2 3 0 1 4 0
2 0 3 2 0 0 1 0 4
1 4 0 5 0 2 1 3 0
1 1 0 7 5 6 2 4 3
1 0 0 4 0 3 1 2 0
1 1 4 8 5 3 7 2 6
1 7 0 5 6 3 4 2 1
1 0 0 1 5 2 3 4 0
1 1 2 0 0 3 0 4 0
1 0 0 0 1 0 0 2 3
1 2 0 0 0 1 3 0 0
1 1 4 8 3 5 7 6 2
1 3 4 5 6 1 7 2 8
2 0 0 5 3 4 2 6 1
1 8 7 1 6 5 2 3 4
