6 Kyle
3 6 361 4820
John AITKEN, SLD
Geoff BUSH, Alba
Julie DETTBARN, SNP
Stephen FERRY, Con
Arthur SPURLING, Con
Duncan TOWNSON, Lab
3 2 0 1 0 3 0
14 4 2 1 0 0 3
3 0 0 2 1 0 0
4 0 2 3 0 0 1
1 0 2 3 1 0 0
6 0 0 3 0 2 1
4 3 4 6 1 2 5
15 4 5 6 3 2 1
19 4 2 1 5 6 3
4 2 6 5 3 4 1
1 4 5 1 6 2 3
2 3 0 4 0 2 1
1 4 5 3 2 1 6
3 0 0 2 3 1 0
2 1 6 5 3 4 2
8 3 0 0 1 0 2
15 0 0 0 1 0 2
5 4 6 1 3 2 5
1 6 5 1 4 2 3
1 1 2 6 4 5 3
7 3 0 0 0 1 2
1 5 6 2 4 3 1
4 0 2 1 3 0 0
1 3 2 1 5 4 6
7 4 3 1 6 5 2
1 0 2 3 0 4 1
1 5 3 6 4 1 2
1 1 6 2 5 4 3
1 5 6 1 2 3 4
45 2 0 0 3 0 1
1 0 0 2 0 1 3
1 1 0 3 2 0 4
1 6 5 3 2 1 4
2 0 3 0 1 0 2
2 1 5 6 4 3 2
2 1 2 3 4 5 6
4 0 0 1 3 2 0
5 0 0 2 3 0 1
38 4 0 0 2 1 3
1 1 0 2 3 0 0
15 3 2 1 5 6 4
2 2 5 6 1 3 4
5 3 2 1 4 5 6
3 3 6 4 2 1 5
1 6 5 1 2 4 3
1 2 0 3 0 4 1
2 3 4 5 2 1 6
12 0 0 1 2 0 0
4 1 5 6 3 4 2
1 4 5 1 6 3 2
1 3 5 2 6 4 1
24 4 5 6 1 2 3
1 3 5 1 4 6 2
3 1 0 0 3 4 2
1 0 0 3 1 4 2
1 2 3 1 0 4 5
2 4 2 3 6 5 1
1 1 4 3 0 0 2
5 3 4 6 2 1 5
3 1 0 0 0 3 2
8 0 0 1 0 3 2
1 1 6 5 2 3 4
2 0 0 1 2 3 4
2 2 1 3 0 0 4
120 0 2 1 0 0 0
6 4 6 5 2 1 3
40 1 0 0 0 0 0
1 2 6 4 1 3 5
1 2 0 3 4 0 1
3 2 4 1 6 5 3
10 3 6 5 1 2 4
1 4 0 3 0 1 2
18 4 3 1 5 6 2
1 5 4 3 6 2 1
12 0 0 0 1 3 2
7 2 0 0 4 3 1
7 2 4 3 5 6 1
119 0 0 0 1 2 3
1 4 5 6 3 1 2
2 0 3 2 0 1 0
1 2 0 3 5 4 1
1 6 2 1 4 5 3
2 5 6 3 1 2 4
4 1 0 0 2 3 4
4 3 0 0 4 1 2
2 3 4 2 6 5 1
4 0 0 3 1 2 0
20 0 0 0 2 3 1
3 1 0 0 4 3 2
363 0 0 0 2 1 0
4 3 0 0 4 2 1
31 0 3 1 0 0 2
3 4 3 6 2 1 5
5 0 0 1 0 2 3
2 5 6 2 3 1 4
3 0 3 0 2 0 1
1 4 1 2 6 5 3
20 2 4 1 5 6 3
1 3 2 1 4 6 5
9 2 5 6 3 4 1
1 4 1 2 0 0 3
3 3 1 2 6 5 4
1 1 2 4 0 0 3
1 2 6 4 3 5 1
380 0 0 0 1 2 0
4 2 3 1 0 0 4
6 2 5 6 4 3 1
1 2 3 4 0 0 1
2 1 0 0 0 2 0
3 4 6 5 2 3 1
1 4 2 3 5 6 1
1 2 4 5 0 1 3
1 2 5 3 4 6 1
1 5 4 2 1 6 3
3 2 3 1 4 5 6
10 4 5 6 2 3 1
5 1 3 0 0 0 2
1 0 0 3 4 2 1
2 6 5 1 3 2 4
13 0 1 0 0 0 0
1 3 0 1 0 2 0
3 0 0 2 1 3 0
2 5 3 6 1 2 4
46 0 0 0 0 1 0
2 2 1 0 0 0 3
3 2 6 1 5 3 4
18 2 0 0 0 3 1
7 3 4 1 6 5 2
1 5 0 3 2 1 4
1 5 1 6 4 3 2
2 1 2 0 0 0 3
1 2 3 1 4 0 5
1 2 0 1 0 3 4
20 2 3 0 0 0 1
6 3 2 1 6 5 4
8 2 0 0 1 3 0
1 4 3 5 1 2 6
1 0 1 0 4 2 3
83 2 0 1 0 0 3
2 2 6 3 5 4 1
1 3 2 6 4 5 1
1 5 6 3 4 2 1
1 5 6 1 3 2 4
60 0 2 1 0 0 3
15 4 5 6 2 1 3
1 1 2 0 0 0 0
2 0 0 2 1 0 3
2 5 6 4 1 2 3
2 2 3 1 6 5 4
8 0 3 0 1 2 0
1 2 5 1 6 3 4
5 0 3 0 2 1 0
2 3 2 4 0 0 1
5 0 0 3 2 0 1
1 4 3 0 1 2 0
1 3 4 6 5 2 1
2 5 4 6 3 2 1
7 0 0 1 3 0 2
1 4 3 2 6 5 1
4 2 6 5 4 3 1
4 2 4 3 6 5 1
3 1 0 0 3 2 4
7 1 0 0 2 0 0
2 0 2 1 0 3 0
1 4 0 1 0 3 2
1 0 2 0 3 1 0
1 1 5 6 2 3 4
1 3 6 4 1 2 5
1 2 1 3 5 6 4
1 2 3 0 4 5 1
1 2 4 6 3 5 1
1 5 4 2 1 3 6
68 0 0 0 1 0 0
2 1 5 6 3 2 4
4 2 4 1 0 0 3
1 4 0 3 1 0 2
14 3 2 1 0 0 4
5 0 0 2 0 3 1
7 4 6 5 1 2 3
1 5 6 1 3 4 2
13 0 1 2 0 0 0
1 3 6 5 4 2 1
1 2 3 4 6 5 1
1 3 2 1 0 4 0
4 2 6 1 5 4 3
1 1 4 6 2 3 5
1 4 3 2 0 0 1
8 2 0 0 1 0 0
2 2 0 0 4 1 3
1 0 1 0 0 2 0
13 1 0 2 0 0 3
10 0 0 3 2 1 0
4 1 0 0 3 2 0
1 6 4 2 3 5 1
1 3 2 0 0 1 0
1 4 0 5 1 2 3
19 3 5 6 2 1 4
1 0 2 0 3 0 1
1 2 4 3 5 0 1
4 0 0 2 0 1 0
104 3 0 0 2 1 0
7 2 3 1 5 6 4
1 4 0 3 0 2 1
1 2 4 1 3 5 6
1 2 4 0 1 0 3
1 3 0 4 1 2 0
2 0 0 3 0 1 2
77 0 0 2 0 0 1
2 4 6 1 2 3 5
4 5 4 6 1 2 3
2 1 4 3 5 6 2
1 4 6 2 5 3 1
2 3 0 2 1 0 0
1 4 6 2 1 3 5
10 0 0 1 0 2 0
1 5 3 2 6 1 4
1 2 5 0 3 1 4
3 3 1 2 0 0 0
1 5 4 0 1 2 3
1 5 6 2 3 4 1
7 4 2 1 6 5 3
2 2 0 1 3 0 0
181 0 0 1 0 0 2
14 3 0 0 0 2 1
1 4 3 0 2 1 0
2 1 2 3 0 0 0
127 3 0 0 1 2 0
4 2 0 3 0 1 0
9 0 0 0 0 1 2
6 3 0 1 2 0 0
2 4 5 0 2 1 3
1 6 5 2 1 3 4
1 1 6 4 2 5 3
5 0 3 1 0 2 0
1 4 2 3 0 0 1
1 3 0 2 4 0 1
3 2 3 4 5 6 1
3 4 6 5 3 2 1
67 3 0 2 0 0 1
146 3 0 1 0 0 2
1 1 2 4 5 6 3
6 4 3 2 5 6 1
15 1 0 3 0 0 2
1 5 6 4 2 3 1
6 3 6 1 5 4 2
7 3 6 5 2 1 4
1 3 4 6 2 5 1
9 2 0 0 3 4 1
13 0 0 0 2 0 1
3 3 6 2 4 5 1
15 3 0 0 2 1 4
5 2 0 0 0 1 0
1 2 1 6 3 4 5
364 0 0 0 0 0 1
8 4 3 1 0 0 2
2 1 0 3 4 5 2
5 2 6 3 4 5 1
1 1 5 4 2 3 6
1 3 5 4 1 6 2
1 2 1 3 6 5 4
1 0 0 3 2 1 4
7 0 0 0 3 1 2
1 4 6 1 5 3 2
46 1 0 0 0 0 2
1 3 6 4 5 2 1
78 0 0 0 2 1 3
555 0 0 1 0 0 0
3 3 5 6 4 2 1
1 3 1 2 5 6 4
9 4 0 0 3 2 1
6 2 6 1 4 5 3
4 3 4 2 0 0 1
50 4 0 0 1 2 3
1 2 6 1 3 4 5
10 2 3 1 0 0 0
1 4 0 1 3 2 0
6 1 0 0 0 2 3
14 0 3 2 0 0 1
8 3 2 0 0 0 1
1 1 2 4 6 5 3
35 2 0 3 0 0 1
1 5 3 2 4 6 1
1 2 3 5 4 6 1
1 0 0 1 4 3 2
3 1 2 3 6 5 4
33 0 0 0 3 2 1
6 2 0 3 1 0 0
2 5 6 1 4 3 2
1 2 3 1 5 4 6
1 3 4 0 2 1 0
1 1 6 2 4 5 3
1 5 2 1 3 4 6
2 4 6 3 5 1 2
2 6 5 1 4 3 2
4 4 1 2 5 6 3
1 4 6 2 3 5 1
13 1 0 0 2 3 0
1 5 6 2 1 3 4
43 2 0 1 0 0 0
1 4 6 2 3 1 5
9 4 0 0 2 3 1
1 4 2 6 1 3 5
2 1 4 2 5 6 3
2 1 0 0 2 4 3
6 0 2 0 0 0 1
30 3 5 6 1 2 4
1 2 1 4 5 6 3
1 1 3 6 4 5 2
1 1 0 3 2 0 0
1 2 3 6 4 5 1
6 0 1 2 0 0 3
2 5 4 1 3 6 2
2 2 0 0 1 0 3
17 3 0 0 1 2 4
3 2 3 6 5 4 1
8 3 6 1 4 5 2
1 1 2 0 0 3 0
33 3 4 1 5 6 2
48 3 2 1 0 0 0
2 0 1 0 2 3 0
3 5 6 4 2 1 3
1 4 3 6 1 2 5
1 3 5 2 4 6 1
1 3 4 6 5 1 2
1 1 2 6 5 4 3
2 6 5 3 4 2 1
1 6 5 4 2 3 1
1 1 6 3 5 4 2
9 0 0 1 2 3 0
4 2 1 3 0 0 0
1 1 3 2 0 0 0
116 2 0 0 0 0 1
3 4 3 5 2 1 6
1 3 6 1 2 4 5
3 2 1 0 0 0 0
6 2 0 0 3 1 0
1 1 6 5 4 3 2
3 0 0 3 1 0 2
1 6 5 1 2 3 4
1 5 3 6 2 1 4
2 0 0 1 2 0 3
3 0 1 3 0 0 2
3 3 0 2 0 1 0
1 3 1 0 2 0 0
5 1 0 0 2 0 3
11 3 4 2 5 6 1
1 0 2 0 0 1 3
11 3 4 1 0 0 2
18 0 0 0 0 2 1
1 1 6 2 3 4 5
6 1 0 0 3 0 2
6 1 0 2 0 0 0
1 1 2 0 3 0 0
2 3 1 2 0 0 4
1 4 0 2 1 0 3
1 4 0 0 1 3 2
2 3 0 0 2 4 1
3 3 6 2 5 4 1
16 3 0 0 2 0 1
1 3 4 1 5 2 6
6 2 0 0 0 1 3
