8 Girvan and South Carrick
3 7 653 4056
Alec CLARK, Ind
Aaron GILPIN, Lab
Peter HENDERSON, SNP
Linda KANE, Con
Todor Joseph RADIC, Ind
Gavin SCOTT, Con
Eileen SPENCE, Alba
2 1 4 3 5 2 6 7
4 1 4 2 0 3 0 0
1 2 3 4 7 1 6 5
1 2 3 5 4 1 7 6
72 2 0 1 0 3 0 0
1 1 4 3 7 5 6 2
3 2 1 7 6 3 5 4
1 0 1 0 2 0 0 3
2 0 2 0 0 3 1 0
1 1 4 7 5 3 2 6
1 0 2 3 0 0 1 0
4 2 5 1 7 3 6 4
1 1 4 2 6 5 7 3
1 3 7 5 2 4 1 6
3 0 1 2 3 0 0 0
1 4 2 1 5 7 6 3
1 1 5 0 4 2 3 6
1 5 3 6 4 2 1 7
1 4 7 2 6 3 5 1
2 2 1 3 4 5 6 7
7 1 0 0 4 2 3 0
39 1 3 0 0 2 0 0
1 1 6 2 3 5 4 7
122 3 0 0 1 0 2 0
1 0 1 0 3 0 2 0
201 0 0 0 1 0 2 0
1 5 1 0 2 0 3 4
2 4 1 0 2 5 3 0
1 0 0 0 0 1 3 2
1 1 4 7 5 2 3 6
1 1 4 2 3 5 7 6
2 1 3 2 7 4 6 5
1 1 2 3 5 6 4 7
1 2 1 3 0 4 0 0
4 3 0 0 0 1 2 0
1 5 1 7 4 2 6 3
5 0 2 1 3 0 0 0
1 1 3 2 0 5 0 4
1 2 7 1 5 4 6 3
1 1 5 7 2 4 3 6
1 2 6 7 3 4 1 5
1 1 6 5 3 2 4 7
1 1 3 2 6 4 7 5
1 0 0 2 0 1 0 3
3 0 0 0 1 0 2 3
1 0 4 0 1 3 2 0
2 3 2 0 0 0 0 1
1 3 4 5 7 2 1 6
1 1 5 2 3 6 7 4
1 0 1 0 0 2 3 0
1 5 2 1 6 4 7 3
13 2 0 0 3 0 1 0
1 2 6 7 4 1 3 5
1 3 0 1 2 4 0 0
1 1 7 2 3 6 4 5
4 3 4 7 1 5 2 6
32 0 3 0 1 0 2 0
1 1 2 3 7 5 6 4
2 2 5 7 3 4 1 6
4 4 3 7 1 5 2 6
2 3 4 1 0 0 0 2
1 1 7 6 3 2 5 4
1 1 4 3 0 0 0 2
1 0 0 2 3 0 1 0
1 2 3 0 1 5 4 0
1 1 2 5 4 3 0 0
1 1 6 2 4 5 3 7
2 1 2 3 4 5 6 7
1 5 7 6 4 2 3 1
11 1 0 2 3 0 0 0
2 3 4 1 0 2 0 0
1 4 0 0 2 1 3 0
1 0 0 4 1 2 3 0
1 0 3 0 2 4 1 0
1 2 1 0 4 3 5 0
31 1 0 3 0 2 0 0
1 5 7 1 3 6 4 2
1 0 2 3 0 1 0 4
1 4 1 2 3 5 6 0
8 0 2 0 0 1 0 0
3 3 1 7 6 2 5 4
1 3 7 1 6 4 5 2
1 1 6 7 5 2 3 4
1 1 2 4 3 0 0 0
2 3 5 0 2 4 1 0
1 2 4 1 5 6 0 3
2 4 2 1 7 5 6 3
1 4 5 0 1 3 2 0
9 1 0 0 3 4 2 0
1 0 0 3 1 4 2 0
3 2 1 0 3 0 4 0
1 1 3 0 0 4 2 0
11 1 0 0 0 3 2 0
2 2 3 1 7 5 6 4
1 1 6 5 2 4 3 7
1 2 4 0 0 0 1 3
1 4 5 3 0 1 0 2
1 3 5 7 2 4 1 6
1 0 0 0 2 0 1 3
1 1 2 3 6 5 7 4
1 2 0 0 1 4 3 0
1 0 1 0 0 0 0 2
204 1 0 0 0 0 0 0
42 0 2 1 0 0 0 0
7 2 3 1 7 4 6 5
1 1 4 2 0 0 3 0
2 1 5 0 4 3 2 0
6 0 2 0 1 0 3 0
4 3 1 0 0 0 2 0
6 3 0 1 0 4 0 2
1 2 3 4 5 1 6 7
9 2 5 1 6 3 7 4
1 4 2 0 1 0 3 0
1 1 6 7 3 2 4 5
2 0 1 0 2 0 0 0
2 1 5 0 2 4 3 0
9 3 4 0 2 0 1 0
1 3 2 4 0 1 0 0
20 0 0 0 1 3 2 0
4 2 0 0 4 3 1 0
2 1 0 4 0 2 3 0
1 6 3 7 2 4 1 5
5 0 0 0 1 2 3 0
1 0 0 3 1 0 0 2
1 2 1 0 3 5 4 0
2 0 3 2 0 1 0 0
1 2 4 0 1 5 3 0
2 1 0 0 2 3 4 0
1 1 2 3 4 7 6 5
3 3 0 0 4 1 2 0
1 1 4 0 0 2 3 0
1 4 1 2 6 5 7 3
39 0 0 0 2 3 1 0
1 0 4 1 0 3 0 2
1 1 0 0 4 3 2 0
1 0 2 1 0 4 0 3
3 0 0 0 2 1 0 0
1 0 0 2 3 0 4 1
2 0 0 3 0 2 0 1
1 2 3 1 6 4 0 5
1 0 1 0 0 0 2 0
10 0 0 1 0 3 0 2
1 3 5 1 0 2 0 4
4 0 3 1 0 0 2 0
1 1 2 3 0 5 0 4
1 2 4 1 3 0 0 0
1 2 4 7 1 6 3 5
2 3 0 2 0 0 0 1
18 0 3 0 2 0 1 0
1 1 6 7 2 3 4 5
1 7 4 5 2 3 1 6
2 1 3 0 2 0 4 0
2 4 5 7 2 3 1 6
4 3 5 1 6 2 7 4
1 0 0 1 0 0 2 3
4 0 0 0 1 2 0 0
2 2 5 1 0 4 0 3
1 1 2 5 6 4 3 7
2 2 4 1 0 0 0 3
65 1 0 0 0 2 0 0
1 1 4 5 0 2 0 3
1 2 0 0 0 1 0 3
1 1 0 5 2 4 3 0
1 0 3 1 2 0 0 0
2 0 4 1 0 2 0 3
1 2 7 1 3 5 4 6
2 5 1 7 2 4 3 6
1 2 0 0 0 0 3 1
3 1 5 6 3 4 2 7
1 1 0 2 0 4 0 3
13 1 3 0 0 0 2 0
1 3 0 0 2 5 1 4
1 0 1 6 4 2 5 3
78 0 1 0 0 0 0 0
22 3 0 1 0 2 0 0
28 1 0 2 0 0 0 3
2 1 7 2 6 3 4 5
2 4 0 2 0 1 0 3
1 1 3 2 0 0 0 4
2 0 2 0 4 3 1 0
44 0 0 0 0 1 0 0
2 1 3 2 6 5 7 4
7 2 1 0 0 0 3 0
1 4 7 1 3 5 2 6
1 0 0 3 0 1 0 2
3 1 4 3 7 2 6 5
5 2 0 1 0 3 0 4
1 3 4 2 6 5 7 1
1 3 2 1 0 4 0 5
1 5 2 0 1 4 3 6
1 4 3 2 0 1 0 0
4 2 0 1 0 4 0 3
2 0 1 0 3 2 0 0
3 2 3 4 0 1 0 0
1 4 1 0 3 0 2 0
10 2 0 0 0 3 1 0
2 3 2 0 4 5 1 0
1 4 3 1 0 0 0 2
1 1 0 4 2 0 3 0
1 0 2 3 0 0 0 1
3 1 0 3 0 0 0 2
10 1 2 0 0 0 3 0
1 3 4 1 6 5 7 2
5 1 4 3 0 2 0 0
1 3 5 6 2 4 1 7
1 0 0 0 1 2 0 3
2 0 1 2 0 3 0 0
1 5 2 1 0 4 0 3
1 1 2 7 5 3 6 4
1 5 3 0 1 4 2 0
4 0 1 3 0 2 0 0
3 2 0 0 1 3 0 0
3 2 3 0 0 0 1 0
1 0 1 0 4 2 3 0
3 1 2 0 0 0 0 3
3 2 0 1 0 0 3 0
1 5 3 7 2 4 1 6
1 1 3 0 0 2 0 4
5 0 2 1 0 0 3 0
3 1 0 0 3 0 2 4
1 5 6 7 1 4 2 3
1 6 3 0 1 5 2 4
3 1 4 0 2 0 3 0
2 3 1 6 4 5 2 7
61 1 2 0 0 0 0 0
1 3 0 2 4 1 0 0
1 1 4 0 3 5 2 0
1 0 0 2 1 0 3 0
2 2 1 0 0 0 0 3
1 2 3 5 6 4 1 7
5 0 2 0 1 0 0 0
1 2 1 0 4 0 3 0
4 0 0 0 0 0 0 1
2 0 3 0 2 1 0 0
1 2 4 3 5 6 1 7
1 2 4 0 3 0 1 0
1 1 7 2 6 3 5 4
1 2 3 1 5 4 6 7
1 1 5 6 4 2 3 7
1 0 0 0 0 0 2 1
5 2 3 0 1 0 0 0
1 1 2 0 3 4 5 0
2 0 0 3 2 0 1 0
1 2 5 4 0 1 0 3
1 2 5 4 0 1 3 0
6 1 3 0 0 0 0 2
1 4 3 0 0 1 2 0
2 1 2 7 3 5 4 6
1 3 4 1 5 2 6 7
3 1 5 0 4 2 3 0
7 0 0 1 3 0 2 0
21 0 1 0 2 0 3 0
16 1 0 0 0 2 0 3
1 6 4 5 1 7 2 3
1 4 3 2 6 1 7 5
1 2 1 0 3 4 0 0
1 1 3 0 4 2 5 0
1 2 4 1 7 5 6 3
7 1 0 0 3 2 4 0
1 1 3 0 4 0 2 0
1 5 3 2 4 1 6 7
1 1 4 2 3 0 0 0
4 1 6 5 4 2 3 7
1 1 2 5 6 3 4 7
22 1 0 0 2 0 0 0
1 1 3 7 4 6 5 2
10 0 2 1 0 3 0 0
3 2 4 1 0 3 0 5
3 0 2 0 3 1 0 0
2 1 4 2 7 3 6 5
1 1 4 5 7 2 3 6
1 1 2 3 0 0 0 4
1 0 3 4 1 0 2 0
1 0 4 0 2 3 1 5
1 4 3 0 1 5 2 0
18 3 0 0 1 4 2 0
1 2 3 0 4 5 1 0
1 2 0 0 0 3 0 1
2 4 1 0 0 3 0 2
1 3 5 2 1 0 4 0
1 1 2 6 3 4 5 7
33 0 0 0 1 0 0 0
1 1 2 7 4 3 5 6
2 1 3 2 5 7 6 4
1 2 1 0 5 3 4 0
1 5 2 1 4 6 7 3
1 0 0 0 0 0 1 2
3 3 5 1 7 4 6 2
1 3 4 2 7 1 6 5
1 1 7 4 6 2 5 3
1 1 4 2 3 6 5 7
1 0 0 2 0 3 1 0
1 3 2 0 4 0 1 0
1 1 4 2 5 3 6 7
4 2 5 1 0 3 0 4
1 1 6 7 5 4 2 3
1 5 0 4 3 2 1 6
22 0 1 2 0 0 0 0
6 3 2 1 0 4 0 0
1 3 0 4 0 0 2 1
2 0 2 0 4 1 3 0
2 4 6 1 2 5 3 7
1 0 0 2 3 1 4 0
4 1 0 0 0 0 0 2
1 1 7 6 3 2 4 5
21 3 0 1 0 0 0 2
9 2 0 0 1 0 0 0
14 0 1 0 0 2 0 0
1 1 2 0 4 3 5 0
1 1 3 4 2 5 7 6
1 2 0 0 4 1 3 0
16 1 0 2 0 0 3 0
2 3 5 7 2 6 1 4
1 7 3 2 5 1 4 6
1 1 5 0 3 4 2 0
10 3 4 0 2 5 1 0
1 7 2 1 3 4 6 5
1 2 1 4 5 6 3 7
1 3 0 0 0 1 0 2
1 4 3 6 2 5 1 7
1 1 3 2 4 7 5 6
2 4 3 6 1 5 2 7
2 1 6 7 4 2 3 5
1 3 4 1 5 6 2 7
13 1 0 0 3 2 0 0
1 1 3 7 4 5 2 6
1 1 4 6 5 2 3 7
2 4 3 0 2 0 1 0
1 2 1 3 4 7 6 5
2 2 0 3 0 0 0 1
1 0 4 0 2 0 1 3
1 4 2 5 0 3 0 1
2 4 2 1 0 3 0 0
1 1 4 0 3 2 0 0
1 4 0 0 3 1 2 0
1 2 1 6 3 0 4 5
1 6 5 1 4 7 3 2
1 2 7 1 6 3 4 5
1 1 6 7 4 5 3 2
1 3 2 1 5 4 6 7
1 0 3 0 1 4 2 0
3 3 2 1 7 4 6 5
6 0 0 2 0 1 0 0
1 2 5 6 1 3 4 7
2 3 0 0 2 1 0 0
1 5 4 6 3 1 2 7
1 5 4 0 1 0 2 3
1 1 0 2 0 3 4 0
1 2 4 0 1 0 3 0
1 5 4 3 6 2 7 1
1 7 3 6 2 5 1 4
1 1 2 3 5 4 6 7
14 0 3 1 0 0 0 2
1 1 2 3 5 4 7 6
2 3 4 1 7 5 6 2
1 0 0 3 0 1 2 0
1 2 3 7 4 5 1 6
1 0 0 2 0 0 0 1
2 0 0 2 0 0 1 0
55 1 0 2 0 3 0 0
1 1 4 2 5 3 6 0
2 1 0 0 0 3 0 2
30 2 1 0 0 3 0 0
2 1 4 2 0 0 0 3
20 0 0 1 0 2 0 0
13 3 1 2 0 0 0 0
1 4 3 0 1 0 2 0
1 3 0 4 1 0 2 0
3 3 5 2 6 4 7 1
1 2 4 5 6 1 3 7
2 1 3 2 6 4 5 7
3 1 5 2 7 3 6 4
1 5 1 7 2 6 3 4
1 7 6 3 5 2 4 1
5 0 1 2 0 0 0 3
1 0 1 4 0 2 3 0
6 2 0 1 3 0 0 0
1 0 0 0 1 4 2 3
2 3 2 1 6 5 7 4
2 0 0 1 0 0 2 0
5 3 0 0 0 2 1 0
1 3 1 4 0 0 2 0
2 2 1 4 6 3 7 5
1 7 2 6 1 5 4 3
1 3 2 0 1 0 4 0
2 4 5 2 6 3 7 1
39 1 2 3 0 0 0 0
1 6 2 7 4 3 5 1
2 2 3 1 0 4 0 5
1 2 0 0 0 0 0 1
8 2 0 3 0 1 0 0
1 7 1 2 3 4 5 6
1 1 4 0 3 0 2 0
1 5 1 7 4 2 3 6
1 3 4 0 0 2 0 1
1 3 0 1 2 0 0 0
12 0 0 0 0 1 2 0
2 1 0 0 0 0 2 3
3 4 2 1 6 5 7 3
8 2 3 0 0 1 0 0
4 0 3 1 0 2 0 0
1 1 0 4 2 3 0 0
1 1 5 7 2 3 4 6
1 1 5 2 0 4 0 3
1 1 3 6 2 4 5 7
1 4 3 1 0 5 0 2
1 3 6 7 2 4 1 5
2 2 3 1 6 4 5 7
1 4 0 1 0 3 0 2
3 4 5 1 6 2 7 3
1 1 4 7 3 5 2 6
1 1 7 6 5 4 3 2
1 1 0 0 2 3 4 5
1 1 5 3 0 4 0 2
1 3 1 2 0 4 6 5
1 2 4 1 6 3 5 7
1 1 5 7 4 2 3 6
1 1 5 2 0 3 0 4
2 3 0 2 0 0 1 0
2 2 3 1 4 5 6 7
7 1 3 2 0 4 0 0
3 3 0 1 0 0 2 0
1 7 4 6 2 3 1 5
1 1 2 0 4 0 3 0
1 3 7 4 1 5 2 6
1 4 3 2 0 1 0 5
1 2 0 0 3 0 0 1
1 0 0 3 4 0 2 1
6 1 0 3 0 0 2 0
1 5 3 2 7 1 6 4
5 2 3 1 6 4 7 5
1 3 4 6 2 5 1 0
162 0 0 0 2 0 1 0
1 2 7 1 6 3 5 4
1 7 1 6 2 3 4 5
3 2 0 0 3 4 1 0
7 0 0 1 0 2 0 3
1 2 3 5 6 1 4 7
23 2 0 0 0 1 0 0
33 0 0 0 0 0 1 0
1 3 5 2 6 4 1 7
1 4 7 6 2 1 3 5
1 2 3 5 6 4 7 1
20 0 0 0 3 1 2 0
1 3 2 4 5 6 1 7
3 1 0 2 0 3 0 4
1 3 5 0 1 4 2 0
1 6 3 4 2 7 1 5
20 1 0 0 0 0 2 0
1 0 2 0 3 1 4 0
1 5 3 2 6 4 7 1
34 2 0 1 0 0 0 3
6 0 0 0 2 1 3 0
1 3 0 0 1 0 2 4
1 3 1 2 0 4 0 0
257 0 0 1 0 0 0 0
1 1 4 2 6 7 5 3
1 4 0 0 3 2 1 0
1 1 2 4 7 3 5 6
2 3 1 2 0 4 0 5
1 7 6 1 2 5 3 4
1 2 5 0 4 3 1 0
2 2 3 6 4 1 5 7
1 1 3 4 0 0 2 0
46 2 3 1 0 0 0 0
3 2 5 1 6 4 7 3
1 2 1 5 6 3 4 7
1 3 2 1 0 4 5 6
1 4 0 2 0 3 0 1
1 4 0 0 1 2 3 0
1 5 4 2 0 1 0 3
40 1 0 0 0 2 3 0
14 0 2 1 0 0 0 3
4 3 2 0 0 0 1 0
5 1 2 3 0 4 0 0
2 2 0 3 0 0 1 0
2 4 6 7 1 3 2 5
5 4 5 1 6 3 7 2
2 0 3 0 0 1 2 0
1 0 0 0 0 2 1 3
1 2 7 1 6 5 3 4
1 0 0 1 2 4 0 3
1 1 4 7 6 2 3 5
1 3 1 0 5 2 4 0
1 5 6 7 1 2 3 4
4 0 2 3 0 1 0 0
1 7 3 6 5 1 4 2
1 4 1 7 2 5 3 6
8 0 0 0 3 2 1 0
2 2 4 1 6 5 7 3
1 2 0 3 1 0 0 0
1 3 2 1 6 4 5 7
1 1 3 4 7 2 6 5
1 1 5 4 7 2 6 3
3 0 4 0 2 3 1 0
1 3 2 1 4 6 5 7
1 4 5 1 7 3 6 2
1 3 6 7 2 5 1 4
1 1 5 2 6 3 7 4
1 4 1 7 5 2 6 3
1 3 7 6 1 4 2 5
2 4 3 1 6 5 7 2
1 1 4 2 5 7 3 6
1 3 1 4 6 2 5 7
8 2 4 1 7 3 6 5
1 1 6 2 4 3 5 7
4 2 4 1 6 3 7 5
1 3 0 0 0 2 0 1
1 4 1 7 3 6 2 5
1 0 0 1 0 0 3 2
4 3 2 0 1 0 0 0
1 2 3 0 1 4 0 0
1 1 2 3 7 4 6 5
2 2 1 7 5 3 6 4
5 4 3 7 2 5 1 6
1 2 3 7 1 5 4 6
3 1 3 4 0 2 0 0
1 1 4 7 2 5 3 6
11 1 0 0 2 3 0 0
1 1 3 0 4 5 2 0
2 3 6 7 1 4 2 5
2 3 1 0 5 4 2 0
1 4 3 1 7 5 6 2
117 2 0 1 0 0 0 0
2 2 1 4 0 3 0 0
1 1 3 2 5 6 7 4
9 4 0 0 2 3 1 0
1 3 1 7 2 5 4 6
1 0 0 0 4 1 3 2
1 4 3 1 2 6 5 7
7 2 1 0 3 0 0 0
14 3 5 1 6 4 7 2
1 0 2 0 1 3 0 0
2 0 0 2 0 3 0 1
1 2 3 1 0 0 0 4
1 2 5 7 3 1 4 6
12 1 0 0 2 4 3 0
3 1 0 0 2 0 0 3
2 0 2 0 0 0 1 0
1 5 4 7 1 2 3 6
3 3 5 7 1 4 2 6
1 2 0 4 0 3 0 1
5 1 0 3 2 0 0 0
1 6 3 1 4 2 5 7
1 5 2 7 1 3 6 4
1 5 2 3 6 4 7 1
4 3 2 1 6 4 7 5
1 4 5 1 7 2 3 6
3 3 1 2 7 4 6 5
1 1 2 6 5 3 4 7
2 2 4 1 0 3 0 0
2 0 1 2 0 0 3 0
2 1 3 6 4 2 5 7
1 1 0 0 3 0 0 2
1 0 2 4 0 1 3 0
14 2 0 0 1 0 3 0
1 3 4 7 2 5 1 6
1 4 7 2 3 6 1 5
1 5 6 7 2 4 1 3
1 4 6 7 3 2 1 5
1 4 5 7 1 3 2 6
1 4 3 2 5 1 6 7
1 0 2 1 0 3 0 4
1 3 4 0 1 5 2 0
31 1 2 0 0 3 0 0
4 1 3 0 2 0 0 0
32 3 2 1 0 0 0 0
1 0 2 0 3 4 1 5
1 0 0 0 0 1 0 2
1 2 3 1 6 5 7 4
1 0 2 0 0 1 0 3
1 2 4 7 5 1 3 6
1 1 5 3 6 2 4 7
1 1 2 3 4 5 7 6
1 4 2 3 0 1 0 0
2 0 0 0 0 2 0 1
1 1 4 3 6 2 7 5
1 1 3 2 0 4 0 5
1 4 0 3 2 0 1 0
1 1 2 4 3 7 5 6
1 0 0 1 2 3 0 0
2 3 6 5 2 4 1 7
1 2 5 6 3 4 1 7
49 1 3 2 0 0 0 0
14 2 1 3 0 0 0 0
1 0 0 2 0 3 1 4
1 2 1 0 3 4 5 0
1 2 3 7 5 1 6 4
1 7 3 6 1 5 2 4
3 2 6 1 5 3 4 7
1 3 4 1 0 5 0 2
1 1 4 5 6 2 7 3
2 2 1 5 3 6 4 0
34 2 1 0 0 0 0 0
10 2 0 0 0 0 1 0
3 4 1 0 2 0 3 0
2 1 2 4 5 3 6 7
2 2 0 0 3 1 0 0
1 2 4 0 3 5 1 0
3 0 0 3 1 0 2 0
5 2 3 1 0 4 0 0
1 1 3 2 5 4 6 7
1 3 1 0 4 5 2 6
6 0 0 1 2 0 3 0
1 5 2 6 4 1 3 7
2 5 1 7 3 4 2 6
8 3 4 0 1 0 2 0
4 3 0 2 0 1 0 0
3 2 4 1 5 3 6 7
2 3 1 0 2 0 0 0
1 4 3 7 5 2 6 1
61 1 0 0 2 0 3 0
1 1 3 4 0 2 0 5
1 1 2 6 7 4 5 3
1 3 4 2 5 6 1 0
1 2 6 3 1 5 4 7
3 1 3 4 5 2 6 7
1 4 1 7 3 5 2 6
1 0 2 0 0 1 3 0
5 0 0 0 0 2 1 0
1 1 5 2 7 3 4 6
1 1 3 0 4 2 0 0
13 1 2 0 3 0 0 0
88 1 0 2 0 0 0 0
51 1 0 0 3 0 2 0
6 3 1 0 0 2 0 0
1 1 0 0 0 4 2 3
1 5 3 1 0 2 0 4
1 1 0 2 0 0 3 4
3 4 3 0 2 5 1 0
13 3 0 0 2 4 1 0
1 5 4 6 3 2 1 7
1 2 4 3 5 1 6 7
4 4 0 0 1 3 2 0
1 7 3 4 5 1 2 6
2 0 4 0 1 2 3 0
1 1 3 0 5 2 4 0
1 0 3 0 4 1 2 0
1 1 3 0 0 2 5 4
1 1 5 2 4 6 3 7
2 0 1 0 0 3 2 0
127 3 0 0 2 0 1 0
38 0 0 1 0 0 0 2
1 2 1 3 6 4 5 7
5 1 2 0 3 0 4 0
1 0 1 2 3 0 4 0
1 1 2 0 0 3 0 4
2 2 5 1 7 4 6 3
6 2 0 0 0 1 3 0
1 0 0 0 3 0 2 1
1 5 1 0 2 4 3 6
1 7 1 2 6 5 4 3
1 3 2 1 4 0 5 0
