8 Cumnock and New Cumnock
4 6 385 4476
Billy CRAWFORD, Lab
June KYLE, Lab
Jim MCMAHON, SNP
Jacqui TODD, SNP
Neill WATTS, Con
Fraser WRIGHT, SLD
283 0 0 2 1 0 0
2 0 2 3 1 0 0
1 1 4 3 2 5 6
2 4 2 0 0 1 3
1 0 0 3 0 2 1
2 6 3 2 1 5 4
3 0 1 2 3 0 0
25 1 2 5 6 4 3
7 5 3 2 1 6 4
12 1 3 0 0 2 0
1 3 1 4 2 6 5
1 1 0 0 4 2 3
1 4 5 3 2 1 6
15 3 2 0 0 1 4
9 2 1 3 4 6 5
1 3 2 4 1 5 6
4 0 0 2 3 1 0
1 0 1 0 3 0 2
4 0 0 0 1 0 2
4 0 3 2 1 0 4
44 4 3 2 1 6 5
6 3 4 5 6 2 1
1 1 2 6 4 5 3
2 2 1 4 0 0 3
14 3 0 0 0 1 2
1 0 1 0 4 3 2
3 3 5 1 2 0 4
1 2 1 4 5 3 6
1 0 2 1 3 0 0
3 0 3 0 4 2 1
1 3 2 5 4 6 1
1 5 6 2 1 4 3
1 1 2 3 4 5 0
3 4 5 2 1 3 6
2 0 1 0 0 2 3
2 5 6 1 2 3 4
1 0 0 2 0 1 3
1 0 3 0 1 0 2
1 1 5 6 4 3 2
2 2 4 1 3 6 5
2 3 5 1 2 6 4
26 1 2 3 4 5 6
1 0 0 1 3 2 0
1 0 0 2 3 0 1
7 2 1 6 5 4 3
2 1 3 6 5 2 4
1 6 2 3 5 1 4
4 5 4 3 2 6 1
9 1 0 2 3 0 0
2 6 1 2 3 5 4
2 6 5 1 2 4 3
1 3 2 1 4 5 6
1 1 3 2 4 5 6
11 2 1 5 6 4 3
1 6 2 1 4 3 5
2 2 4 0 0 3 1
3 4 0 1 2 0 3
5 1 2 3 4 0 5
1 1 0 3 0 2 0
2 3 0 1 2 0 4
1 5 4 3 6 1 2
384 0 0 1 2 0 0
28 0 2 0 0 1 0
1 4 2 1 3 6 5
8 1 2 4 3 0 0
3 2 3 5 6 4 1
2 2 4 3 1 6 5
1 0 0 3 1 4 2
1 2 1 0 3 0 4
13 2 1 5 6 3 4
11 1 2 4 3 6 5
2 2 3 1 4 6 5
4 1 3 0 0 2 4
2 0 4 1 2 0 3
4 5 4 2 1 0 3
2 1 3 2 4 0 0
1 2 6 1 3 5 4
1 1 0 0 0 3 2
121 1 0 0 0 0 0
5 0 2 1 0 0 0
52 3 4 1 2 6 5
2 0 2 0 1 0 3
1 3 1 0 0 0 2
1 3 1 2 4 0 0
1 4 2 1 3 5 6
1 2 4 3 1 0 0
7 2 1 4 3 0 0
10 1 2 4 3 5 6
1 2 1 5 4 3 6
3 0 1 0 2 0 0
1 5 1 2 4 3 6
37 1 2 3 4 0 0
34 0 3 2 1 0 0
2 0 3 2 0 1 0
1 4 5 3 6 1 2
2 1 4 0 0 2 3
2 4 5 2 3 1 6
1 5 4 3 2 0 1
3 0 0 0 2 1 0
31 3 4 0 0 1 2
1 1 0 2 3 0 4
5 0 1 0 0 0 2
1 2 6 3 1 5 4
1 6 2 5 4 1 3
1 5 2 6 3 1 4
2 5 6 1 2 4 3
4 2 4 1 3 0 0
3 0 0 1 0 2 3
1 6 3 5 4 1 2
2 0 3 0 2 0 1
1 4 2 3 1 0 5
1 3 2 1 4 6 5
1 1 3 4 5 2 6
9 2 1 3 4 0 0
4 0 0 0 1 2 0
3 3 1 0 0 2 4
19 1 0 0 0 2 0
2 2 1 3 4 0 5
1 5 3 1 2 4 6
5 2 4 5 6 1 3
32 0 3 1 2 0 0
8 3 4 2 1 5 6
1 4 2 3 5 6 1
1 3 5 1 2 4 6
20 5 4 2 1 6 3
1 0 0 3 4 2 1
1 2 3 1 4 5 6
1 1 3 0 0 0 2
51 0 1 0 0 0 0
5 4 3 2 1 5 6
5 0 0 2 1 3 0
1 4 5 3 6 2 1
275 0 0 0 0 1 0
54 2 1 0 0 0 3
4 3 2 6 5 1 4
1 6 5 4 3 1 2
1 2 1 4 5 0 3
8 1 2 5 4 6 3
1 6 3 5 2 4 1
1 0 1 0 3 2 0
1 5 4 3 1 0 2
2 3 2 4 1 0 0
3 2 3 4 5 1 6
2 1 3 4 2 0 0
29 3 4 2 1 6 5
1 3 2 4 5 1 6
1 3 1 5 4 0 2
6 2 1 4 3 6 5
124 1 2 0 0 0 3
6 0 3 0 0 2 1
1 3 1 4 6 5 2
1 6 1 5 2 4 3
2 1 4 5 6 2 3
2 0 1 2 0 3 0
1 2 3 0 0 4 1
1 0 2 1 3 4 0
1 2 4 3 5 1 6
5 2 3 0 0 0 1
1 2 1 4 3 0 5
1 2 0 0 1 3 0
1 2 0 1 0 0 3
2 0 4 2 1 3 0
2 4 2 3 1 0 0
510 1 2 0 0 0 0
28 0 0 2 1 0 3
27 3 4 2 1 0 0
4 0 2 0 1 0 0
1 2 1 0 4 0 3
1 1 2 4 5 0 3
6 2 1 5 4 6 3
2 2 6 3 1 4 5
2 1 2 6 3 4 5
1 1 3 4 5 6 2
1 2 3 0 1 0 0
2 0 0 3 2 0 1
12 4 3 0 0 1 2
12 4 3 5 6 1 2
1 1 6 5 4 2 3
2 0 1 0 2 0 3
1 5 3 1 6 2 4
1 2 1 0 3 4 0
1 2 3 4 1 0 0
1 3 2 5 6 4 1
1 1 3 0 4 0 2
4 1 4 2 3 0 0
3 4 5 2 1 0 3
3 4 3 0 0 2 1
6 1 0 0 2 0 0
1 0 2 0 3 1 0
6 4 3 1 2 5 6
1 2 1 6 4 5 3
3 6 4 1 2 5 3
1 5 4 2 1 3 6
22 1 2 5 6 3 4
24 0 0 0 1 0 0
1 3 2 4 5 6 1
3 2 1 4 3 5 6
1 0 0 3 4 1 2
2 0 1 2 0 0 0
3 4 3 6 5 1 2
1 4 2 1 3 0 0
3 1 2 3 5 6 4
42 2 3 0 0 1 4
1 3 6 2 5 1 4
1 1 2 4 3 5 0
4 4 5 1 2 3 6
11 0 1 0 0 2 0
20 2 1 0 0 3 4
6 2 0 0 1 0 0
2 1 2 3 0 0 4
2 3 1 2 4 6 5
3 1 0 2 0 0 3
1 0 0 3 2 1 0
1 0 1 3 2 0 0
1 1 0 0 3 2 0
39 3 2 0 0 1 0
43 3 4 1 2 0 0
1 4 1 5 2 0 3
1 6 2 3 5 4 1
1 4 1 2 3 6 5
2 2 4 1 3 5 6
1 4 6 1 3 5 2
1 3 5 6 4 1 2
2 0 0 1 2 4 3
1 0 0 3 0 1 2
1 4 6 1 2 3 5
1 0 1 4 5 3 2
1 0 0 2 0 0 1
1 4 1 3 2 0 0
4 1 0 2 0 3 0
3 3 2 5 6 1 4
2 4 1 3 2 6 5
1 2 6 5 1 3 4
2 1 3 5 6 2 4
2 2 4 3 1 0 5
33 2 1 0 0 3 0
12 2 1 0 0 4 3
26 3 0 2 1 0 0
1 4 0 1 2 3 0
1 0 0 2 1 3 4
1 1 4 2 3 5 6
1 0 5 4 3 1 2
1 1 3 6 2 5 4
6 2 0 1 3 0 0
5 3 0 0 0 2 1
3 0 0 1 0 0 2
45 1 2 3 0 0 0
1 3 0 0 1 2 0
55 3 0 1 2 0 0
84 0 0 0 0 1 2
1 1 2 3 5 4 6
74 2 3 0 0 1 0
9 3 4 1 2 0 5
5 6 5 2 1 3 4
1 0 0 2 4 1 3
6 2 1 6 5 3 4
1 2 4 5 1 3 6
5 2 3 4 5 6 1
1 5 2 6 4 1 3
2 3 2 6 5 4 1
2 3 0 2 0 0 1
5 5 3 1 2 6 4
4 2 3 1 4 0 0
1 3 6 2 1 5 4
18 1 2 4 5 6 3
24 4 3 1 2 0 0
2 1 2 0 4 0 3
1 2 4 3 1 5 6
1 3 1 6 2 5 4
2 1 0 3 0 0 2
1 2 3 4 5 0 1
6 4 3 1 2 0 5
1 3 2 1 4 0 0
2 0 0 0 2 0 1
1 5 4 2 3 6 1
33 2 0 0 0 1 0
12 1 2 0 0 4 3
14 0 0 0 0 0 1
13 4 3 2 1 0 5
26 3 4 1 2 5 6
2 0 0 0 3 1 2
1 4 6 1 2 5 3
3 1 0 0 0 0 2
36 4 3 2 1 0 0
2 0 0 0 2 1 3
39 0 0 1 0 0 0
1 6 5 2 1 4 3
17 5 4 1 2 6 3
1 2 0 3 0 1 4
65 1 2 0 0 3 4
1 3 2 5 4 1 6
1 4 1 0 0 2 3
1 0 3 2 1 4 0
1 1 3 4 0 0 2
6 2 3 1 0 0 0
8 1 0 0 0 2 3
6 1 2 6 5 3 4
23 4 3 1 2 6 5
4 3 2 0 0 0 1
1 0 4 1 2 3 0
1 0 3 2 0 0 1
11 2 1 3 4 5 6
1 1 2 3 0 4 0
24 0 3 0 0 1 2
1 0 2 3 0 1 0
1 0 0 0 3 2 1
2 2 0 3 1 0 0
2 5 1 6 3 4 2
3 5 4 1 2 3 6
3 3 4 2 1 0 5
1 3 4 5 2 0 1
3 1 3 2 4 6 5
4 0 4 2 1 0 3
1 2 4 3 0 1 5
5 2 3 6 5 1 4
1 3 2 4 1 6 5
4 4 2 3 1 6 5
3 3 1 5 6 2 4
3 5 6 2 1 3 4
1 1 5 2 3 4 0
1 2 1 5 3 0 4
11 2 0 1 0 0 0
1 4 6 2 3 1 5
20 3 4 5 6 1 2
7 2 1 0 3 0 0
2 5 4 1 2 0 3
3 0 2 0 0 0 1
1 2 4 0 0 1 3
9 2 1 4 5 6 3
4 1 0 3 2 0 0
17 4 5 1 2 6 3
1 6 5 3 1 2 4
1 0 2 4 0 1 3
1 2 0 0 1 0 3
4 6 5 4 3 2 1
1 4 1 2 3 0 0
1 6 3 2 1 4 5
1 1 6 5 3 2 4
82 1 2 0 0 3 0
2 1 3 0 2 0 0
5 3 2 1 0 0 0
6 3 4 6 5 1 2
1 6 3 4 2 1 5
17 1 2 6 5 4 3
1 4 2 0 0 3 1
1 6 3 1 2 5 4
7 0 0 1 2 3 0
2 1 4 3 2 0 0
13 2 1 3 0 0 0
2 1 3 2 0 0 0
3 2 1 5 4 0 3
2 4 5 1 2 0 3
217 2 1 0 0 0 0
1 5 4 3 2 1 6
13 4 5 2 1 6 3
2 0 3 1 2 0 4
2 2 0 0 0 0 1
2 0 0 3 1 0 2
1 1 4 6 5 2 3
1 1 4 2 6 5 3
30 1 2 3 4 6 5
35 0 0 1 2 0 3
4 6 5 1 2 3 4
3 0 1 3 0 0 2
1 5 3 4 2 6 1
1 3 1 0 2 0 0
3 1 0 0 2 0 3
14 0 2 0 0 1 3
1 1 6 2 3 4 5
1 1 4 3 2 6 5
10 0 0 0 0 2 1
13 1 2 0 3 0 0
14 1 0 2 0 0 0
3 3 1 0 0 2 0
1 6 1 3 5 2 4
2 4 0 2 1 0 3
1 6 4 3 5 1 2
2 6 4 3 2 1 5
2 0 1 0 0 3 2
1 3 6 1 2 5 4
23 2 3 5 6 1 4
1 1 2 0 3 0 4
9 2 0 0 0 1 3
1 6 1 2 3 4 5
1 3 2 1 4 0 5
