11 Kirkcaldy Central
3 7 728 4564
Blair ALLAN, SNP
Alistair CAMERON, Lab
Graham DUNCAN, Con
Judy HAMILTON, Lab
Zoe HISBENT, SNP
Tao Jack Alexander Ruaridh MACLEOD, Grn
Karen UTTING, SLD
1 1 0 2 0 4 3 0
1 2 3 5 4 1 7 6
1 1 2 7 5 4 6 3
1 1 6 3 7 2 5 4
2 3 2 4 1 5 7 6
1 1 4 0 3 2 5 0
3 2 5 7 6 1 4 3
2 3 2 5 1 4 6 7
1 0 1 0 0 3 0 2
113 0 1 0 2 0 0 3
1 3 2 7 5 4 1 6
1 1 3 0 6 2 4 5
1 6 2 3 1 7 5 4
38 0 2 3 1 0 0 0
2 1 4 7 5 3 2 6
4 0 0 2 1 0 0 0
1 2 1 7 4 3 5 6
3 3 4 0 5 2 1 0
1 2 7 6 5 1 3 4
1 0 2 0 0 3 1 0
1 3 6 0 5 2 1 4
1 7 4 2 1 6 5 3
1 2 1 7 3 5 4 6
1 0 0 0 0 3 2 1
1 0 2 1 4 3 0 5
25 0 1 2 3 0 0 0
3 4 2 7 1 5 3 6
1 1 3 5 4 2 6 7
1 4 1 7 2 5 6 3
2 2 1 0 3 6 4 5
3 1 2 0 3 4 0 0
4 1 5 0 4 2 3 6
1 3 2 0 1 0 0 4
3 6 3 7 1 5 4 2
4 2 6 0 5 1 3 4
1 2 1 3 4 5 0 6
2 2 1 3 4 5 6 7
41 1 3 0 0 2 0 0
1 0 1 4 2 0 5 3
8 2 4 0 5 1 3 0
2 1 0 0 4 2 3 0
1 4 6 7 5 3 1 2
1 4 2 0 1 5 3 6
2 3 0 0 2 0 0 1
1 1 0 0 0 0 3 2
1 0 1 0 3 5 2 4
1 1 3 6 5 2 7 4
1 3 2 0 0 1 4 0
1 2 3 7 1 4 6 5
2 7 5 3 4 6 2 1
1 2 4 6 3 1 7 5
1 3 0 0 1 0 2 0
23 0 1 4 2 0 0 3
8 0 0 0 1 0 2 0
2 1 4 7 5 2 6 3
1 5 1 0 2 0 3 4
1 2 1 7 6 4 3 5
1 3 2 6 1 4 5 7
2 2 6 7 4 3 1 5
7 0 2 0 3 0 0 1
1 5 2 6 1 7 3 4
1 0 0 0 0 1 3 2
8 1 4 7 5 2 3 6
2 0 2 4 1 0 5 3
3 0 3 0 0 0 2 1
18 3 0 0 0 1 2 0
1 4 1 5 2 6 3 7
44 0 2 1 3 0 0 0
1 2 3 0 0 0 0 1
2 4 2 1 5 6 7 3
1 3 1 4 5 7 6 2
1 0 1 0 0 2 3 0
1 3 1 0 2 4 5 0
3 7 2 5 1 6 3 4
2 0 0 0 1 0 2 3
1 0 0 4 0 1 3 2
1 6 3 7 4 5 1 2
2 2 6 7 4 1 3 5
1 2 0 0 3 0 1 0
1 4 0 5 3 0 1 2
7 0 3 0 1 0 2 0
1 3 4 7 1 5 2 6
1 5 6 0 4 3 1 2
1 5 2 7 1 4 3 6
1 4 5 0 2 3 1 0
1 1 2 0 4 3 0 5
1 1 6 4 7 2 3 5
1 1 3 5 4 2 6 0
2 1 2 5 4 3 6 7
1 1 2 3 4 5 6 7
3 1 0 2 3 0 0 0
1 0 4 0 3 1 2 0
1 1 5 2 4 3 7 6
1 4 1 0 2 5 0 3
1 3 2 1 4 5 6 0
1 5 2 7 3 1 4 6
1 4 2 3 1 5 7 6
10 3 1 0 2 4 0 0
1 6 7 1 4 5 2 3
7 1 0 3 0 2 0 0
3 0 2 0 0 1 0 0
29 0 0 1 2 0 0 0
1 2 1 0 3 4 0 5
1 6 5 2 4 7 1 3
12 1 6 7 5 2 3 4
1 2 7 4 6 1 3 5
1 2 1 5 4 3 6 7
1 1 2 4 3 0 0 0
2 5 3 1 2 6 7 4
1 2 3 4 7 1 5 6
1 3 4 5 1 2 7 6
2 6 3 7 2 5 1 4
2 0 4 2 1 0 0 3
1 7 4 1 3 6 5 2
2 3 2 0 4 1 0 0
1 2 4 6 1 3 7 5
2 7 5 1 4 6 3 2
1 1 3 0 0 4 2 0
1 1 3 0 0 2 4 0
18 1 0 0 0 3 2 0
1 1 4 5 2 3 6 7
1 1 0 0 5 2 3 4
1 6 1 7 2 3 5 4
1 0 0 0 2 0 1 3
1 0 3 0 2 0 1 4
8 0 1 0 0 0 0 2
45 1 0 0 0 0 0 0
25 0 2 1 0 0 0 0
2 0 0 0 2 0 3 1
3 3 4 7 2 1 5 6
1 3 5 7 6 4 1 2
1 0 0 0 2 1 0 3
40 0 2 0 1 0 3 0
6 4 2 0 1 3 0 0
1 3 1 0 0 0 2 0
1 0 0 3 0 0 1 2
1 7 1 5 2 6 4 3
1 7 3 1 4 6 5 2
1 5 4 1 2 6 7 3
1 7 2 4 1 6 3 5
1 1 3 4 6 2 0 5
1 4 2 0 1 0 3 0
1 4 1 5 2 3 7 6
1 1 6 7 3 2 4 5
289 0 1 0 2 0 0 0
2 1 5 0 2 4 3 0
1 1 6 5 7 2 4 3
2 3 2 0 1 4 5 0
1 5 3 7 4 2 1 6
7 0 2 0 1 0 3 4
1 0 2 1 4 0 0 3
1 1 3 7 5 4 6 2
1 5 1 4 3 6 2 7
1 0 1 0 2 4 3 0
1 2 0 0 4 3 1 0
1 0 0 0 1 3 2 0
1 1 0 4 0 2 3 0
1 1 5 3 6 2 7 4
3 0 0 0 1 2 3 0
4 0 0 3 1 0 0 2
1 0 3 4 1 0 0 2
11 0 3 2 1 0 0 0
1 3 1 5 2 4 6 7
4 1 3 7 4 2 6 5
4 6 1 3 2 7 5 4
4 0 0 0 0 3 1 2
3 6 1 4 2 7 5 3
1 0 0 0 3 2 1 4
1 1 0 0 3 2 0 4
2 2 4 0 1 3 0 0
1 2 4 3 7 1 6 5
1 0 0 0 3 2 0 1
2 0 2 3 1 0 5 4
3 0 0 3 1 2 0 0
3 1 4 0 0 2 3 0
1 6 3 2 1 4 5 7
1 1 0 0 4 3 2 0
1 4 3 7 1 2 5 6
3 0 0 0 2 3 1 0
1 6 1 3 2 7 4 5
2 1 3 5 4 2 0 0
1 2 3 0 5 1 6 4
1 5 1 7 2 6 4 3
8 0 0 0 2 1 0 0
2 0 4 0 3 0 2 1
1 0 4 3 1 0 0 2
1 6 2 4 3 5 7 1
1 0 1 0 0 0 2 0
1 1 2 6 4 3 7 5
4 0 0 1 0 3 0 2
3 1 4 7 3 2 6 5
2 2 3 7 4 1 6 5
1 7 6 5 2 1 3 4
1 0 0 1 0 2 3 0
10 0 3 1 4 0 0 2
1 2 4 7 1 6 3 5
1 3 2 0 0 4 1 0
1 0 2 4 3 0 5 1
1 2 1 6 4 3 7 5
1 1 6 7 2 3 4 5
1 0 1 5 2 6 4 3
4 0 3 0 2 0 1 0
3 4 2 0 1 3 5 0
8 0 0 1 0 0 2 3
1 3 4 6 5 2 1 7
8 0 0 0 1 2 0 0
2 2 5 0 4 3 1 6
2 7 6 2 4 5 3 1
1 1 2 0 5 3 6 4
1 1 2 7 3 6 5 4
250 1 0 0 0 2 0 0
7 0 1 3 0 0 0 2
5 1 4 7 3 2 5 6
1 1 5 6 4 2 3 0
4 7 2 4 1 6 5 3
4 7 1 4 2 6 5 3
2 0 0 0 1 3 0 2
8 2 0 0 0 1 0 3
1 3 1 7 4 2 5 6
42 0 3 1 2 0 0 0
2 5 1 7 2 4 3 6
1 7 3 4 2 6 5 1
1 6 2 7 1 5 3 4
7 4 2 7 1 3 5 6
1 2 5 0 6 3 1 4
3 1 3 0 0 0 2 0
1 1 3 7 5 2 4 6
1 1 5 3 7 2 4 6
1 3 0 0 2 5 1 4
46 0 1 0 0 0 0 0
1 3 0 1 0 2 0 0
1 1 4 6 5 2 7 3
1 2 4 0 1 3 0 5
37 0 2 3 1 0 0 4
1 1 5 7 4 3 2 6
1 0 0 2 1 3 0 0
15 0 0 0 0 1 0 0
2 2 1 7 3 4 5 6
3 7 2 5 1 6 4 3
3 2 1 0 0 0 3 0
1 4 3 7 2 1 5 6
1 5 2 0 4 1 3 0
1 2 4 0 3 1 6 5
1 1 3 7 6 2 5 4
1 6 2 3 1 7 4 5
1 7 4 1 5 6 3 2
1 2 0 1 0 3 0 4
1 5 2 0 1 4 3 6
1 0 4 1 5 0 3 2
5 0 1 0 3 2 0 0
1 3 2 4 1 0 0 0
2 0 2 0 1 4 0 3
1 7 2 4 1 5 6 3
4 0 1 5 2 0 4 3
19 2 0 0 0 3 1 0
1 0 1 0 2 4 0 3
1 2 7 1 5 3 6 4
3 0 1 0 0 0 3 2
1 6 7 2 1 5 4 3
2 0 2 3 0 0 0 1
4 0 0 0 1 0 0 2
1 1 7 6 5 4 2 3
1 0 4 0 3 0 1 2
1 7 4 2 3 6 5 1
2 0 3 0 0 2 1 0
2 5 2 0 4 3 1 6
3 1 0 0 0 3 2 4
1 4 1 0 3 5 2 6
2 1 2 0 0 0 3 0
1 0 2 0 3 0 1 4
2 1 3 5 4 2 7 6
1 2 5 6 7 1 3 4
1 1 4 0 5 3 2 0
1 2 7 6 5 4 3 1
2 0 0 0 1 2 0 3
1 1 6 0 5 3 2 4
1 0 3 1 4 0 5 2
1 5 4 1 3 6 7 2
1 2 1 5 3 4 6 7
1 7 1 6 2 5 3 4
1 2 0 0 1 0 0 3
1 6 1 0 3 2 4 5
7 2 0 0 1 3 0 0
1 2 0 1 0 3 4 0
3 1 2 0 0 0 0 3
3 2 0 1 0 0 3 0
1 3 2 6 7 4 1 5
1 0 2 1 0 0 3 0
1 5 2 1 3 6 7 4
1 6 3 0 4 5 1 2
1 4 6 1 3 5 0 2
1 4 2 3 1 0 0 0
1 5 0 1 0 3 2 4
8 1 2 0 0 0 0 0
2 4 1 7 2 3 5 6
1 0 3 0 1 0 2 4
1 0 0 0 3 1 0 2
1 2 0 0 0 3 1 4
307 0 2 0 1 0 0 0
3 3 5 0 4 2 1 6
1 6 1 7 5 3 4 2
1 3 2 0 1 4 5 6
1 2 1 0 0 0 0 3
21 0 0 0 0 0 0 1
5 0 3 0 1 2 0 0
1 6 4 1 3 5 0 2
5 0 3 0 2 1 0 0
1 1 2 0 6 5 3 4
1 5 1 0 2 4 6 3
16 0 0 1 2 0 0 3
1 2 3 1 5 4 6 7
5 0 0 0 0 0 2 1
5 2 3 0 1 0 0 0
2 3 1 0 2 4 5 6
1 3 2 1 5 6 7 4
2 2 1 0 4 3 0 0
5 0 0 3 2 0 0 1
1 4 3 0 1 2 0 0
1 1 0 4 3 2 0 0
1 4 3 0 0 1 2 0
1 1 5 0 4 2 3 0
2 1 3 0 0 0 0 2
1 1 2 7 3 5 4 6
58 0 1 0 2 0 3 0
12 1 0 0 0 2 0 3
5 1 3 0 4 2 5 0
6 2 1 0 3 4 0 0
1 5 1 0 2 0 4 3
6 0 3 0 2 0 0 1
1 0 1 4 2 0 3 5
1 3 1 0 2 0 4 0
3 6 2 5 1 7 4 3
1 2 5 7 6 3 1 4
1 1 4 0 5 3 2 6
7 1 0 0 2 0 0 0
1 6 3 1 2 7 4 5
1 5 2 3 1 7 6 4
5 1 6 5 7 2 3 4
1 3 1 4 5 2 6 7
2 0 2 0 3 1 0 0
1 4 0 1 0 3 2 0
3 2 4 6 3 1 5 7
1 0 3 2 4 0 0 1
2 3 4 0 1 2 0 0
1 0 2 0 0 0 1 3
1 5 3 0 2 4 1 0
1 0 4 0 2 3 1 5
1 2 1 6 0 3 4 5
1 4 3 7 5 6 1 2
1 5 6 1 3 7 2 4
1 5 2 0 3 6 1 4
1 7 4 5 2 6 1 3
1 4 2 0 1 3 0 5
4 0 2 0 1 0 4 3
1 2 5 6 3 1 7 4
3 0 0 2 0 0 3 1
53 0 0 0 1 0 0 0
6 0 4 1 3 0 0 2
1 1 4 0 0 2 3 5
2 3 6 7 4 1 2 5
1 1 2 7 4 3 5 6
7 0 0 0 0 0 1 2
1 2 5 7 4 3 1 6
4 0 1 3 2 0 5 4
8 0 1 2 0 0 0 0
5 1 4 0 5 2 3 0
2 2 4 0 3 1 5 6
1 1 2 0 4 3 5 6
1 6 1 5 4 7 3 2
1 2 3 1 6 4 5 0
1 5 1 3 2 7 6 4
5 0 3 2 1 0 0 4
1 2 3 0 0 1 4 0
1 4 1 0 0 2 0 3
1 5 2 7 1 4 6 3
6 2 0 0 4 1 3 0
2 2 1 0 0 3 4 0
2 1 2 0 4 3 5 0
5 0 1 0 0 2 0 0
3 2 0 0 1 0 0 0
1 3 0 1 0 0 0 2
2 1 0 2 0 0 3 0
2 6 1 5 2 7 3 4
1 1 5 0 3 4 2 0
75 0 1 3 2 0 0 0
1 1 6 7 4 2 3 5
2 0 0 3 2 1 0 0
1 3 0 0 0 1 2 4
1 0 3 2 0 0 0 1
52 1 0 0 3 2 0 0
1 1 3 5 4 2 0 6
2 3 2 0 0 1 0 0
1 4 0 0 0 3 2 1
3 2 0 0 3 1 4 0
1 1 2 5 6 7 3 4
2 1 3 7 2 4 5 6
1 6 3 2 4 5 1 0
9 1 4 0 3 2 0 0
5 0 2 0 3 0 1 0
1 4 0 0 3 1 2 5
1 5 2 4 1 7 6 3
4 7 2 3 1 6 5 4
2 6 5 1 4 7 3 2
2 4 3 0 1 2 5 0
1 2 7 6 1 3 5 4
1 2 7 1 6 3 4 5
5 3 0 0 2 1 0 0
1 0 0 5 2 1 3 4
9 2 0 0 0 1 3 4
2 6 1 0 2 5 3 4
1 3 6 7 5 2 1 4
3 3 4 0 0 2 1 0
1 2 4 0 1 0 3 0
2 2 3 0 5 4 1 0
1 0 2 5 1 0 4 3
9 0 3 1 0 0 0 2
5 0 0 2 0 0 0 1
1 3 5 0 4 1 2 0
1 1 4 2 5 6 7 3
3 1 0 2 0 3 0 0
1 2 1 4 3 5 0 0
1 3 4 6 2 1 7 5
1 3 2 0 1 4 0 5
1 4 1 7 2 3 6 5
1 6 1 7 2 5 4 3
1 1 2 0 3 5 0 4
1 4 0 0 5 1 2 3
1 0 2 4 3 0 0 1
4 6 1 7 2 5 3 4
1 1 0 0 0 3 0 2
4 1 5 7 6 2 4 3
6 2 1 0 0 3 0 0
6 0 1 0 2 0 3 4
1 0 2 1 3 0 4 0
1 5 2 3 1 4 7 6
3 3 5 7 4 2 1 6
1 1 4 3 5 2 7 6
1 4 2 0 5 1 3 6
1 3 4 0 2 1 0 5
1 1 4 0 0 0 3 2
2 5 1 7 2 6 3 4
12 0 1 2 0 0 0 3
9 2 5 0 4 1 3 0
1 4 1 3 2 5 7 6
5 0 0 1 0 0 2 0
24 3 0 0 0 2 1 0
1 3 2 0 1 0 4 0
1 4 1 2 5 6 3 7
1 7 2 6 1 5 4 3
1 2 4 7 3 1 6 5
1 3 6 7 5 2 4 1
1 2 0 0 0 0 0 1
3 6 2 7 1 5 4 3
1 1 3 4 7 2 5 6
3 1 2 3 0 0 0 0
1 3 0 0 1 2 0 0
1 3 2 1 4 5 7 6
4 0 0 0 2 0 0 1
9 2 5 7 6 1 3 4
5 0 0 0 0 1 2 0
2 3 0 1 2 0 0 0
1 1 0 0 0 0 2 3
1 5 4 1 3 7 6 2
1 1 4 0 2 3 0 0
1 1 2 5 3 4 6 7
1 0 1 2 3 0 5 4
22 2 3 0 0 1 0 0
1 5 4 0 3 2 1 0
1 0 1 4 2 3 0 0
3 7 1 6 2 5 4 3
3 3 2 7 1 4 5 6
1 4 1 0 2 3 5 0
1 2 0 0 3 1 4 5
6 3 4 7 5 2 1 6
2 1 5 0 6 2 3 4
1 7 1 2 3 6 5 4
1 2 5 4 6 3 7 1
11 7 1 3 2 6 5 4
7 1 5 7 4 2 3 6
3 1 6 7 5 3 2 4
11 0 2 4 1 0 0 3
1 2 5 0 3 1 4 6
1 7 3 5 2 6 4 1
1 1 2 7 5 3 4 6
6 3 2 0 1 4 0 0
1 3 7 1 5 4 2 6
1 1 2 0 4 0 3 0
1 5 3 0 2 4 1 6
11 1 0 0 0 2 3 4
1 7 5 2 4 6 3 1
1 0 0 3 4 0 2 1
1 0 0 0 4 3 1 2
3 0 0 0 2 0 1 0
1 3 4 5 2 1 0 0
1 6 1 0 2 5 4 3
1 1 3 6 4 2 7 5
1 4 5 0 1 3 6 2
1 0 0 1 0 2 0 3
1 1 5 7 6 3 2 4
1 7 1 2 4 6 5 3
201 2 0 0 0 1 0 0
1 6 4 5 3 0 1 2
1 4 2 5 1 3 6 7
1 3 2 7 1 6 4 5
9 7 3 1 2 6 5 4
1 0 1 5 2 0 3 4
1 3 0 0 2 1 4 0
1 4 2 6 1 3 7 5
5 0 4 2 3 0 0 1
25 0 0 0 0 0 1 0
1 1 5 0 6 2 4 3
5 0 4 1 2 0 0 3
8 2 3 7 4 1 5 6
4 0 0 0 3 1 2 0
2 2 0 0 0 1 4 3
1 1 2 0 4 3 6 5
109 0 2 0 1 0 0 3
4 1 0 0 0 0 2 0
1 6 2 5 1 4 3 7
1 0 1 2 0 4 3 0
2 4 2 0 3 1 5 6
1 0 1 2 3 0 4 5
1 4 3 7 5 1 2 6
2 0 0 0 2 1 3 0
1 3 4 0 2 1 5 6
189 0 0 1 0 0 0 0
3 0 0 0 3 0 1 2
1 0 1 5 4 0 3 2
1 4 0 0 3 2 1 0
7 1 2 7 3 4 5 6
2 0 4 0 3 2 1 0
1 6 2 1 3 7 5 4
1 2 3 0 4 1 5 6
3 7 3 2 4 6 5 1
14 1 3 7 4 2 5 6
1 0 0 0 0 1 2 3
1 4 0 0 1 2 3 0
2 2 3 1 0 0 0 0
1 3 4 5 1 6 2 7
203 1 0 0 0 2 3 0
11 0 2 1 0 0 0 3
1 6 4 1 5 7 3 2
1 1 2 3 0 4 0 0
1 1 4 0 3 6 2 5
2 0 2 0 3 0 4 1
1 0 3 0 0 1 2 0
9 0 3 0 1 0 0 2
1 4 6 7 3 1 5 2
1 1 7 6 2 3 4 5
1 3 5 0 6 2 1 4
1 3 1 0 4 2 0 0
2 0 0 0 0 2 1 3
3 1 4 7 6 2 3 5
3 0 1 3 4 0 0 2
1 0 2 3 4 0 0 1
11 2 6 7 5 1 3 4
2 1 3 7 6 2 4 5
1 7 4 2 5 6 1 3
1 4 2 7 1 6 5 3
2 4 2 5 1 3 7 6
1 1 2 0 5 3 4 6
1 3 6 1 7 4 5 2
1 2 0 3 1 0 0 0
1 4 5 7 6 3 1 2
1 2 6 3 7 1 5 4
1 1 2 7 5 6 3 4
2 1 3 0 4 2 5 6
2 3 4 0 2 1 0 0
1 6 2 4 1 7 5 3
1 4 1 0 3 2 0 0
2 1 4 0 3 2 5 6
1 6 4 1 3 5 7 2
1 2 1 5 7 3 4 6
1 1 5 3 6 2 0 4
1 2 6 3 5 1 7 4
16 0 0 1 0 0 3 2
18 3 2 0 1 0 0 0
2 2 3 0 1 4 0 0
1 3 4 0 1 2 5 0
1 0 1 0 0 0 2 3
1 5 3 7 2 4 6 1
8 4 1 0 2 3 0 0
12 2 5 7 4 1 3 6
2 2 4 0 3 1 5 0
1 5 2 4 1 3 6 7
18 1 0 0 2 3 0 0
1 2 4 1 0 3 5 6
2 0 2 4 1 0 3 0
1 2 6 0 5 1 4 3
1 2 0 0 4 1 0 3
9 2 3 0 4 1 0 0
1 0 0 2 3 4 0 1
1 0 0 0 4 1 3 2
1 4 0 0 2 3 1 0
1 3 0 0 0 2 1 4
37 0 2 0 1 3 0 0
7 2 1 0 3 0 0 0
15 2 4 0 3 1 0 0
2 7 2 1 3 6 4 5
1 2 5 7 3 1 4 6
1 3 5 1 6 4 7 2
1 1 2 0 5 4 3 0
3 0 2 0 0 0 1 0
2 2 4 0 0 1 3 0
3 0 2 1 3 0 5 4
1 1 3 4 2 5 6 7
1 3 2 0 4 0 0 1
1 3 6 0 4 1 2 5
1 1 5 0 4 2 6 3
1 1 2 0 5 4 3 6
1 2 3 7 5 1 4 6
3 1 0 0 0 2 4 3
4 2 6 7 5 1 4 3
6 1 3 6 4 2 5 7
1 3 2 4 1 5 6 7
1 4 6 0 1 3 2 5
1 6 2 0 1 5 3 4
2 2 0 0 1 0 3 0
1 7 5 1 3 6 4 2
1 1 4 2 6 3 5 7
1 1 3 6 2 5 4 7
3 0 2 0 0 0 0 1
1 4 1 0 3 5 2 0
1 3 5 7 2 1 4 6
14 1 5 7 6 2 3 4
1 3 1 2 7 5 6 4
1 1 4 0 5 2 6 3
7 0 1 0 3 0 0 2
2 5 1 3 2 6 7 4
1 2 1 4 5 3 6 7
15 1 2 0 0 3 0 0
8 1 3 0 2 0 0 0
1 5 2 4 1 6 0 3
1 0 4 0 2 1 3 0
11 0 1 0 2 3 0 0
2 5 2 0 1 4 3 0
7 2 4 7 3 1 5 6
1 3 2 1 0 0 0 0
1 6 2 5 1 7 3 4
2 3 4 0 5 2 1 6
1 5 3 7 6 4 1 2
1 5 1 3 2 0 4 0
1 6 4 0 3 5 1 2
1 7 5 3 4 6 1 2
1 0 0 0 0 1 0 2
25 0 2 1 3 0 0 4
3 3 4 7 1 2 5 6
8 0 1 0 2 0 4 3
14 2 4 7 5 1 3 6
2 0 1 2 4 0 0 3
1 1 3 0 0 2 4 5
3 1 7 3 6 2 5 4
3 0 1 0 3 0 2 4
1 0 0 3 0 0 2 1
14 0 3 1 2 0 0 4
20 0 0 1 3 0 0 2
1 0 1 0 0 3 2 4
3 7 2 1 3 6 5 4
9 0 1 2 3 0 0 4
2 1 3 0 2 4 0 0
1 7 1 4 2 3 5 6
1 2 3 1 4 7 6 5
1 2 4 7 5 3 6 1
1 1 6 4 7 2 5 3
2 1 3 2 0 0 0 0
1 2 3 7 5 1 6 4
1 0 0 0 2 3 0 1
1 3 5 0 4 1 2 6
1 4 5 7 3 2 1 6
7 3 1 7 2 4 5 6
1 1 4 5 6 2 7 3
1 4 7 6 3 5 2 1
6 2 1 0 0 0 0 0
1 4 1 0 2 0 3 0
2 2 0 0 0 0 1 0
38 2 0 0 3 1 0 0
3 0 1 4 3 0 0 2
1 2 4 0 5 3 1 6
1 2 0 0 0 0 1 3
1 2 0 0 0 4 1 3
5 0 0 1 2 0 3 0
1 2 3 0 1 4 5 0
1 3 4 0 5 1 6 2
21 3 1 0 2 0 0 0
1 1 0 0 0 4 3 2
1 3 4 0 1 0 2 0
1 0 2 0 0 0 3 1
1 2 5 6 4 1 7 3
3 1 0 0 2 0 3 0
2 1 4 0 5 2 3 6
13 1 3 0 4 2 0 0
2 2 5 0 4 1 3 6
4 0 0 0 0 2 1 0
2 0 2 0 0 1 3 0
2 1 3 4 5 2 6 7
7 1 2 0 3 0 0 0
5 1 0 0 3 0 2 0
1 2 3 0 4 1 0 5
2 1 0 2 0 0 0 0
2 6 4 5 3 7 1 2
1 0 3 0 0 0 1 2
1 4 2 0 1 3 5 6
3 3 1 0 0 2 0 0
1 1 3 0 4 2 6 5
1 1 6 0 5 2 3 4
44 0 1 3 2 0 0 4
1 6 3 7 4 5 2 1
2 2 3 0 4 1 5 0
1 3 6 0 5 1 2 4
1 1 2 7 4 6 3 5
1 4 0 0 1 3 2 0
1 2 1 0 3 4 5 6
1 0 1 2 3 4 0 0
1 3 0 0 2 4 1 0
2 2 3 7 1 4 5 6
1 3 2 0 5 1 4 0
1 2 4 6 1 3 5 7
1 1 6 7 5 2 4 3
1 0 3 0 4 1 2 0
1 6 2 7 1 4 3 5
61 0 0 1 0 0 0 2
2 3 0 0 2 0 1 0
160 2 0 0 0 1 3 0
7 0 0 2 1 0 0 3
1 3 5 7 6 2 1 4
3 0 0 0 3 0 2 1
1 1 7 6 4 3 2 5
1 6 5 3 4 7 1 2
