1 Trossachs and Teith
3 8 991 5372
Martin EARL, Con
Wendy FAULKNER, Grn
Josh HAMILTON, Lab
Dolores HUGHES, SFP
Gene MAXWELL, SNP
Galen MILNE, SLD
John WATSON, SNP
Elaine WATTERSON, Con
1 1 5 3 8 7 4 6 2
2 3 1 0 0 0 0 2 0
2 1 2 0 0 4 0 3 0
2 6 1 4 8 3 5 2 7
1 3 2 4 8 5 1 7 6
3 2 0 1 0 3 0 0 0
22 0 1 0 0 3 0 2 0
1 6 1 4 7 2 5 3 8
1 1 0 4 2 0 0 0 3
1 4 2 1 0 0 3 0 0
1 0 1 0 2 0 0 3 0
1 7 1 0 5 2 4 3 6
6 0 2 3 0 0 1 0 0
3 0 2 0 0 3 1 0 0
2 0 0 2 1 0 0 0 0
1 0 4 0 0 1 0 2 3
1 2 5 4 6 0 3 0 1
1 2 5 1 6 7 4 8 3
1 0 2 3 1 0 0 0 0
1 3 2 5 8 1 6 4 7
5 7 5 3 6 1 4 2 8
1 1 0 0 0 2 5 4 3
1 2 4 6 5 0 3 0 1
1 7 2 1 8 5 3 4 6
6 0 0 0 0 2 0 1 3
2 3 0 4 0 1 0 2 0
1 6 5 3 0 1 4 2 7
1 0 0 0 0 3 2 1 0
33 1 0 3 0 0 4 0 2
1 8 3 1 4 7 2 6 5
1 0 1 2 0 0 3 0 4
1 7 5 3 8 1 4 2 6
1 8 3 1 6 4 2 5 7
1 0 1 2 3 0 0 0 0
1 6 3 4 0 2 5 1 0
6 8 3 4 6 1 5 2 7
1 1 5 6 3 0 4 0 2
1 1 3 0 4 0 5 0 2
1 4 3 5 0 1 6 2 7
1 4 3 5 0 2 6 1 0
1 1 5 0 0 2 4 3 0
1 2 1 6 8 3 7 4 5
11 0 4 3 0 1 0 2 0
1 0 2 1 4 0 3 0 0
1 0 2 0 4 3 0 1 0
3 1 3 0 0 2 0 0 0
2 1 0 0 0 0 3 2 0
1 4 2 3 1 5 7 8 6
3 0 5 1 0 2 4 3 0
2 1 3 5 8 6 4 7 2
1 6 5 4 8 2 3 1 7
1 1 4 7 8 5 3 6 2
1 0 4 1 0 2 5 3 0
1 4 1 3 0 0 2 0 0
1 7 4 3 6 1 5 2 8
1 2 6 3 5 1 7 4 8
12 0 0 0 0 1 3 2 0
12 0 0 0 0 0 0 0 1
2 1 0 3 4 0 0 0 2
1 2 7 6 8 3 5 1 4
1 0 3 0 0 0 2 1 0
1 1 2 5 6 3 7 4 8
1 3 0 1 5 0 2 0 4
1 1 6 4 5 7 2 8 3
1 1 2 6 8 3 5 4 7
11 3 0 1 0 0 0 0 2
2 1 4 5 0 0 3 0 2
3 0 2 4 0 3 0 1 0
1 1 6 5 3 0 4 0 2
2 7 3 6 5 2 4 1 8
1 7 1 2 8 5 3 4 6
1 0 2 0 0 1 4 3 0
3 2 3 0 0 0 0 1 0
1 0 2 1 3 0 0 0 0
1 0 3 4 6 2 5 1 0
1 2 5 4 6 7 3 8 1
3 1 4 5 6 7 3 8 2
1 4 2 7 5 3 6 1 8
5 0 0 2 0 1 0 3 0
9 2 0 0 0 0 1 0 3
1 3 5 1 0 0 2 0 4
1 3 1 0 0 4 0 2 0
1 4 3 6 0 2 5 1 7
1 1 7 6 5 3 8 4 2
1 0 3 0 0 0 2 0 1
1 1 5 6 7 2 8 4 3
1 7 6 5 8 1 3 2 4
1 0 1 0 0 2 3 0 0
1 0 1 2 0 0 0 0 3
1 1 5 4 6 8 3 7 2
1 2 1 3 0 6 4 5 0
1 0 0 4 0 1 3 2 0
1 1 4 2 6 7 3 8 5
1 0 0 2 0 1 3 0 0
1 7 2 3 1 5 6 4 8
1 1 5 2 4 0 3 0 0
1 3 0 2 0 0 4 1 0
1 7 2 4 6 3 5 1 8
1 1 0 5 3 0 4 0 2
5 8 3 4 5 1 6 2 7
7 2 0 3 0 0 4 0 1
2 0 3 0 5 1 4 2 0
1 1 5 4 0 7 3 6 2
1 0 3 0 1 0 2 0 0
1 5 6 7 3 1 4 2 8
1 1 3 2 6 7 5 8 4
1 1 4 6 0 3 5 2 0
2 0 0 0 0 1 0 3 2
1 4 3 2 8 6 5 1 7
1 2 4 5 8 1 7 3 6
10 0 4 3 0 1 5 2 0
2 0 0 2 3 0 1 0 0
1 6 3 4 0 1 5 2 7
1 1 2 5 6 4 7 3 8
1 8 3 6 5 1 4 2 7
1 1 2 0 0 0 3 4 5
1 8 5 4 6 2 3 1 7
5 1 0 4 3 0 0 0 2
1 3 0 4 0 2 0 1 0
1 3 8 4 7 1 6 2 5
1 3 4 5 0 2 1 0 0
1 8 3 6 5 1 2 4 7
1 1 0 2 0 3 4 5 0
1 5 6 1 4 7 2 8 3
2 5 4 1 3 8 2 7 6
1 5 1 6 3 7 2 8 4
1 1 5 4 0 0 2 0 3
3 0 4 0 0 2 3 1 0
3 1 0 2 3 0 0 0 0
1 4 2 3 0 1 0 5 0
8 0 0 0 0 1 0 2 3
1 3 1 2 4 6 5 7 8
1 1 5 3 4 8 2 7 6
1 1 0 0 0 4 3 5 2
2 1 6 4 5 8 3 7 2
1 0 1 2 0 0 4 3 0
1 3 1 4 8 7 2 6 5
2 7 1 4 8 2 5 3 6
1 2 7 3 6 5 8 4 1
1 2 5 4 0 0 3 0 1
1 0 0 0 0 1 3 2 4
1 1 3 7 4 8 5 6 2
6 1 6 4 5 7 3 8 2
1 6 1 4 8 2 5 3 7
1 3 4 7 8 2 6 1 5
1 8 4 3 5 1 6 2 7
1 1 8 2 7 6 3 5 4
1 0 2 3 0 1 0 4 0
1 1 3 2 5 4 6 8 7
1 1 0 3 0 2 0 0 0
1 6 4 3 8 1 5 2 7
1 0 1 4 0 0 3 2 0
5 1 0 0 3 0 4 0 2
9 0 2 0 0 1 0 0 0
4 0 0 1 2 0 0 0 0
3 1 8 4 5 7 3 6 2
6 7 3 5 8 1 4 2 6
1 3 6 4 8 2 7 1 5
1 1 6 5 3 7 2 8 4
1 5 3 4 0 1 0 2 0
1 1 2 4 5 3 6 7 8
1 3 4 6 7 2 5 1 8
2 2 4 0 0 3 0 1 0
1 5 3 6 8 1 4 2 7
1 1 4 8 5 7 3 6 2
1 5 3 0 6 1 0 2 4
1 0 1 3 0 2 6 4 5
1 4 5 2 0 0 1 0 3
1 1 5 7 6 3 8 4 2
5 0 1 4 0 2 5 3 0
4 1 0 4 3 0 5 0 2
1 7 3 5 4 1 6 2 8
1 5 3 2 8 4 1 6 7
1 1 5 4 2 0 6 0 3
1 1 8 3 5 6 2 7 4
1 1 0 0 0 3 2 0 0
1 4 2 3 8 7 1 6 5
3 1 4 5 8 6 3 7 2
3 0 0 1 0 3 2 0 0
1 0 4 2 0 1 5 3 0
1 7 4 1 6 2 5 3 8
1 1 7 4 8 5 2 6 3
1 3 2 1 0 4 6 5 0
1 1 3 2 0 0 4 0 0
5 4 3 0 0 2 0 1 0
4 0 1 0 0 0 0 2 0
2 2 1 3 0 0 4 0 0
1 0 1 3 0 6 2 5 4
1 5 3 2 8 1 6 4 7
1 0 0 3 0 2 0 0 1
132 1 0 0 0 0 0 0 0
1 1 4 2 0 0 3 0 0
16 0 2 1 0 0 0 0 0
2 0 1 4 0 3 5 2 0
3 0 0 3 0 2 4 1 0
7 0 4 0 0 1 3 2 0
1 1 3 2 4 5 6 7 8
2 3 7 1 8 5 2 6 4
1 1 4 5 6 2 7 3 8
1 0 2 5 0 3 4 1 0
4 3 1 0 0 0 2 0 0
2 1 5 3 6 0 4 0 2
4 3 4 0 0 1 5 2 0
1 3 4 5 8 1 6 2 7
1 1 3 4 6 8 5 7 2
1 2 3 6 5 7 4 8 1
3 0 0 3 0 0 1 2 0
1 1 6 5 4 7 2 0 3
1 1 4 8 6 5 3 7 2
1 7 1 2 6 3 5 4 8
1 1 6 5 3 8 4 7 2
2 2 3 1 0 0 0 0 4
1 0 1 3 0 0 4 2 0
1 0 2 0 0 1 3 4 0
2 4 0 1 0 0 3 0 2
1 0 3 0 5 2 4 1 0
5 7 3 5 6 2 4 1 8
3 0 1 0 2 0 0 0 0
1 2 0 1 0 5 0 4 3
1 1 2 4 0 3 0 0 0
1 6 7 8 4 1 5 2 3
1 2 1 0 0 4 5 3 0
28 2 0 0 0 0 3 0 1
1 0 2 4 0 1 5 3 0
1 7 1 5 8 3 2 4 6
1 0 3 5 6 1 4 2 0
1 3 2 5 0 1 0 4 0
1 4 5 6 7 2 8 1 3
1 4 3 5 6 7 1 8 2
36 1 0 4 0 0 3 0 2
1 4 3 1 0 0 2 0 5
2 0 3 2 0 1 0 0 0
1 0 3 2 1 0 0 0 0
5 6 3 4 8 2 5 1 7
2 1 2 0 0 3 5 4 0
1 6 3 5 0 2 4 1 7
1 8 1 2 5 4 6 3 7
1 0 0 0 0 3 1 2 0
5 2 0 3 5 0 4 0 1
1 2 3 4 1 7 5 8 6
6 0 0 0 3 2 0 1 0
18 2 0 1 0 0 0 0 3
18 1 0 0 0 0 2 0 3
1 0 3 2 0 4 0 1 0
3 6 1 5 8 2 4 3 7
2 1 3 5 6 7 4 8 2
1 3 4 6 0 2 5 1 0
3 0 2 1 0 4 0 3 0
3 0 4 1 0 3 0 2 0
1 5 0 1 0 4 0 2 3
1 5 3 1 8 6 2 4 7
22 0 0 3 0 2 0 1 0
1 0 0 0 2 1 0 0 0
1 0 3 1 0 2 4 5 0
1 1 4 5 6 8 3 7 2
1 1 7 5 8 4 6 3 2
1 8 3 5 7 1 4 2 6
1 1 0 2 3 0 4 0 0
1 2 3 4 5 6 7 8 1
2 0 3 5 6 2 4 1 0
6 1 0 0 0 2 0 0 3
10 0 1 0 0 0 2 0 0
1 0 3 1 0 2 5 4 0
5 0 0 1 0 3 0 2 0
1 1 4 2 8 3 6 5 7
30 0 3 1 0 0 2 0 0
1 1 0 3 0 0 4 2 0
1 7 3 1 8 4 2 6 5
1 0 0 1 0 2 3 0 0
1 0 0 1 3 4 2 0 0
1 2 1 3 8 4 5 6 7
1 1 5 7 8 3 6 4 2
1 1 2 6 8 4 3 5 7
1 1 3 6 4 0 5 0 2
2 3 0 2 0 0 0 1 0
1 2 6 3 4 7 5 8 1
1 0 3 0 2 0 1 0 0
1 8 6 1 4 2 5 3 7
2 3 6 1 5 7 2 8 4
1 1 5 0 0 2 0 3 4
2 1 3 5 0 2 4 0 0
1 6 1 2 0 3 5 4 7
3 2 1 0 0 3 0 4 0
1 4 3 7 0 1 6 2 5
1 1 3 2 6 8 4 7 5
1 3 1 5 6 0 2 0 4
2 1 2 4 0 0 3 0 0
3 0 0 1 0 0 2 3 0
1 1 3 5 4 7 6 8 2
1 6 5 4 8 1 3 2 7
1 0 5 1 0 3 2 4 0
1 7 1 6 4 3 5 2 8
1 6 7 8 3 1 4 2 5
10 1 0 0 0 2 0 0 0
1 0 1 5 0 3 4 2 0
1 7 3 4 0 1 5 2 6
2 2 3 4 0 0 1 0 0
5 0 1 3 0 0 0 2 0
1 6 3 4 0 1 5 2 0
1 1 5 4 8 7 3 6 2
6 2 0 0 0 1 0 3 0
1 0 0 0 1 3 0 2 0
1 8 3 5 4 1 6 2 7
2 2 0 0 3 0 4 0 1
2 0 3 1 2 0 0 0 0
1 3 5 7 8 1 6 2 4
1 4 3 1 8 6 5 7 2
8 6 3 4 8 1 5 2 7
1 0 4 3 6 2 5 1 0
8 1 6 3 5 7 4 8 2
1 0 3 1 0 5 2 4 0
5 1 3 0 0 0 2 0 0
10 0 3 4 0 2 5 1 0
1 4 3 2 8 5 1 6 7
1 1 5 0 0 3 0 2 4
3 1 6 3 5 8 4 7 2
2 3 0 4 0 0 1 0 2
1 5 4 8 7 1 2 3 6
1 7 1 5 6 2 4 3 8
1 2 8 4 7 3 6 5 1
1 0 0 1 0 0 0 0 2
34 0 1 0 0 0 0 0 0
1 3 0 1 0 2 0 0 0
3 7 3 4 5 2 6 1 8
2 1 0 2 0 0 0 3 0
1 1 8 4 5 6 3 7 2
1 1 4 2 3 5 7 6 8
2 1 3 4 0 0 0 0 2
1 1 3 0 0 4 0 0 2
11 0 0 0 0 1 0 0 0
1 2 3 6 4 7 5 8 1
1 2 1 0 0 0 3 0 0
1 0 4 1 0 3 5 2 0
39 0 0 3 0 1 0 2 0
5 7 3 4 8 2 5 1 6
4 2 0 0 1 0 0 0 3
1 2 0 1 0 0 3 0 4
1 2 3 1 0 4 5 6 0
46 1 0 0 3 0 0 0 2
1 5 3 6 4 2 7 1 8
1 1 2 0 0 4 0 0 3
1 8 2 3 6 4 1 5 7
1 1 0 3 5 0 2 0 4
1 4 3 5 0 0 1 0 2
1 0 1 2 0 3 4 5 0
2 4 6 1 3 7 2 8 5
5 1 5 4 0 0 3 0 2
24 2 0 3 0 0 0 0 1
1 0 2 5 0 1 3 4 0
1 2 0 0 0 3 1 0 0
2 0 1 0 0 3 4 2 0
1 1 6 5 4 8 3 7 2
3 0 2 3 0 0 0 1 0
3 0 1 0 0 0 3 2 0
1 8 5 4 6 1 3 2 7
1 1 5 0 4 0 3 0 2
1 5 3 0 0 2 4 1 0
1 4 3 1 8 5 6 2 7
175 0 3 0 0 2 0 1 0
1 4 3 1 5 7 2 6 8
1 1 4 3 0 0 5 0 2
1 4 6 2 3 7 1 8 5
189 2 0 0 0 0 0 0 1
12 1 2 0 0 0 3 0 0
1 1 0 2 4 0 0 0 3
16 2 3 0 0 0 0 0 1
1 1 4 2 8 6 5 7 3
1 1 0 0 0 3 2 4 0
1 8 5 4 3 1 6 2 7
1 3 2 1 0 5 0 4 0
1 7 3 4 0 2 5 1 6
1 7 2 4 6 1 5 3 8
9 7 3 6 4 2 5 1 8
10 0 1 2 0 3 0 0 0
4 0 0 2 0 0 1 0 3
5 8 3 5 6 2 4 1 7
1 0 0 0 1 2 0 3 0
1 1 8 3 7 6 4 5 2
8 7 3 6 4 1 5 2 8
1 2 0 0 0 3 0 1 4
1 3 0 0 5 2 4 1 0
1 7 1 3 5 4 6 2 8
8 0 1 3 0 2 0 0 0
2 2 3 0 0 0 1 0 0
1 0 1 4 7 3 6 2 5
10 2 0 1 0 0 3 0 0
1 1 2 4 8 6 5 7 3
2 1 2 0 0 0 0 3 0
1 0 3 2 0 1 0 4 0
1 4 5 0 0 3 0 2 1
30 0 2 1 0 0 3 0 0
2 0 1 3 0 4 2 5 0
1 1 0 0 0 2 0 3 4
1 5 6 3 0 2 4 1 7
1 0 0 0 2 0 0 0 1
3 1 2 0 0 0 3 0 4
3 1 0 4 0 0 2 0 3
20 1 2 0 0 0 0 0 0
1 6 3 0 5 2 4 1 7
1 2 1 5 8 3 6 4 7
10 0 0 0 3 1 0 2 0
1 1 0 5 0 2 4 3 0
1 3 5 4 0 1 0 2 0
3 2 1 0 0 0 0 3 0
18 0 0 0 0 0 0 1 0
2 0 4 3 5 1 0 2 0
2 0 1 4 0 2 3 5 0
1 2 3 0 0 0 4 0 1
1 6 3 7 8 2 4 1 5
2 0 2 1 0 3 4 5 0
1 2 3 7 8 4 6 1 5
1 7 1 2 0 3 4 5 6
1 2 0 0 0 1 0 0 3
1 3 2 4 0 0 1 0 0
1 0 4 1 3 0 2 0 0
1 0 0 0 0 0 2 1 0
1 2 1 4 8 7 5 3 6
1 2 3 0 1 0 0 0 0
1 1 3 6 4 7 5 8 2
4 0 3 0 4 1 0 2 0
1 0 0 3 2 0 1 0 0
1 1 0 2 5 0 4 0 3
4 1 3 0 0 0 0 2 0
1 1 3 6 5 7 4 8 2
2 0 0 3 0 1 4 2 0
1 2 3 4 6 5 8 1 7
22 1 0 0 0 2 0 3 0
4 0 0 1 3 0 2 0 0
1 1 0 3 4 0 5 0 2
1 2 0 1 0 4 0 0 3
1 2 0 1 5 0 4 0 3
3 0 1 0 2 0 3 0 0
1 2 1 0 3 4 0 0 0
8 1 0 0 2 0 0 0 3
2 7 1 5 8 3 4 2 6
1 0 1 0 0 2 3 4 0
1 1 3 4 8 7 5 6 2
1 1 2 3 7 5 4 6 8
1 0 0 2 0 0 3 0 1
1 1 3 8 5 7 4 6 2
5 7 3 5 6 1 4 2 8
1 1 5 3 0 0 4 2 0
2 0 0 1 0 0 3 0 2
1 2 4 1 5 6 7 8 3
1 7 4 1 5 2 3 6 8
10 3 0 0 0 0 2 0 1
1 1 0 0 2 0 0 0 0
2 7 1 5 8 2 4 3 6
1 2 6 5 3 7 4 8 1
7 0 2 1 0 3 0 0 0
17 0 3 4 0 1 5 2 0
2 1 8 5 4 6 3 7 2
2 0 4 5 0 2 3 1 0
113 1 0 3 0 0 0 0 2
8 1 0 4 5 0 3 0 2
2 0 0 1 0 3 2 4 0
1 4 0 1 0 3 2 0 0
4 0 5 3 0 1 4 2 0
4 8 3 5 4 2 6 1 7
1 1 2 8 3 7 5 4 6
1 3 1 0 0 0 4 0 2
1 2 5 3 0 4 0 1 0
1 0 2 0 0 0 1 3 0
1 8 5 6 3 2 4 1 7
4 2 0 0 0 3 0 1 0
1 6 8 3 5 2 4 1 7
1 0 2 3 0 1 4 5 0
3 1 6 5 4 7 3 8 2
1 0 0 2 0 0 3 1 0
1 4 1 0 0 3 0 2 0
17 0 0 0 1 0 0 0 0
2 0 0 0 0 0 0 1 2
1 3 7 1 8 6 4 5 2
15 1 2 0 0 0 0 0 3
1 1 3 6 4 8 5 7 2
4 3 2 1 0 0 4 0 0
1 6 2 3 4 8 1 7 5
2 0 0 0 0 0 1 2 0
1 6 2 4 8 1 5 3 7
1 0 0 2 0 3 1 0 0
1 0 1 2 0 0 4 5 3
4 0 3 0 4 2 0 1 0
15 0 1 2 0 0 0 0 0
1 3 2 1 0 4 0 0 0
1 2 3 5 6 7 4 8 1
1 6 2 3 8 1 5 4 7
3 7 3 6 5 1 4 2 8
1 3 0 0 0 2 0 1 4
1 6 1 2 0 3 4 5 7
4 1 4 6 5 7 3 8 2
1 2 3 6 0 1 5 4 7
1 1 5 3 0 0 4 0 2
1 0 2 0 4 1 3 0 0
1 1 8 5 7 3 4 2 6
1 0 4 1 0 0 3 2 0
3 2 4 0 0 0 3 0 1
1 0 0 2 0 3 4 1 0
5 1 0 0 0 0 0 2 0
1 3 1 5 0 0 4 0 2
1 2 3 0 0 1 4 0 0
1 0 4 2 0 1 0 3 0
2 8 4 5 6 2 3 1 7
1 1 2 3 4 6 5 7 8
3 1 0 0 4 0 3 0 2
2 4 1 0 0 2 0 3 0
7 0 1 0 0 2 0 0 0
1 3 7 6 8 2 1 4 5
3 3 0 1 0 0 0 2 0
2 1 2 3 0 0 4 0 0
2 6 3 8 5 2 4 1 7
1 1 2 3 8 5 4 7 6
2 0 5 4 0 1 3 2 0
1 2 0 3 0 4 0 1 0
1 2 1 0 0 3 4 0 0
28 1 0 2 0 0 3 0 0
1 1 8 5 6 7 4 3 2
2 2 4 5 6 7 3 8 1
1 4 6 7 5 3 8 2 1
22 3 0 0 0 1 0 2 0
1 0 4 3 5 2 6 1 0
1 2 6 5 4 7 3 8 1
1 0 4 0 3 2 0 1 0
1 0 3 2 0 0 0 1 0
1 0 1 3 2 0 0 0 0
1 4 2 1 8 5 3 6 7
1 6 3 5 7 1 4 2 8
1 3 6 7 8 2 5 1 4
1 2 4 8 7 5 6 1 3
1 1 0 2 5 0 3 0 4
1 0 5 1 3 4 2 6 0
1 3 2 0 0 1 0 0 0
1 1 4 3 8 7 5 6 2
1 0 2 1 0 4 3 5 0
4 0 0 1 0 0 2 0 3
1 0 1 5 0 4 2 3 0
3 0 2 0 3 0 1 0 0
2 1 6 5 0 2 0 3 4
1 8 1 5 2 6 3 4 7
3 0 2 1 0 5 3 4 0
1 1 5 4 6 7 2 8 3
1 2 6 5 7 4 3 1 8
4 0 0 2 0 1 0 0 0
2 1 3 4 8 7 2 6 5
2 3 0 0 1 0 0 0 2
1 1 0 2 0 3 4 0 0
1 1 6 8 7 2 5 4 3
1 3 1 4 8 7 5 2 6
22 0 3 4 0 1 0 2 0
1 4 2 0 0 3 0 1 0
2 6 2 1 8 4 3 5 7
1 6 2 1 8 3 4 5 7
2 0 3 1 0 0 0 2 0
2 0 5 4 0 2 3 1 0
1 1 3 5 0 0 4 0 2
15 0 0 2 0 0 1 0 0
2 0 0 2 0 0 0 1 0
1 0 5 2 0 1 3 4 0
1 1 2 5 8 6 3 7 4
3 1 3 4 0 0 5 0 2
1 3 1 0 0 0 2 0 4
4 1 0 2 0 3 0 0 0
69 1 3 0 0 0 0 0 2
1 7 4 3 6 2 5 1 8
1 4 3 1 5 0 2 0 0
1 1 0 4 0 5 3 0 2
1 0 1 3 0 4 0 2 0
1 6 1 4 0 3 5 2 0
1 6 2 5 8 3 4 1 7
9 1 0 0 0 3 0 2 0
5 2 1 0 0 3 0 0 0
1 0 3 5 0 2 1 4 0
1 8 4 3 2 7 1 6 5
1 1 6 0 4 7 3 5 2
1 4 0 3 0 2 0 1 0
17 1 0 2 0 0 0 0 3
4 0 0 1 0 2 0 0 0
1 4 1 5 7 2 6 3 8
4 3 1 2 0 0 0 0 0
1 5 4 8 7 3 6 1 2
1 1 3 5 4 6 7 8 2
1 4 2 5 0 1 6 3 7
1 8 1 6 5 3 4 2 7
1 0 1 4 0 3 0 2 0
1 8 4 3 7 2 5 1 6
1 0 2 3 0 1 5 4 0
16 0 3 0 0 2 4 1 0
1 7 4 3 5 2 6 1 8
6 0 1 2 0 3 5 4 0
1 8 1 3 5 2 6 4 7
1 0 0 1 0 2 0 0 3
1 4 5 6 7 1 8 2 3
1 6 3 5 7 2 8 1 4
4 0 1 2 0 0 0 3 0
1 0 4 2 0 1 3 5 0
1 6 1 5 8 2 3 4 7
1 6 7 2 5 4 3 1 8
10 0 1 4 0 2 0 3 0
9 1 4 0 0 0 3 0 2
5 3 4 0 0 1 0 2 0
1 1 7 6 8 4 5 3 2
2 2 0 1 3 0 0 0 0
4 1 0 2 0 0 4 0 3
4 2 1 0 0 0 0 0 3
1 6 5 3 8 2 7 1 4
51 0 0 1 0 0 2 0 0
2 7 3 5 4 2 6 1 8
2 1 6 3 4 0 5 0 2
1 3 0 0 0 2 1 0 0
1 4 3 8 7 2 6 5 1
10 1 2 3 0 0 0 0 0
4 2 0 0 0 0 0 1 0
18 0 2 0 0 3 0 1 0
1 8 4 2 5 1 6 3 7
1 0 0 1 0 3 0 0 2
1 1 4 3 0 6 5 7 2
3 2 0 3 0 1 0 0 0
1 4 5 1 6 2 7 3 8
1 2 1 0 0 4 0 3 5
2 0 4 6 3 2 5 1 0
1 8 4 6 5 2 3 1 7
1 1 0 4 0 0 3 2 0
1 0 0 0 2 0 0 1 0
3 1 0 0 0 0 2 3 0
1 2 6 4 3 7 5 8 1
5 3 4 0 0 2 0 1 0
2 3 0 1 2 0 0 0 0
1 1 4 0 3 0 5 0 2
8 0 1 5 0 2 4 3 0
1 0 0 2 0 1 4 3 0
1 8 7 1 6 2 3 4 5
2 0 0 0 0 1 2 0 0
1 7 2 5 6 3 1 4 8
5 2 3 0 0 1 0 0 0
1 2 3 5 0 1 4 0 0
1 1 5 6 8 2 7 3 4
1 1 4 3 8 6 5 7 2
1 3 0 2 0 0 1 0 4
4 0 3 1 0 2 0 0 0
2 0 2 0 0 4 1 3 0
1 1 7 6 0 2 5 4 3
7 0 1 0 0 2 4 3 0
1 2 1 0 0 0 4 0 3
1 3 1 2 0 4 5 0 0
2 0 3 1 4 0 2 0 0
1 0 1 3 0 2 0 4 0
1 0 3 0 1 0 0 0 2
1 0 0 1 2 0 0 0 3
1 1 8 3 7 5 4 6 2
4 1 2 0 0 0 4 0 3
1 6 3 4 7 1 5 2 8
5 3 0 2 0 0 1 0 0
1 0 2 0 0 0 1 0 3
1 7 1 4 6 2 5 3 8
1 4 1 3 6 7 2 8 5
1 4 1 2 8 6 3 5 7
1 2 0 3 0 4 1 6 5
13 3 0 1 0 0 2 0 0
2 1 8 3 5 7 4 6 2
2 1 5 6 3 7 4 8 2
3 0 0 3 0 0 2 0 1
1 2 5 4 8 6 3 7 1
21 1 0 3 0 0 2 0 0
1 7 3 1 8 5 2 4 6
12 0 3 4 0 2 0 1 0
1 8 1 5 4 3 6 2 7
3 2 0 1 0 0 4 0 3
1 0 3 6 4 2 5 1 0
1 3 2 1 4 0 0 0 0
1 5 3 4 1 7 2 8 6
1 4 7 6 8 3 2 5 1
1 7 1 5 0 3 2 4 6
1 1 8 3 6 5 7 4 2
9 1 0 3 5 0 4 0 2
15 0 0 1 0 2 0 3 0
1 7 1 2 8 4 3 5 6
1 1 2 5 8 3 7 6 4
1 7 3 1 6 4 2 5 8
5 2 0 0 0 1 0 0 0
1 1 2 0 0 4 3 0 0
1 1 3 2 5 0 4 0 0
1 3 8 1 7 6 2 5 4
26 0 0 0 0 0 1 0 0
2 4 3 1 0 0 2 0 0
1 0 1 2 0 5 4 3 0
1 1 0 3 0 2 0 4 0
1 0 1 3 2 6 5 4 0
1 8 4 3 6 1 5 2 7
1 1 8 4 3 6 5 7 2
3 7 3 4 6 2 5 1 8
1 3 0 0 4 1 0 2 5
16 1 0 0 0 0 2 0 0
2 1 6 4 5 0 3 0 2
2 0 1 2 0 4 3 0 0
1 0 0 1 0 2 3 4 0
1 0 5 3 0 2 4 1 0
1 1 2 4 8 7 5 3 6
1 0 2 3 0 4 1 5 0
1 3 4 6 8 1 5 2 7
1 0 1 4 5 3 6 2 0
2 2 0 1 0 0 0 3 0
1 3 0 0 0 1 0 2 4
74 0 0 1 0 0 0 0 0
1 8 3 1 7 4 2 6 5
1 4 0 1 0 0 2 0 3
1 2 0 5 3 0 4 0 1
1 0 3 1 0 4 0 2 0
1 2 5 1 4 0 3 0 6
1 1 2 4 0 0 0 5 3
1 3 4 0 0 6 5 2 1
1 0 4 0 0 2 1 3 0
1 4 5 1 6 7 3 8 2
1 1 8 3 7 5 6 4 2
2 1 3 0 0 4 0 2 0
1 7 4 6 5 1 3 2 8
1 2 4 1 3 5 7 6 8
1 6 5 1 3 7 2 8 4
1 4 7 6 8 2 3 1 5
19 2 0 0 3 0 0 0 1
1 1 3 4 0 0 2 0 0
1 0 2 1 0 4 3 0 0
1 7 5 6 2 1 3 4 8
2 2 3 1 0 0 0 0 0
4 0 0 0 0 1 2 3 0
1 1 6 7 8 5 3 4 2
15 0 3 2 0 0 1 0 0
7 1 0 2 0 0 3 0 4
2 0 2 1 0 0 0 3 0
1 4 3 5 7 2 6 1 8
2 1 0 0 0 2 3 0 0
2 6 2 1 3 0 4 0 5
1 5 6 4 8 1 3 2 7
2 3 2 0 0 0 1 0 0
4 2 0 3 0 0 1 0 0
1 1 2 3 0 4 0 0 0
1 8 1 3 6 4 2 5 7
12 2 0 4 0 0 3 0 1
4 3 0 1 0 0 2 0 4
3 8 4 3 6 2 5 1 7
1 0 3 0 0 1 2 0 0
1 7 5 6 3 2 4 1 8
1 0 3 4 6 1 5 2 0
1 2 0 4 0 0 1 0 3
2 0 0 0 0 2 1 3 0
1 2 0 3 5 0 1 0 4
6 8 3 4 6 2 5 1 7
1 0 3 4 0 0 1 2 0
1 3 1 2 8 6 4 7 5
7 0 2 3 0 1 0 0 0
1 3 5 2 8 6 1 7 4
1 7 8 4 5 6 3 2 1
1 6 5 3 8 4 1 2 7
1 2 0 3 1 0 0 0 0
2 8 2 4 5 1 6 3 7
1 2 8 3 4 6 7 5 1
1 4 0 0 2 0 3 0 1
10 0 3 5 0 2 4 1 0
1 0 0 0 0 0 1 0 2
1 7 1 3 6 2 5 4 8
3 0 1 0 0 0 0 0 2
1 1 0 2 0 5 0 3 4
7 0 0 0 0 2 3 1 0
1 1 6 3 4 7 5 8 2
1 7 1 5 6 4 3 2 8
7 8 3 6 4 1 5 2 7
1 1 6 3 8 7 2 5 4
1 1 5 2 4 0 0 0 3
1 7 2 5 8 1 4 3 6
1 0 2 1 0 0 3 0 4
1 0 0 1 2 4 0 3 5
1 0 1 4 0 3 2 5 0
1 6 3 4 7 2 5 1 8
1 5 1 3 0 2 0 4 0
2 8 1 5 6 2 4 3 7
1 7 2 1 8 3 5 4 6
2 0 1 2 0 4 3 5 0
18 3 0 0 0 2 0 1 0
4 0 2 4 0 1 0 3 0
5 7 3 5 8 2 4 1 6
1 0 2 1 0 3 4 0 0
1 6 7 2 8 1 5 3 4
8 0 4 3 0 2 5 1 0
2 0 0 0 0 1 0 0 2
1 0 4 5 0 1 2 3 0
1 4 1 3 7 6 2 5 8
2 0 4 5 0 1 3 2 0
1 2 4 3 7 6 5 8 1
1 2 4 5 8 7 3 6 1
1 6 5 3 0 2 4 1 7
1 0 4 0 2 3 0 1 0
6 0 1 0 0 0 2 3 0
1 3 0 2 0 0 0 0 1
2 0 1 0 2 3 0 4 0
3 1 4 3 6 7 5 8 2
5 4 0 2 0 0 1 0 3
1 5 2 1 0 3 0 4 0
1 8 3 4 5 2 7 1 6
1 1 4 3 5 0 6 0 2
2 6 1 2 8 5 3 4 7
1 0 2 1 0 0 3 4 0
1 4 8 3 7 1 5 2 6
9 1 0 0 0 3 0 0 2
2 1 4 0 3 0 0 0 2
13 2 0 1 0 0 0 0 0
1 4 7 6 8 3 1 2 5
1 2 3 7 8 4 6 5 1
1 2 3 5 8 7 4 6 1
1 6 7 5 4 3 2 1 8
1 7 6 5 3 2 4 1 8
2 0 0 2 0 3 0 1 0
13 0 2 0 0 0 1 0 0
760 1 0 0 0 0 0 0 2
6 1 5 3 6 7 4 8 2
1 4 2 3 0 0 0 1 0
1 0 3 0 1 4 2 5 0
1 1 0 3 2 0 0 0 0
1 1 6 5 3 7 4 8 2
1 8 6 4 5 2 3 1 7
1 1 3 0 0 4 2 5 0
1 2 3 0 0 4 0 1 0
6 8 3 5 6 1 4 2 7
3 2 6 4 5 7 3 8 1
2 7 3 4 8 1 5 2 6
1 1 8 2 7 3 6 4 5
1 1 2 6 8 3 4 5 7
1 2 6 3 5 7 4 8 1
1 8 2 4 6 3 5 1 7
1 3 2 1 6 7 4 8 5
1 1 5 3 6 7 2 8 4
1 2 5 1 0 0 4 0 3
1 1 2 4 0 0 5 0 3
1 2 3 4 0 0 0 1 0
1 7 3 1 8 4 2 5 6
1 2 0 3 0 4 0 1 5
3 0 1 2 0 4 5 3 0
20 0 1 2 0 0 3 0 0
1 0 5 4 2 1 6 3 0
1 1 6 7 8 3 5 4 2
1 7 3 1 8 6 2 4 5
1 2 4 3 6 7 5 8 1
8 1 3 0 0 0 4 0 2
7 3 0 0 0 0 1 0 2
1 5 2 3 0 0 1 0 4
1 2 3 6 0 4 5 1 7
1 1 3 5 4 2 6 8 7
1 0 3 4 0 1 2 5 0
1 0 3 2 0 4 5 1 0
1 7 6 4 8 3 1 5 2
1 1 5 6 4 7 3 2 8
2 1 0 0 3 0 0 2 0
2 0 2 4 0 3 5 1 0
2 2 0 0 1 0 3 0 0
1 8 7 5 4 1 3 2 6
2 0 3 1 0 4 2 5 0
6 0 2 0 0 0 0 1 0
1 2 1 3 6 8 4 5 7
1 5 3 4 8 2 7 1 6
1 1 4 0 2 0 5 0 3
3 4 0 0 0 1 0 2 3
5 0 2 1 0 3 0 4 0
1 0 1 0 3 0 0 2 0
1 1 6 5 8 3 7 2 4
185 1 0 0 0 0 3 0 2
5 1 2 0 0 3 0 0 0
1 1 3 0 2 0 0 0 0
1 6 8 7 5 1 4 2 3
1 5 1 4 8 6 3 2 7
4 1 4 0 0 2 0 3 0
3 8 1 4 6 2 5 3 7
2 1 4 2 0 0 0 0 3
1 0 0 0 3 1 0 0 2
3 3 2 1 0 0 0 0 0
245 0 0 0 0 1 0 2 0
5 6 3 5 8 2 4 1 7
7 8 3 6 4 2 5 1 7
5 2 0 0 4 0 3 0 1
1 0 0 0 0 2 0 3 1
33 0 2 0 0 1 0 3 0
1 1 4 0 0 0 0 3 2
1 5 1 4 8 2 7 3 6
1 1 3 0 0 5 0 4 2
1 7 2 4 5 1 6 3 8
10 1 0 0 0 0 0 3 2
3 4 3 0 0 1 0 2 0
1 6 3 1 8 5 2 4 7
194 0 0 0 0 2 0 1 0
1 4 3 7 6 2 5 1 8
1 2 1 8 7 6 3 5 4
3 0 0 3 0 0 2 1 0
1 0 0 1 3 0 0 2 0
1 3 0 1 0 0 4 0 2
1 0 3 1 2 0 0 4 0
1 2 1 6 8 3 5 4 7
1 1 0 3 0 2 0 0 4
2 7 4 5 8 2 1 3 6
1 2 4 8 1 6 5 7 3
1 6 2 3 8 4 1 5 7
1 0 2 1 0 4 5 3 0
2 1 5 4 8 6 3 7 2
1 4 5 0 0 1 3 2 0
5 1 5 4 6 7 3 8 2
1 1 5 2 6 7 4 8 3
2 1 6 2 5 7 4 8 3
6 2 1 3 0 0 0 0 0
2 1 3 2 0 0 0 0 0
1 0 0 2 0 3 1 4 0
1 6 1 4 7 3 5 2 8
281 0 3 0 0 1 0 2 0
4 2 1 0 0 0 0 0 0
6 2 0 0 0 0 1 0 0
2 8 3 6 5 2 4 1 7
1 1 4 6 5 8 3 7 2
1 2 0 0 0 0 1 3 0
7 7 3 4 6 1 5 2 8
1 2 0 0 3 1 0 0 0
1 6 2 5 0 4 1 3 0
3 1 0 0 0 0 0 2 3
1 6 2 5 0 3 4 1 0
1 5 3 4 8 1 6 2 7
11 6 3 5 8 1 4 2 7
2 0 0 2 0 0 1 3 0
1 5 6 7 8 1 3 2 4
1 5 1 3 0 2 0 4 6
5 1 0 0 0 4 0 3 2
4 0 0 1 2 0 3 0 0
2 5 1 4 0 3 0 2 0
9 0 3 5 0 1 4 2 0
2 0 2 0 0 0 3 1 0
1 3 1 0 2 0 0 0 0
12 0 1 3 0 0 2 0 0
1 3 0 2 0 1 0 0 0
1 0 0 4 2 1 0 3 0
1 3 0 5 0 1 4 2 6
7 0 4 3 0 2 0 1 0
1 1 3 4 8 7 6 2 5
1 1 0 0 2 0 3 0 0
1 5 3 4 8 2 6 1 7
1 7 5 3 6 2 4 1 8
1 0 2 0 0 0 0 0 1
1 1 4 2 5 0 6 0 3
1 5 8 4 3 1 7 2 6
1 3 4 1 0 0 2 0 0
4 0 2 0 0 1 3 0 0
2 0 4 5 6 2 3 1 0
1 1 0 4 5 0 0 3 2
20 1 0 2 0 0 0 0 0
2 1 2 0 3 0 0 0 0
1 3 1 2 0 0 4 0 0
1 3 1 0 0 2 0 0 0
2 1 0 0 3 0 2 0 0
1 1 2 0 0 3 5 0 4
1 0 2 0 0 0 3 0 1
1 0 5 4 3 2 6 1 0
1 3 4 8 5 6 7 2 1
1 2 5 4 8 3 6 1 7
1 0 5 2 0 3 1 4 0
1 5 1 0 0 3 4 2 0
1 7 1 2 8 3 4 5 6
1 3 1 4 7 8 5 2 6
59 0 1 0 0 2 0 3 0
1 7 4 3 8 2 5 1 6
3 1 0 0 0 3 0 4 2
1 1 0 0 0 3 4 0 2
1 6 5 7 4 1 8 2 3
1 1 0 3 0 4 0 5 2
5 0 1 2 0 3 0 4 0
1 0 5 3 4 1 0 2 0
6 0 1 0 0 3 2 0 0
2 1 5 3 8 6 4 7 2
1 8 1 4 5 2 6 3 7
1 1 5 2 8 6 4 7 3
1 1 4 5 6 8 2 7 3
1 1 5 7 8 3 6 2 4
2 2 0 0 0 0 0 3 1
1 2 8 3 4 6 5 7 1
1 3 0 0 2 0 1 0 0
5 0 0 1 0 0 0 2 0
13 0 3 0 0 1 4 2 0
1 2 5 3 8 7 6 4 1
4 1 0 3 0 0 2 0 4
1 1 4 5 3 7 6 8 2
2 1 5 6 4 7 3 8 2
1 5 0 3 4 0 1 0 2
1 1 5 2 4 8 3 7 6
1 1 2 0 3 0 4 0 0
1 2 4 3 5 6 8 7 1
1 7 6 1 5 2 4 3 8
1 4 0 0 0 2 0 1 3
3 1 2 0 0 3 0 4 0
1 2 0 0 0 1 3 0 0
1 6 2 1 5 7 4 8 3
2 8 2 4 6 1 5 3 7
