4 Stirling North
4 7 822 5086
Oliver FRANKLIN, SLD
Danny GIBSON, Lab
Susan MCGILL, SNP
Shena MCLELLAND, SFP
Rachel NUNN, Con
Amy SMITH, Grn
Jim THOMSON, SNP
5 3 1 0 0 0 0 2
2 2 3 4 7 1 6 5
1 7 1 3 4 2 6 5
1 3 2 5 0 4 1 6
1 2 0 1 0 3 0 0
1 6 1 3 7 4 2 5
2 0 1 0 0 3 0 2
1 6 4 1 3 7 5 2
1 3 2 0 4 1 5 0
4 0 2 0 0 3 1 0
7 0 2 3 0 0 1 0
1 0 0 1 0 3 4 2
1 2 4 6 3 1 5 0
1 4 5 3 7 2 6 1
1 2 1 4 0 5 3 0
3 4 3 2 0 0 1 5
1 7 3 2 4 5 6 1
2 2 1 7 3 5 4 6
1 0 0 0 0 3 2 1
1 3 4 1 7 6 5 2
2 4 2 1 5 7 6 3
1 5 6 1 7 4 3 2
1 3 1 6 2 5 4 7
2 7 1 3 2 5 6 4
1 6 1 3 5 7 4 2
1 5 1 2 6 0 4 3
1 2 3 4 0 1 5 0
1 3 5 4 0 0 1 2
1 6 4 3 5 7 2 1
1 4 1 0 0 3 2 0
1 4 2 0 0 0 1 3
1 4 6 2 3 7 5 1
15 5 4 1 6 7 3 2
12 4 5 2 0 0 1 3
7 1 3 0 0 2 0 0
1 2 4 0 5 1 3 0
1 4 1 0 0 0 3 2
1 2 4 3 0 0 1 0
19 5 4 2 0 0 1 3
6 3 2 0 0 1 4 0
2 6 5 2 4 7 3 1
1 4 1 6 5 3 2 7
4 4 0 3 0 0 1 2
7 0 1 0 3 0 2 0
3 4 1 3 0 0 2 0
1 3 1 5 0 0 2 4
1 3 2 1 0 0 5 4
1 0 0 0 1 0 2 0
2 2 1 4 0 0 3 0
1 6 7 2 5 3 4 1
3 5 3 1 0 0 4 2
1 5 2 1 7 6 3 4
1 0 0 0 0 1 3 2
1 3 1 6 5 2 4 7
1 0 2 0 3 0 0 1
2 0 3 0 0 0 2 1
2 6 5 1 4 0 3 2
1 6 5 1 4 7 2 3
2 3 2 4 7 1 6 5
12 3 0 0 0 1 2 0
1 6 1 4 3 7 2 5
1 4 0 0 0 2 3 1
12 5 4 2 6 7 3 1
6 0 4 3 0 0 2 1
1 0 2 0 0 1 4 3
1 4 3 5 7 6 2 1
2 5 3 2 6 7 4 1
1 2 3 0 0 0 0 1
10 0 0 2 0 1 0 3
3 3 2 6 5 1 4 7
1 0 0 0 1 0 2 3
4 4 2 6 3 1 5 7
8 0 1 0 0 2 3 0
7 3 2 0 0 0 0 1
1 1 4 3 7 6 2 5
2 4 2 3 7 6 1 5
1 5 3 2 4 7 6 1
1 1 0 4 0 0 2 3
1 3 2 4 0 1 0 5
1 7 3 5 2 1 4 6
1 2 1 4 0 0 0 3
1 0 0 4 0 1 3 2
7 3 0 2 0 0 4 1
1 4 0 3 0 0 2 1
2 0 0 2 0 1 3 0
2 0 3 0 1 0 2 0
3 3 4 1 0 0 0 2
1 0 0 2 3 0 1 0
3 4 6 2 5 7 3 1
2 0 0 1 3 0 4 2
1 4 2 7 3 1 5 6
1 5 6 1 3 4 7 2
2 4 1 3 7 6 5 2
2 2 3 4 7 6 1 5
2 4 2 5 0 0 1 3
1 2 1 7 4 5 3 6
1 4 2 7 3 1 6 5
1 6 2 4 7 5 1 3
5 0 1 4 0 0 2 3
1 3 6 1 4 5 7 2
1 4 0 0 2 1 3 0
9 0 1 2 0 0 4 3
2 5 3 2 0 0 1 4
1 1 3 2 5 4 7 6
1 1 0 2 0 0 4 3
1 2 4 0 0 3 1 0
1 0 2 3 0 1 0 4
1 5 7 1 3 6 4 2
79 0 2 0 0 1 0 0
1 5 2 4 6 3 1 7
1 0 1 2 4 0 3 0
2 3 7 1 6 4 5 2
16 0 4 2 0 0 3 1
1 3 4 5 1 2 7 6
1 4 1 0 3 2 5 0
1 2 0 3 0 5 1 4
2 1 2 0 4 3 0 0
1 0 3 1 0 4 5 2
1 4 3 5 6 7 2 1
3 3 4 1 0 0 5 2
23 3 2 0 4 1 0 0
2 5 4 1 6 7 2 3
9 5 4 3 7 6 1 2
1 7 5 1 4 6 3 2
1 4 2 1 7 6 3 5
1 3 2 0 0 4 0 1
1 5 2 1 4 7 6 3
3 1 0 3 0 0 2 4
1 1 2 4 6 5 7 3
1 1 3 0 0 4 2 0
2 2 4 0 0 0 1 3
3 1 0 0 0 3 2 0
7 2 0 3 0 0 1 4
1 3 4 6 5 1 2 7
1 3 1 6 2 4 5 7
2 3 4 2 5 7 6 1
13 0 1 0 0 0 0 2
6 4 0 1 0 0 2 3
13 0 2 1 0 0 0 0
22 1 0 0 0 0 0 0
27 5 4 1 0 0 3 2
1 3 4 2 7 6 1 5
30 3 1 0 0 0 2 0
1 5 4 3 7 1 6 2
1 4 2 1 0 0 3 5
1 2 3 4 5 1 6 7
57 0 0 3 0 0 1 2
1 1 5 3 6 7 2 4
1 3 6 2 7 4 5 1
1 3 2 6 4 1 7 5
16 4 5 1 6 7 3 2
6 5 2 1 0 0 4 3
3 0 1 3 0 0 4 2
1 2 1 4 0 0 5 3
14 0 1 0 2 0 0 0
1 4 0 3 0 1 2 0
2 4 2 6 5 1 3 7
9 5 6 1 4 7 3 2
1 6 3 2 4 0 5 1
1 4 3 5 7 1 2 6
1 2 4 5 7 6 1 3
1 6 2 1 5 7 3 4
1 6 5 2 3 4 7 1
1 2 1 4 7 6 3 5
1 7 3 1 4 5 6 2
1 4 2 0 3 0 1 0
8 4 5 3 7 6 1 2
1 6 4 3 7 5 1 2
1 3 2 5 4 6 1 7
3 0 3 2 0 1 0 0
2 3 5 1 0 0 4 2
1 2 1 6 3 5 4 7
1 6 2 3 0 1 5 4
1 2 5 3 7 6 1 4
1 1 5 4 0 0 2 3
1 5 2 1 7 6 4 3
1 0 0 3 0 2 1 4
1 0 3 2 0 4 0 1
2 1 4 0 0 2 3 0
1 4 2 0 3 1 5 0
3 4 3 2 0 0 5 1
3 0 0 2 3 0 0 1
2 0 4 1 0 3 0 2
1 0 0 0 2 3 1 0
1 0 2 1 0 4 0 3
1 4 3 2 5 6 7 1
38 0 0 0 2 1 0 0
1 2 1 6 5 3 4 7
2 0 0 2 3 0 4 1
1 0 0 3 0 2 0 1
1 5 1 4 6 3 7 2
3 3 4 0 0 1 2 0
1 5 4 6 7 1 2 3
51 0 1 0 0 0 2 0
1 3 1 0 0 0 4 2
1 6 5 1 3 7 4 2
1 0 0 1 0 2 3 0
6 0 3 1 0 0 2 0
5 0 0 1 0 3 0 2
1 5 1 3 0 6 4 2
2 0 3 1 4 0 0 2
2 2 1 5 3 6 4 7
1 3 4 0 2 1 5 0
6 3 0 2 0 0 0 1
2 0 3 0 2 0 1 0
1 5 4 7 2 3 6 1
4 3 2 7 4 1 5 6
2 4 2 0 0 0 3 1
1 4 1 2 0 0 3 0
1 2 1 0 0 3 0 4
1 1 2 5 0 0 3 4
1 5 3 1 4 6 7 2
1 1 3 5 0 2 4 0
11 4 5 1 7 6 3 2
55 0 0 1 0 0 2 3
1 3 1 4 0 2 0 0
1 3 1 0 4 2 5 0
1 4 5 1 6 7 2 3
9 3 1 0 0 2 4 0
11 0 0 0 1 2 0 0
1 6 5 2 7 1 4 3
8 5 2 3 0 0 1 4
1 5 4 2 6 0 3 1
1 2 1 0 0 4 3 5
13 0 1 3 0 0 0 2
11 1 0 0 0 2 0 0
2 5 1 3 7 6 2 4
2 4 1 5 6 2 7 3
2 3 1 7 4 2 5 6
5 2 0 0 0 1 0 3
1 4 6 2 7 3 5 1
3 5 2 1 6 7 4 3
2 2 0 0 0 0 3 1
10 0 3 2 0 0 4 1
8 1 3 0 0 0 2 0
2 5 3 2 7 6 4 1
2 2 1 6 7 5 3 4
237 0 1 0 0 0 0 0
1 4 0 2 0 1 0 3
2 1 0 2 0 0 0 3
1 6 4 2 7 3 5 1
1 5 7 1 3 4 6 2
1 3 2 1 0 0 0 4
1 2 0 3 0 1 0 4
1 6 7 4 5 1 2 3
380 0 0 0 0 1 0 0
38 2 1 0 0 0 3 0
2 2 1 7 3 4 5 6
2 4 3 7 2 1 5 6
1 4 0 0 0 3 1 2
1 2 3 6 4 5 1 7
7 0 0 3 0 1 0 2
1 3 5 4 2 0 6 1
5 5 1 3 0 0 2 4
1 4 3 2 7 6 5 1
1 5 3 1 6 7 2 4
3 4 3 1 5 7 6 2
2 2 3 4 0 1 0 0
10 0 1 0 3 2 0 0
1 3 2 4 0 5 1 6
1 5 0 1 4 0 3 2
5 3 0 0 0 0 1 2
8 4 0 2 0 0 1 3
1 4 1 6 2 3 5 7
5 5 3 1 7 6 4 2
2 2 0 0 0 3 1 0
13 4 3 1 0 0 0 2
1 1 0 4 2 0 3 0
9 0 2 3 0 0 0 1
9 0 1 0 0 0 3 2
1 4 6 1 5 7 2 3
1 1 0 3 0 0 0 2
1 3 1 4 0 6 2 5
2 0 0 0 1 0 0 2
2 0 3 0 0 2 0 1
11 1 2 0 0 0 3 0
1 0 2 0 3 0 1 4
2 0 3 0 0 2 1 0
14 4 5 1 0 0 3 2
1 4 3 0 5 2 1 0
1 4 1 6 5 7 2 3
1 4 3 6 5 7 2 1
6 3 0 1 0 0 4 2
1 7 5 1 4 3 6 2
1 0 3 1 4 0 5 2
3 4 3 2 6 7 5 1
3 0 1 2 0 3 0 0
1 2 1 5 6 7 4 3
12 5 4 2 7 6 3 1
3 5 1 3 0 0 4 2
1 6 1 5 7 4 2 3
2 0 1 3 0 2 0 0
1 5 4 2 3 7 6 1
1 2 0 0 1 3 0 0
9 2 3 0 0 0 1 0
1 4 5 6 1 2 3 7
1 3 1 5 4 2 7 6
1 3 2 5 7 1 4 6
3 2 0 1 0 0 3 0
3 6 4 1 7 5 3 2
8 0 2 1 0 0 3 0
1 3 0 2 0 0 1 4
1 2 1 5 0 4 3 6
1 3 2 5 6 1 4 7
8 3 2 6 4 1 5 7
9 4 5 2 7 6 3 1
15 1 2 0 0 0 0 0
1 4 1 3 0 2 0 0
1 4 1 0 0 0 2 3
1 0 4 5 0 2 1 3
1 2 1 6 3 7 4 5
2 5 4 6 2 1 3 7
2 2 1 0 4 0 3 0
2 0 2 0 1 0 0 0
3 2 1 0 0 0 0 3
33 0 0 0 0 0 0 1
1 4 7 2 3 6 5 1
1 5 2 6 3 4 1 7
3 0 3 0 1 2 0 0
1 3 1 4 0 0 5 2
1 3 2 0 0 0 4 1
4 3 2 4 0 0 1 0
8 0 3 0 2 1 0 0
1 1 2 4 7 3 6 5
1 4 3 6 0 5 2 1
6 0 0 0 0 0 2 1
1 5 1 3 6 7 2 4
3 2 1 0 4 3 0 0
18 0 4 3 0 0 1 2
3 4 3 0 1 2 0 0
5 5 4 2 6 7 1 3
2 0 3 4 0 0 2 1
2 0 0 3 2 0 1 0
2 4 3 0 0 1 2 0
6 3 1 4 0 0 2 5
1 3 4 5 7 6 1 2
5 0 1 0 2 0 3 0
3 0 0 1 3 0 2 0
5 2 1 4 0 0 3 5
2 4 2 1 7 6 5 3
1 4 2 1 6 3 5 7
1 5 1 4 0 0 3 2
2 3 1 0 2 0 4 0
1 4 3 0 0 2 1 0
1 7 3 6 2 4 5 1
1 5 7 2 4 6 1 3
1 6 3 5 2 7 1 4
3 1 0 0 2 0 0 0
1 4 5 2 0 1 3 6
1 3 0 4 0 0 1 2
2 0 2 1 0 3 0 0
8 0 2 0 3 1 0 0
1 0 0 1 0 3 2 4
4 2 4 6 3 1 5 7
2 3 4 2 6 7 5 1
1 3 1 4 5 2 6 7
1 7 3 1 6 5 4 2
1 2 3 0 0 1 0 4
1 4 3 5 0 6 1 2
1 6 1 5 7 3 4 2
9 0 2 0 0 0 1 3
2 0 0 2 0 4 3 1
1 4 1 3 0 0 5 2
1 2 3 1 4 5 7 6
1 5 3 2 7 4 6 1
1 2 0 4 0 1 3 0
1 3 2 1 6 7 5 4
1 1 5 3 0 6 2 4
1 5 1 3 6 7 4 2
1 7 4 2 1 5 6 3
1 2 0 0 0 3 0 1
1 5 1 2 0 0 3 4
129 0 0 2 0 0 3 1
2 6 4 2 5 7 3 1
1 2 1 6 4 5 3 7
1 0 4 1 3 0 0 2
1 6 7 3 1 2 5 4
16 0 0 0 1 0 0 0
1 2 1 0 5 3 4 0
1 1 4 6 0 3 2 5
12 0 0 0 0 0 1 2
1 3 1 0 4 5 2 0
1 3 2 1 0 0 4 0
1 3 2 5 4 1 0 0
1 3 5 1 7 4 6 2
1 6 4 3 2 7 1 5
3 2 3 0 0 0 1 4
1 0 0 2 0 3 1 0
1 6 3 2 4 5 7 1
16 5 4 2 7 6 1 3
2 3 1 5 7 6 2 4
1 6 2 1 7 5 3 4
22 0 1 2 0 0 0 0
3 4 3 1 0 0 5 2
1 2 4 3 0 0 1 5
1 4 6 1 2 7 5 3
27 0 3 1 0 0 4 2
4 2 4 6 5 1 3 7
1 4 2 3 6 7 5 1
1 3 2 0 0 0 1 4
52 0 4 1 0 0 3 2
1 0 2 0 4 1 3 0
1 1 2 5 7 3 4 6
3 5 4 3 0 0 2 1
2 3 4 2 5 6 7 1
10 2 3 0 0 1 4 0
1 0 0 2 0 3 4 1
1 4 1 0 5 2 3 0
2 1 0 0 0 0 0 2
1 4 6 3 5 7 2 1
1 3 1 7 6 2 4 5
1 1 3 5 7 2 6 4
1 2 4 6 5 3 1 7
1 4 2 3 0 0 1 5
1 4 5 1 2 6 7 3
42 0 1 0 0 2 0 0
8 3 0 1 0 0 0 2
1 1 2 3 0 0 4 0
1 2 0 0 4 1 3 0
2 4 3 2 0 0 1 0
1 4 6 1 3 5 7 2
1 2 0 3 0 4 0 1
1 4 0 0 0 2 1 3
1 0 0 4 0 1 2 3
1 2 1 0 0 3 4 0
1 1 0 2 0 0 3 0
1 3 4 6 2 1 5 7
1 1 5 0 3 4 2 0
33 0 3 2 0 0 0 1
1 0 1 3 2 0 0 0
2 0 0 3 2 1 0 0
1 4 5 3 6 7 2 1
17 5 4 1 7 6 3 2
4 0 3 2 0 0 1 4
4 1 0 0 3 2 0 0
1 5 6 2 3 7 4 1
32 4 0 1 0 0 3 2
124 3 2 0 0 1 0 0
1 4 5 3 6 7 1 2
1 2 0 4 0 0 1 3
1 5 3 2 0 4 0 1
1 4 2 1 0 0 5 3
1 1 2 5 6 7 3 4
8 0 0 1 4 0 3 2
2 0 2 0 3 0 1 0
1 1 2 5 7 6 3 4
1 0 2 4 0 0 1 3
1 4 0 0 3 1 2 0
1 4 0 3 1 0 0 2
4 2 1 0 0 0 3 4
5 0 0 2 4 0 3 1
10 6 5 1 4 7 3 2
1 5 7 1 6 3 4 2
2 6 3 1 4 7 5 2
4 0 0 2 0 1 0 0
2 3 4 1 5 7 6 2
9 3 0 0 2 1 0 0
2 4 0 1 5 0 3 2
1 4 3 2 7 6 1 5
1 2 0 0 0 1 3 4
1 1 3 5 0 6 2 4
1 5 1 4 0 0 2 3
1 4 2 3 7 6 5 1
1 3 1 4 0 5 2 0
2 1 2 3 0 0 5 4
1 5 4 2 0 6 1 3
2 3 5 6 4 1 2 7
1 3 4 0 0 2 1 0
76 0 3 1 0 0 0 2
2 0 0 3 0 1 2 0
1 3 4 1 7 5 6 2
1 1 2 3 5 6 7 4
1 5 3 1 0 6 4 2
1 3 2 1 7 6 5 4
1 1 2 4 6 7 3 5
135 0 0 2 0 0 0 1
16 0 0 2 0 0 1 0
2 3 4 5 6 2 1 7
1 2 3 7 4 5 1 6
2 3 4 7 5 1 2 6
9 0 2 3 0 0 1 4
1 6 3 4 7 5 1 2
1 4 3 1 6 7 2 5
1 5 0 4 0 3 2 1
1 3 2 4 5 6 7 1
2 2 1 5 3 7 4 6
1 3 4 6 2 1 7 5
1 5 4 1 7 2 6 3
2 2 1 3 0 0 0 4
2 5 3 1 0 0 2 4
1 0 1 3 0 4 0 2
1 3 5 2 0 6 1 4
1 4 0 3 0 1 5 2
1 3 1 5 0 6 2 4
1 5 1 3 6 0 2 4
30 2 1 0 0 3 0 0
3 2 1 0 0 4 3 0
3 0 0 1 0 2 0 0
1 2 5 0 3 1 4 0
3 3 1 2 0 0 0 0
1 3 1 2 0 0 5 4
17 4 0 2 0 0 3 1
1 5 1 2 0 6 4 3
1 2 3 5 0 1 4 6
1 1 2 4 7 6 3 5
1 4 1 2 6 0 5 3
1 3 0 4 1 0 2 0
1 0 2 1 5 0 3 4
1 3 2 5 7 4 1 6
1 2 5 4 6 1 3 7
1 4 7 3 6 5 2 1
3 5 1 2 0 0 4 3
4 0 2 1 0 0 4 3
1 7 6 1 5 3 4 2
1 3 1 6 5 4 2 7
28 0 1 2 0 0 0 3
1 3 2 4 0 5 1 0
1 7 1 6 3 5 2 4
1 6 5 1 7 4 3 2
1 3 2 4 6 7 1 5
3 5 1 2 7 6 4 3
1 3 5 1 6 0 2 4
1 3 5 1 7 6 4 2
1 4 3 2 5 7 6 1
18 0 0 1 0 0 2 0
3 3 0 0 0 2 1 0
1 3 4 5 0 0 2 1
1 3 1 4 0 0 2 0
7 4 3 0 2 1 0 0
2 1 2 3 0 0 0 0
1 2 0 0 0 0 0 1
14 0 4 1 0 0 2 3
1 6 2 1 7 5 4 3
1 5 3 2 0 0 4 1
3 3 0 0 1 2 0 0
1 0 0 3 4 0 1 2
2 2 1 3 6 7 4 5
15 0 0 0 0 1 2 0
4 4 5 3 0 0 1 2
1 5 4 0 2 1 3 0
3 6 7 3 4 5 1 2
1 1 0 0 0 0 2 3
1 0 0 2 0 1 4 3
1 4 5 0 2 1 3 0
83 2 3 0 0 1 0 0
2 2 1 3 7 5 6 4
1 0 3 1 5 0 4 2
2 4 2 3 0 0 1 0
1 3 4 5 7 1 2 6
4 4 3 2 0 0 0 1
1 4 1 0 2 0 3 5
1 3 0 2 4 0 1 0
13 5 4 3 0 0 1 2
1 6 4 1 7 5 2 3
1 3 1 5 2 0 4 6
5 3 0 2 0 0 1 0
2 5 2 4 0 0 1 3
1 2 4 5 1 3 6 7
2 2 1 0 0 0 4 3
1 4 1 5 7 6 2 3
1 0 1 0 3 4 2 0
1 2 3 1 0 0 5 4
2 3 0 1 0 0 2 0
2 2 3 4 0 0 1 5
1 0 0 3 4 1 0 2
1 1 2 0 4 0 3 0
1 5 7 4 3 1 2 6
1 2 3 5 7 6 4 1
1 4 5 6 3 1 2 7
1 1 0 3 0 0 2 0
1 6 1 5 3 7 2 4
1 6 3 2 5 7 4 1
3 0 0 0 2 0 1 0
1 2 1 4 3 7 6 5
2 2 1 6 3 4 7 5
9 0 0 1 0 2 0 3
1 3 1 5 2 6 4 7
1 3 4 2 0 0 0 1
1 5 6 3 4 7 1 2
97 2 0 0 0 1 0 0
5 0 1 3 0 0 2 4
2 1 2 0 0 4 3 0
1 4 1 2 0 0 5 3
1 3 6 1 5 4 7 2
1 3 2 1 6 5 4 7
1 5 1 2 7 6 3 4
45 0 0 0 0 0 1 0
1 0 0 3 2 1 4 0
1 4 3 1 0 0 2 0
1 4 1 5 3 6 2 7
1 4 0 2 0 1 5 3
6 0 0 0 3 1 2 0
2 2 3 7 4 1 5 6
1 5 6 3 7 4 1 2
37 0 4 2 0 0 1 3
9 1 0 0 0 0 2 0
7 4 5 2 0 0 3 1
1 5 3 2 6 4 7 1
1 1 3 5 7 4 2 6
6 0 0 0 2 1 3 0
3 2 0 1 0 0 0 3
1 3 6 1 4 7 5 2
1 1 2 5 7 4 3 6
3 6 3 1 7 5 4 2
63 0 0 1 0 0 0 0
3 5 1 2 6 7 4 3
1 0 3 1 0 4 0 2
1 0 0 0 3 0 1 2
1 6 5 3 0 2 1 4
1 4 1 5 6 7 3 2
1 0 4 0 0 2 1 3
3 4 3 0 0 0 1 2
2 4 1 0 0 2 3 0
4 1 2 0 0 3 4 0
1 7 1 6 2 4 5 3
1 5 1 0 0 3 2 4
1 3 1 5 6 7 2 4
1 7 6 1 4 5 3 2
1 5 6 1 3 7 4 2
9 2 3 6 4 1 5 7
2 3 2 6 4 5 1 7
1 7 6 2 1 5 3 4
1 4 0 0 1 2 3 0
1 2 3 1 0 0 0 0
1 0 0 0 0 1 2 3
1 3 4 2 0 0 1 0
20 0 2 1 0 0 0 3
15 0 3 2 0 0 1 0
4 6 4 1 5 7 3 2
8 3 2 0 0 0 1 0
3 1 0 0 0 2 3 0
2 5 4 3 6 7 1 2
1 1 3 5 0 2 4 6
3 5 2 3 0 0 4 1
6 2 0 3 0 0 1 0
1 3 6 4 2 5 1 7
2 0 3 0 0 1 2 0
1 4 5 1 6 3 7 2
4 3 1 0 4 2 0 0
1 4 1 2 7 6 5 3
1 0 2 1 5 0 4 3
4 0 3 4 0 0 1 2
1 0 3 2 5 0 4 1
1 6 3 1 5 7 2 4
1 4 2 3 0 6 1 5
1 7 5 6 1 2 3 4
1 0 2 3 0 1 0 0
1 4 5 3 6 2 7 1
1 3 1 6 4 2 5 7
1 3 1 7 4 5 2 6
2 0 0 0 3 2 1 0
1 6 5 4 3 2 1 7
2 3 1 0 4 0 2 0
10 4 5 2 6 7 3 1
1 4 2 0 3 1 0 0
1 7 4 2 6 5 3 1
1 7 6 1 5 4 3 2
5 3 4 0 2 1 0 0
1 2 1 5 7 3 4 6
2 4 5 1 0 0 2 3
2 3 4 5 0 0 1 2
1 4 1 0 3 2 0 0
1 2 1 4 6 7 3 5
1 7 6 5 4 2 1 3
2 2 1 5 0 0 3 4
1 3 0 0 0 2 0 1
258 0 0 1 0 0 3 2
2 3 2 0 1 0 0 0
1 6 5 2 0 4 1 3
1 4 5 1 0 3 6 2
1 6 7 1 4 5 3 2
5 5 3 1 6 7 4 2
9 0 1 0 0 0 2 3
2 6 3 4 7 2 1 5
1 0 4 2 0 3 1 0
1 1 4 7 2 5 3 6
2 5 4 1 0 0 2 3
1 2 5 7 4 1 3 6
5 0 2 1 0 0 3 4
3 2 1 5 6 7 3 4
1 3 2 1 7 6 4 5
1 2 4 0 3 1 5 0
1 1 4 3 7 6 5 2
1 5 2 3 6 7 1 4
2 1 0 0 2 3 0 0
1 2 1 4 3 5 6 7
18 2 3 0 4 1 0 0
1 3 5 6 7 2 1 4
5 6 3 1 5 7 4 2
1 2 1 4 0 3 0 0
1 4 6 1 7 5 3 2
4 0 0 2 0 3 0 1
1 5 2 1 0 0 3 4
1 3 6 1 5 7 4 2
18 2 1 0 3 0 0 0
1 5 4 1 6 0 3 2
1 4 1 6 7 2 3 5
4 2 4 0 3 1 0 0
1 3 5 1 6 4 7 2
1 5 2 1 3 4 6 7
24 0 2 0 0 0 1 0
1 2 1 4 0 3 0 5
1 1 0 0 2 0 0 3
1 7 3 4 6 1 2 5
5 5 6 2 4 7 3 1
1 3 1 5 6 2 7 4
1 4 1 3 0 0 2 5
1 2 3 7 6 1 4 5
2 6 1 2 5 7 4 3
2 4 7 1 3 5 6 2
15 0 1 2 0 0 3 0
1 0 0 2 4 0 1 3
2 5 2 4 7 6 1 3
5 4 1 2 0 0 0 3
1 2 0 0 1 0 3 0
1 2 5 1 0 0 3 4
1 6 3 2 7 5 4 1
1 0 0 2 0 1 3 4
3 0 2 0 0 0 0 1
1 3 2 6 7 1 4 5
1 3 1 5 4 7 2 6
1 4 2 5 3 0 1 0
1 3 5 4 6 0 1 2
1 1 5 2 6 7 4 3
1 5 4 3 6 7 2 1
1 2 1 4 5 3 6 7
1 3 4 0 1 5 2 0
17 1 2 0 0 3 0 0
1 3 1 6 7 2 4 5
3 3 1 4 7 6 2 5
1 0 0 1 4 0 2 3
1 1 3 0 2 0 0 0
5 3 2 1 0 0 0 0
1 0 1 0 2 3 0 0
1 0 0 1 2 4 5 3
5 5 2 3 7 6 1 4
3 4 5 2 6 7 1 3
9 0 0 0 0 1 0 2
1 4 5 1 7 6 2 3
4 0 2 0 0 1 0 3
1 2 4 5 0 0 1 3
1 0 1 2 4 0 0 3
1 4 3 2 6 0 5 1
1 3 4 7 1 2 5 6
4 0 1 2 0 0 3 4
18 0 0 3 0 0 2 1
1 4 2 3 0 1 0 0
9 0 0 1 3 0 0 2
2 3 2 4 7 6 1 5
1 6 5 3 7 4 2 1
1 4 1 2 5 0 6 3
1 5 4 1 7 6 2 3
1 3 4 5 2 7 1 6
1 1 4 3 2 0 0 0
1 1 0 3 0 4 2 0
4 3 2 4 0 0 1 5
9 2 1 3 0 0 0 0
2 4 1 5 3 2 7 6
2 1 3 2 0 0 0 0
1 0 0 0 2 3 0 1
3 0 3 0 0 1 0 2
1 3 4 1 0 5 0 2
1 3 4 1 5 6 7 2
1 4 5 6 2 1 3 7
82 2 1 0 0 0 0 0
12 2 0 0 0 0 1 0
23 2 0 0 3 1 0 0
1 1 3 4 0 0 2 5
2 2 0 0 0 0 1 3
1 5 3 2 7 6 1 4
2 0 1 3 2 0 4 0
1 0 0 3 1 0 2 0
93 0 0 2 0 0 1 3
1 2 3 6 5 1 4 7
2 1 2 4 0 0 3 5
2 0 1 2 0 4 0 3
1 5 2 6 4 1 3 7
2 2 5 4 7 6 1 3
15 0 1 3 0 0 2 0
6 0 2 0 0 0 3 1
4 3 1 0 2 0 0 0
1 3 4 0 1 0 2 0
1 1 0 0 2 0 3 0
1 5 2 3 7 4 6 1
10 4 5 2 7 6 1 3
3 0 0 0 0 2 1 0
2 1 4 0 0 3 2 0
2 4 3 1 6 7 5 2
1 0 2 0 0 1 3 0
1 5 4 2 3 6 7 1
1 7 2 1 6 5 4 3
1 4 1 7 3 5 2 6
46 3 1 0 0 2 0 0
19 5 4 2 0 0 3 1
9 0 3 0 0 0 1 2
3 1 2 0 3 0 0 0
1 1 0 0 3 0 2 0
1 3 1 2 0 0 4 0
4 2 3 0 4 1 5 0
1 0 1 3 2 0 0 4
1 4 3 1 7 6 5 2
1 3 0 0 0 0 2 1
9 4 6 1 5 7 3 2
1 2 1 0 3 4 5 6
1 3 5 1 0 0 2 4
1 0 1 0 0 2 0 3
7 0 1 0 0 3 2 0
3 2 1 3 7 6 4 5
1 1 7 3 6 5 2 4
267 0 0 1 0 0 0 2
2 3 0 0 2 0 1 0
4 2 5 3 0 0 1 4
1 2 4 6 1 5 3 7
1 1 2 0 3 0 4 0
1 6 7 1 3 5 4 2
1 0 0 4 0 3 1 2
1 0 0 0 3 0 2 1
1 1 3 2 0 0 5 4
17 2 0 0 0 1 3 0
1 0 0 2 1 0 0 3
1 2 4 3 0 0 5 1
1 4 1 7 3 2 5 6
