8 Mid Formartine
4 6 400 5046
Andrew John HASSAN, SLD
Kenny HUTCHISON, SNP
Paul JOHNSTON, Ind
Jenny NICOL, SNP
Sheila POWELL, Con
Derek RITCHIE, Con
11 1 0 2 0 4 3
22 2 0 1 0 3 0
2 1 2 6 3 5 4
109 0 2 3 1 0 0
2 0 0 2 1 0 0
1 1 4 3 2 5 6
104 0 0 3 0 2 1
21 3 5 4 6 1 2
17 0 1 2 3 0 0
1 2 6 5 3 1 4
3 4 5 1 6 2 3
8 3 1 4 2 6 5
77 3 0 4 0 2 1
2 4 0 2 0 3 1
1 1 0 0 4 2 3
45 3 2 4 1 5 6
1 2 1 3 4 6 5
1 0 2 5 1 3 4
1 5 3 6 4 2 1
1 2 5 3 0 1 4
1 3 0 0 1 0 2
3 0 0 0 1 0 2
1 6 5 1 4 2 3
1 4 3 2 1 6 5
124 3 0 0 0 1 2
23 0 2 1 3 0 0
1 0 3 0 4 2 1
2 3 1 0 2 4 5
1 0 1 0 0 2 3
1 5 3 6 4 1 2
4 2 5 1 3 4 6
3 1 6 2 5 4 3
1 2 0 3 1 4 0
1 3 2 5 1 6 4
9 0 0 2 0 1 3
3 2 4 1 3 6 5
2 0 3 0 1 0 2
3 0 0 1 3 2 0
1 0 0 2 3 0 1
3 1 2 3 4 5 6
1 1 0 2 4 3 0
2 1 5 2 6 4 3
20 1 0 2 3 0 0
3 6 4 5 3 2 1
2 0 4 0 3 1 2
1 2 6 4 5 3 1
12 1 3 2 4 5 6
1 3 2 1 4 5 6
1 2 4 0 0 3 1
1 1 5 3 6 4 2
4 2 0 3 0 4 1
86 3 0 4 0 1 2
9 1 0 3 0 2 0
1 4 0 1 2 0 3
2 4 1 2 3 5 6
1 3 0 1 2 0 4
13 0 0 1 2 0 0
7 4 5 1 6 3 2
2 4 2 1 3 6 5
6 1 2 4 3 0 0
2 3 5 2 6 4 1
5 2 0 4 0 3 1
1 4 5 6 1 2 3
2 3 5 1 4 6 2
1 2 1 0 3 0 4
4 1 2 4 3 6 5
6 2 3 1 4 6 5
1 3 6 1 5 2 4
1 0 4 1 2 0 3
15 1 0 0 0 3 2
12 1 3 2 4 0 0
6 3 0 1 0 4 2
1 2 6 1 3 5 4
29 0 0 1 0 3 2
130 1 0 0 0 0 0
3 0 2 1 0 0 0
2 1 4 2 0 0 3
9 0 2 0 1 0 3
2 3 4 1 2 6 5
1 3 1 0 0 0 2
1 6 4 2 5 3 1
3 5 3 6 1 4 2
6 4 2 1 3 5 6
1 2 4 3 1 0 0
3 2 1 4 3 0 0
1 1 2 5 3 6 4
2 1 2 4 3 5 6
56 4 0 3 0 1 2
265 0 1 0 2 0 0
23 1 0 4 0 2 3
3 1 2 3 4 0 0
1 0 0 0 1 3 2
4 0 0 0 1 2 3
13 0 3 2 1 0 0
16 4 5 3 6 1 2
1 4 5 6 3 1 2
1 0 3 2 0 1 0
1 0 0 3 1 2 0
7 1 5 4 6 2 3
1 3 0 0 4 2 1
2 4 2 5 1 6 3
1 5 4 3 2 0 1
1 0 0 0 2 1 0
1 0 1 0 0 0 2
27 2 4 1 3 0 0
33 0 0 1 0 2 3
1 0 3 1 0 0 2
1 2 0 1 3 0 4
1 5 2 4 1 3 6
1 4 3 5 1 6 2
2 2 5 4 6 3 1
6 0 3 0 2 0 1
1 1 3 0 2 0 4
1 1 3 4 5 2 6
2 6 1 3 2 5 4
1 4 1 2 0 0 3
1 2 1 3 4 0 0
1 2 4 5 3 1 6
1 3 1 0 0 2 4
12 1 0 0 0 2 0
1 1 5 6 4 2 3
7 1 6 2 5 3 4
44 0 3 1 2 0 0
2 1 5 4 6 3 2
2 3 4 2 1 5 6
4 1 3 4 2 5 6
1 1 3 4 2 6 5
1 6 3 5 4 2 1
1 1 0 2 4 0 3
7 2 3 1 4 5 6
2 1 6 3 5 2 4
3 4 5 2 6 3 1
1 1 3 0 0 0 2
2 3 0 2 0 4 1
1 2 5 6 4 1 3
4 3 0 1 0 2 0
20 0 1 0 0 0 0
3 4 3 2 1 5 6
20 4 5 3 6 2 1
3 5 3 6 1 2 4
2 5 2 3 1 4 6
31 0 0 0 0 1 0
1 2 5 1 3 0 4
1 0 1 0 3 2 0
50 3 2 4 1 0 0
8 2 6 1 5 3 4
14 1 3 4 2 0 0
9 2 0 0 0 3 1
1 0 2 3 1 4 5
2 3 4 2 1 6 5
1 3 2 4 5 1 6
2 2 1 4 3 6 5
1 1 2 0 0 0 3
3 0 3 0 0 2 1
1 1 5 2 3 4 6
1 6 1 5 2 4 3
40 3 1 4 2 0 0
31 4 1 3 2 5 6
3 3 2 6 1 4 5
29 2 0 1 0 3 4
1 4 3 5 1 2 6
1 2 0 0 1 3 0
2 2 3 0 0 0 1
30 2 0 1 0 0 3
2 5 1 6 2 3 4
74 4 2 3 1 0 0
1 4 5 2 6 1 3
2 0 2 1 0 0 3
4 1 2 0 0 0 0
327 0 2 0 1 0 0
8 3 4 2 1 0 0
1 1 3 5 2 4 6
1 5 1 6 3 2 4
14 3 5 4 6 2 1
3 6 2 3 1 4 5
1 5 4 1 6 2 3
1 0 3 0 1 2 0
6 2 5 1 6 3 4
3 1 0 3 0 2 4
1 1 2 6 3 4 5
7 3 1 6 2 4 5
2 2 0 1 4 3 5
6 2 3 0 1 0 0
2 0 0 3 2 0 1
2 6 3 1 2 4 5
1 2 6 1 4 3 5
15 0 1 0 2 0 3
5 3 4 6 5 2 1
1 5 4 6 3 2 1
4 2 3 4 1 0 0
1 3 1 0 2 0 4
2 2 5 1 4 3 6
12 1 4 2 3 0 0
11 1 0 0 2 0 0
1 6 5 3 4 1 2
19 4 0 1 0 3 2
1 3 6 4 1 2 5
11 4 3 1 2 5 6
5 2 0 4 0 1 3
2 6 2 3 1 5 4
1 1 5 6 3 2 4
3 3 0 1 0 2 4
23 0 0 0 1 0 0
1 3 0 2 1 4 0
13 0 0 2 0 3 1
1 4 6 5 1 2 3
1 5 1 6 2 4 3
30 4 2 1 3 0 0
7 0 1 2 0 0 0
1 3 4 5 2 6 1
1 5 6 1 3 4 2
4 2 6 1 5 4 3
1 3 6 2 5 1 4
6 2 0 0 1 0 0
1 6 5 4 2 1 3
16 1 0 2 0 0 3
2 2 3 4 1 5 6
81 0 1 3 2 0 0
2 1 0 0 3 2 0
47 4 2 3 1 5 6
9 1 0 4 0 3 2
2 4 0 0 3 1 2
13 3 4 1 2 0 0
1 0 2 0 3 0 1
2 3 1 2 4 5 6
11 1 5 2 6 3 4
10 0 0 2 0 1 0
1 0 3 2 1 5 4
34 1 0 2 0 3 4
67 4 0 3 0 2 1
2 3 0 0 2 1 0
1 0 2 3 1 5 4
11 2 4 1 3 5 6
4 3 5 6 4 1 2
73 0 0 3 0 1 2
42 4 1 3 2 0 0
5 0 0 2 0 0 1
2 5 4 6 1 2 3
18 1 0 2 0 3 0
1 1 5 0 2 3 4
26 4 0 1 0 2 3
1 4 6 2 5 3 1
6 4 1 3 2 6 5
1 1 3 4 2 5 0
1 4 0 1 2 3 0
2 3 0 2 1 0 0
1 4 6 2 1 3 5
6 0 0 1 0 2 0
2 3 1 2 0 0 0
1 0 0 2 1 3 4
8 1 4 2 3 5 6
4 6 2 5 1 4 3
4 0 2 0 1 3 4
12 2 0 1 3 0 0
102 3 0 0 0 2 1
17 0 0 1 0 0 2
5 1 2 3 0 0 0
1 1 5 2 0 4 3
10 2 0 3 0 1 0
280 0 0 0 0 1 2
5 2 5 1 6 4 3
9 3 0 1 2 0 0
1 2 3 0 0 1 0
2 1 3 6 2 4 5
1 2 0 1 4 0 3
1 1 0 4 2 3 0
1 0 3 1 0 2 0
1 2 4 6 5 3 1
1 0 3 1 4 0 2
1 2 4 5 1 3 6
2 1 4 2 3 6 5
1 5 3 6 2 4 1
6 3 0 2 0 0 1
3 4 6 1 5 2 3
17 2 3 1 4 0 0
1 1 3 2 0 4 0
1 5 3 1 2 6 4
1 0 1 0 3 4 2
13 3 0 1 0 0 2
30 4 3 1 2 0 0
1 0 3 1 2 4 5
7 1 0 3 0 0 2
2 3 2 1 4 0 0
1 3 6 1 5 4 2
3 0 0 0 2 0 1
3 1 6 4 5 2 3
11 2 0 0 0 1 0
73 0 0 0 0 0 1
1 4 3 2 1 0 5
1 3 5 4 1 6 2
4 3 4 1 2 5 6
4 0 0 0 3 1 2
4 4 6 1 5 3 2
13 3 6 4 5 2 1
16 1 0 0 0 0 2
1 2 6 4 5 1 3
8 4 3 2 1 0 0
1 0 0 0 2 1 3
124 0 0 1 0 0 0
3 6 1 5 2 3 4
4 3 5 6 4 2 1
1 6 5 2 1 4 3
1 2 0 3 0 1 4
12 3 6 4 5 1 2
2 0 4 0 3 2 1
7 2 3 1 0 0 0
39 1 0 0 0 2 3
2 4 3 1 2 6 5
6 2 0 3 0 0 1
2 2 1 3 4 5 6
1 4 3 6 5 2 1
4 4 0 2 0 1 3
1 0 3 0 0 1 2
1 5 3 2 1 4 6
3 0 0 1 4 3 2
4 5 2 6 1 3 4
3 0 0 0 3 2 1
2 2 0 3 1 0 0
1 1 5 4 3 6 2
1 2 1 6 3 5 4
1 5 2 1 3 4 6
2 1 3 2 4 6 5
1 0 3 2 4 0 1
9 4 6 3 5 1 2
1 4 1 5 2 3 6
15 3 2 4 1 6 5
105 3 2 0 1 0 0
21 2 0 1 0 4 3
18 4 2 3 1 6 5
1 2 3 6 1 4 5
1 2 3 0 1 4 0
1 1 4 2 6 3 5
1 4 6 2 3 5 1
2 1 0 0 2 3 0
1 0 2 4 1 0 3
158 2 0 1 0 0 0
1 0 1 0 3 2 4
7 2 1 0 3 0 0
5 0 2 0 1 3 0
2 3 4 5 6 1 2
1 1 4 2 5 6 3
2 0 1 3 2 4 0
2 5 6 4 3 1 2
3 0 2 0 0 0 1
3 1 0 3 2 0 0
1 1 0 2 5 4 3
2 3 5 1 6 4 2
1 4 5 1 2 6 3
1 0 1 0 2 3 4
2 3 2 6 1 5 4
1 4 3 1 6 2 5
1 1 4 6 2 5 3
12 4 1 2 3 0 0
1 3 1 4 5 2 6
18 1 3 0 2 0 0
1 0 4 0 2 1 3
1 3 2 5 1 4 6
10 0 1 0 2 3 0
1 3 2 1 0 0 0
1 2 3 4 1 6 5
9 4 6 3 5 2 1
2 3 4 6 5 1 2
1 3 5 2 4 6 1
1 1 2 6 5 4 3
3 6 5 3 4 2 1
1 1 4 0 2 3 5
2 1 6 3 5 4 2
2 3 2 0 1 5 4
1 1 3 0 2 4 0
2 1 4 3 2 0 0
6 2 1 3 0 0 0
13 1 3 2 0 0 0
1 1 6 5 2 4 3
6 2 1 0 0 0 0
9 2 0 0 0 0 1
1 0 3 1 2 0 4
2 1 4 5 2 3 6
2 3 6 1 2 4 5
1 3 5 1 6 2 4
1 6 3 5 2 1 4
3 1 4 6 5 2 3
2 6 2 5 1 3 4
1 0 0 1 2 0 3
1 1 0 2 3 4 0
1 1 2 3 4 6 5
72 3 1 0 2 0 0
1 3 0 2 0 1 0
1 3 4 2 5 6 1
1 1 0 0 2 0 3
265 0 0 0 0 2 1
5 5 2 6 1 4 3
1 1 6 2 3 4 5
130 1 0 2 0 0 0
29 1 2 0 3 0 0
3 1 0 0 3 0 2
33 3 1 4 2 5 6
1 0 4 1 0 3 2
2 3 6 2 5 4 1
3 3 0 0 2 0 1
5 2 0 0 0 1 3
