1 Carse of Gowrie
3 8 983 4547
Alasdair BAILEY, Lab
Lindsay James Crosbie EASTON, SLD
Angus FORBES, Con
Ken HARVEY, SNP
Roger HUMPHRY, Grn
John KELLAS, SNP
Don MARSHALL, SFP
Mac ROBERTS, Con
5 1 5 0 3 2 4 0 0
3 6 5 8 2 3 1 4 7
1 6 5 7 1 4 3 2 8
2 1 4 2 0 3 0 0 0
1 5 0 4 3 2 1 0 0
6 2 0 1 0 3 0 0 0
1 3 6 5 1 4 2 7 8
1 2 1 0 0 3 0 4 5
1 3 1 2 0 4 0 0 5
1 1 6 7 4 3 5 8 2
1 4 5 8 3 2 1 6 7
2 0 1 0 0 3 0 2 0
1 1 6 2 3 5 4 0 7
4 3 5 7 1 4 2 6 8
1 2 0 3 0 0 0 4 1
1 1 7 2 4 6 5 8 3
1 0 4 2 0 3 0 0 1
2 3 1 7 4 2 5 8 6
2 0 0 2 1 0 0 0 0
1 3 0 5 2 0 1 0 4
1 0 2 3 1 0 0 0 0
2 1 4 3 7 6 8 5 2
1 4 2 0 0 1 3 0 0
1 3 7 6 2 5 1 4 8
1 2 1 0 0 4 0 0 3
1 5 6 4 2 8 1 7 3
1 2 3 8 7 1 6 5 4
1 6 7 8 3 1 2 4 5
1 8 4 1 5 7 3 6 2
1 6 3 2 7 5 8 4 1
2 0 1 2 3 0 0 0 0
1 1 0 2 3 4 5 0 0
1 1 4 2 5 8 6 7 3
1 2 1 0 0 3 0 0 4
2 1 2 0 3 4 0 0 0
1 5 6 7 1 2 3 4 8
4 1 3 6 4 2 5 8 7
1 0 0 0 1 2 3 4 0
1 2 3 7 1 4 5 8 6
2 3 4 1 0 5 0 0 2
38 1 3 0 0 2 0 0 0
4 1 0 0 4 2 3 0 0
1 1 4 2 3 5 7 8 6
1 2 6 7 3 1 4 5 8
2 3 5 1 7 2 8 6 4
1 4 7 6 2 3 1 5 8
1 1 5 3 4 6 7 8 2
3 2 1 3 0 0 0 0 4
1 3 2 1 0 4 5 0 0
1 0 3 0 1 2 4 0 0
1 1 5 6 3 2 4 8 7
112 3 0 0 1 0 2 0 0
2 0 1 0 3 0 2 0 0
1 3 4 6 2 5 1 7 8
238 0 0 0 1 0 2 0 0
1 2 0 1 0 3 0 0 4
1 3 4 6 2 0 1 5 0
2 3 5 6 2 4 1 7 8
1 2 5 3 8 6 7 1 4
1 7 6 1 2 4 3 5 8
13 0 0 0 0 0 0 0 1
4 3 4 1 8 5 7 6 2
1 4 3 1 0 2 0 0 0
3 3 2 1 0 0 0 0 4
1 0 2 0 0 1 0 0 3
1 0 0 0 0 1 3 2 0
1 2 5 6 1 7 8 3 4
1 3 5 8 2 4 1 6 7
133 3 0 1 0 0 0 0 2
1 2 1 3 0 4 0 0 0
1 4 3 1 5 2 6 7 8
3 3 0 0 0 1 2 0 0
1 1 6 5 2 7 3 4 8
1 0 1 0 4 3 2 0 0
1 5 4 6 2 1 3 0 7
1 1 2 4 0 3 0 0 5
1 5 3 1 0 0 0 4 2
4 2 3 0 0 0 0 1 0
10 0 0 0 1 0 2 3 0
13 0 4 0 1 3 2 0 0
5 5 4 8 1 3 2 6 7
4 0 1 2 0 0 0 0 3
1 0 1 0 0 2 3 0 0
1 0 3 0 0 0 2 0 1
1 4 3 2 5 6 1 7 8
1 1 4 7 2 5 3 6 8
1 4 2 3 7 1 6 8 5
1 4 3 6 2 5 1 8 7
1 3 8 4 1 5 2 6 7
5 2 0 0 3 0 1 0 0
1 2 3 1 0 5 0 0 4
19 0 3 0 1 0 2 0 0
1 1 2 5 8 6 7 3 4
5 4 5 0 2 3 1 0 0
1 2 3 4 5 1 7 0 6
1 1 6 7 3 5 2 4 8
2 1 0 4 3 0 0 0 2
1 2 4 3 7 1 8 5 6
2 2 5 6 3 1 4 8 7
1 6 3 1 7 4 5 8 2
1 5 3 6 1 4 2 8 7
2 4 3 2 0 0 0 5 1
1 5 6 1 4 7 2 8 3
1 4 5 6 1 2 3 7 8
7 1 0 2 3 0 0 0 0
4 4 0 0 2 1 3 0 0
1 0 4 1 0 0 0 2 3
2 0 4 0 3 1 2 0 0
1 1 5 3 6 2 7 8 4
1 2 7 4 3 8 5 6 1
1 0 0 4 1 2 3 0 0
1 3 4 2 0 5 0 0 1
1 1 2 3 6 7 5 8 4
2 2 1 0 4 3 5 0 0
4 3 4 1 7 6 8 5 2
15 3 4 2 0 0 0 0 1
1 2 0 3 0 4 1 0 0
2 5 2 6 3 1 4 8 7
1 4 2 3 8 5 7 6 1
4 0 1 3 0 0 0 0 2
7 1 0 3 0 2 0 0 0
5 0 2 0 0 1 0 0 0
1 1 5 2 0 3 0 6 4
1 7 5 3 2 4 1 0 6
1 2 3 7 4 6 5 1 8
1 1 0 0 3 0 4 0 2
1 4 5 7 1 2 3 8 6
1 0 0 1 2 0 0 0 0
1 4 3 2 6 8 7 5 1
2 1 0 2 0 3 0 0 4
1 3 4 5 1 6 2 7 8
2 1 2 7 5 4 6 3 8
9 5 4 7 1 3 2 6 8
1 3 4 7 6 5 1 8 2
3 3 1 0 0 0 0 0 2
1 2 5 1 0 0 0 4 3
1 3 6 0 1 5 2 4 0
2 0 0 0 2 3 1 4 0
1 3 4 1 5 8 7 6 2
1 3 4 5 1 7 2 8 6
2 4 5 1 0 0 0 3 2
1 6 5 4 3 7 2 0 1
2 3 5 0 2 4 1 0 0
1 2 5 1 4 3 0 0 0
1 1 2 3 0 5 0 0 4
1 2 5 3 6 4 7 8 1
19 4 5 0 1 3 2 0 0
6 1 0 0 3 4 2 0 0
1 2 1 4 7 5 8 6 3
1 1 5 8 2 4 3 6 7
1 3 5 2 4 7 1 8 6
1 3 7 5 1 6 2 8 4
1 3 6 8 2 4 1 7 5
1 2 1 4 0 6 0 5 3
1 3 2 0 4 1 0 0 0
1 2 1 3 8 6 7 5 4
1 1 4 8 2 6 3 5 7
1 6 4 7 1 5 2 3 8
1 0 4 1 2 0 3 0 0
1 1 7 6 3 8 2 4 5
4 6 5 7 1 3 2 4 8
3 4 5 7 1 3 2 8 6
1 1 0 0 0 3 2 0 0
3 0 0 0 2 0 1 3 0
1 3 6 2 5 1 7 8 4
1 3 2 4 7 1 6 8 5
1 1 3 0 2 5 4 0 0
40 0 3 2 0 0 0 0 1
1 2 4 3 1 7 5 8 6
2 0 1 0 0 0 0 2 0
3 2 0 0 1 4 3 0 0
228 1 0 0 0 0 0 0 0
4 0 2 1 0 0 0 0 0
1 1 3 2 4 5 6 7 8
1 1 5 2 0 0 0 4 3
1 1 2 4 5 3 6 8 7
1 3 2 7 5 1 4 8 6
1 1 3 2 6 5 7 4 8
1 5 6 1 3 4 2 8 7
2 0 2 0 1 0 3 0 0
1 3 1 0 0 0 2 0 0
1 5 3 1 6 4 7 8 2
1 1 3 4 2 7 5 0 6
1 2 1 4 0 0 0 0 3
1 3 1 2 4 0 0 0 0
1 0 2 3 0 0 0 4 1
76 0 3 1 0 0 0 0 2
1 8 3 4 5 2 6 1 7
1 4 2 0 1 0 3 0 0
7 2 3 1 0 0 0 0 4
1 4 3 5 1 7 2 0 6
2 3 4 0 1 5 2 6 0
2 1 2 4 0 3 0 0 0
4 1 5 0 2 4 3 0 0
1 0 3 0 0 2 0 0 1
1 4 0 0 1 3 2 5 0
2 1 4 3 6 5 7 8 2
3 3 4 0 2 0 1 0 0
2 3 2 4 0 1 0 0 0
166 0 0 0 1 3 2 0 0
3 2 0 0 4 3 1 0 0
1 0 4 1 0 5 0 3 2
2 4 5 8 3 1 2 6 7
1 4 6 5 2 3 1 8 7
1 2 1 8 4 3 5 6 7
1 1 2 0 3 6 4 5 0
24 0 0 0 1 2 3 0 0
2 1 4 2 7 6 8 5 3
2 1 6 2 7 5 8 4 3
1 2 0 1 4 6 5 0 3
1 1 6 7 4 2 5 8 3
1 3 2 1 6 5 4 8 7
1 1 6 2 4 3 5 0 7
1 0 3 2 0 1 0 0 0
1 2 4 1 7 6 8 5 3
1 1 3 2 0 0 0 5 4
1 1 4 3 0 5 0 0 2
1 5 2 0 3 4 1 0 0
5 1 0 0 2 3 4 0 0
1 1 5 3 6 4 7 8 2
5 5 4 7 2 3 1 6 8
41 2 0 1 0 0 0 0 3
3 3 0 0 4 1 2 0 0
1 1 4 8 2 3 5 6 7
1 2 3 6 1 0 4 5 7
1 1 0 0 0 0 2 0 3
2 1 0 2 0 0 0 4 3
1 2 4 3 0 0 0 1 5
2 4 6 5 2 1 3 8 7
30 3 4 1 0 0 0 0 2
93 0 0 0 2 3 1 0 0
1 0 2 0 0 0 0 1 3
1 0 0 0 1 2 3 0 4
1 2 5 1 7 3 8 6 4
1 1 6 3 4 2 5 8 7
1 1 3 5 4 2 0 0 0
1 3 1 2 7 4 6 0 5
2 5 4 7 1 3 2 8 6
3 0 0 0 2 1 0 0 0
1 3 0 0 4 2 1 0 0
3 4 5 6 3 1 2 8 7
1 1 5 7 2 3 4 8 6
1 0 0 1 3 0 0 0 2
1 3 4 2 8 1 7 5 6
1 0 4 3 2 0 1 0 0
2 3 4 2 6 8 7 5 1
2 1 0 2 3 0 4 0 0
1 1 2 5 0 3 0 0 4
7 1 0 0 0 2 0 0 3
2 4 6 7 2 3 1 5 8
1 2 1 0 4 5 3 0 0
1 0 3 1 0 0 2 0 0
1 1 2 3 7 6 8 5 4
3 4 5 6 2 1 3 8 7
1 3 6 5 2 4 1 8 7
1 5 3 6 2 1 4 8 7
1 1 6 2 4 3 5 7 8
1 3 4 0 2 1 5 0 0
7 0 3 0 2 0 1 0 0
1 1 5 6 3 4 2 8 7
1 0 4 1 0 3 0 5 2
1 7 6 5 1 8 2 3 4
9 0 2 1 0 0 0 0 3
1 1 3 0 2 0 4 0 0
1 2 5 7 1 4 3 6 8
3 1 3 7 4 2 5 6 8
1 1 3 7 6 2 8 4 5
1 5 0 2 1 0 4 0 3
1 4 5 2 0 0 0 3 1
2 0 0 0 1 2 0 0 0
1 8 3 7 2 4 1 5 6
1 3 1 0 0 2 0 4 0
1 6 3 2 7 4 8 5 1
40 1 0 0 0 2 0 0 0
1 1 3 7 2 5 4 6 8
5 5 4 1 8 6 7 3 2
1 2 0 0 0 1 0 3 0
2 4 1 2 0 0 0 0 3
1 0 3 1 2 0 0 0 0
1 4 1 3 0 0 0 0 2
1 6 7 8 5 1 3 4 2
1 5 4 0 1 3 2 0 6
2 2 4 1 8 6 7 5 3
1 1 5 4 7 6 8 2 3
1 0 4 3 2 5 1 0 0
1 4 5 2 0 0 0 1 3
1 2 0 0 0 0 3 1 0
1 0 1 0 3 0 0 0 2
1 5 1 7 3 2 4 6 8
2 1 5 2 6 3 7 8 4
317 0 0 1 0 0 0 0 2
1 1 3 4 8 2 7 5 6
1 3 5 7 2 4 1 6 8
1 3 0 1 0 2 0 0 0
6 1 0 2 0 0 0 3 0
14 0 1 0 0 0 0 0 0
1 2 3 0 1 0 4 0 0
1 0 0 0 0 0 3 1 2
1 1 3 4 0 0 0 0 2
17 0 0 0 0 1 0 0 0
3 1 2 4 6 3 7 8 5
1 2 1 0 0 0 3 0 0
19 4 3 1 0 0 0 0 2
2 2 0 0 1 0 0 0 3
1 4 5 3 2 6 1 8 7
1 0 2 3 0 0 0 0 1
1 4 3 1 7 5 8 6 2
1 5 6 1 2 8 4 7 3
10 4 5 7 1 3 2 6 8
2 1 0 0 3 0 0 0 2
2 2 0 1 0 0 0 4 3
1 1 3 2 6 4 7 8 5
1 2 5 1 0 0 0 3 4
2 1 2 0 3 5 4 0 0
3 4 5 0 1 2 3 0 0
1 4 5 2 8 6 7 3 1
1 2 5 1 8 4 7 6 3
1 0 1 0 3 2 0 0 0
1 2 3 4 0 1 0 0 0
1 3 8 5 1 4 2 6 7
1 3 0 0 0 0 1 2 0
1 2 1 3 6 5 7 8 4
1 1 4 2 6 7 5 8 3
4 0 0 1 0 0 0 2 3
2 5 3 0 4 2 1 0 0
8 2 0 3 0 0 0 0 1
1 1 0 4 2 0 3 0 0
1 5 4 2 6 3 7 0 1
4 2 0 0 0 3 1 0 0
1 6 3 7 1 4 2 5 8
1 2 4 1 7 5 8 6 3
1 2 1 4 6 5 7 8 3
1 6 5 1 7 2 8 4 3
1 3 6 0 1 4 2 5 0
3 1 0 3 0 0 0 2 0
3 3 5 8 1 4 2 6 7
1 0 3 0 0 2 0 1 0
1 1 3 8 4 2 5 6 7
1 2 0 3 1 0 4 0 0
1 0 0 2 3 0 0 0 1
1 3 4 6 1 8 2 5 7
3 2 3 0 0 0 0 0 1
2 1 2 0 0 0 3 0 0
5 2 0 0 0 0 0 0 1
1 5 6 1 3 2 4 8 7
1 4 3 7 2 5 1 6 8
1 1 4 3 0 2 0 0 0
1 4 6 2 8 5 7 3 1
1 5 6 7 4 3 2 1 8
1 7 5 1 3 6 4 8 2
1 5 8 7 2 4 1 3 6
1 3 5 0 1 2 4 0 0
1 5 3 0 1 4 2 0 0
1 5 4 6 2 1 3 7 8
1 4 0 0 2 3 1 5 0
1 5 8 6 2 3 1 4 7
4 2 0 0 1 3 0 0 0
1 3 7 4 1 6 2 5 8
2 0 3 2 0 0 0 4 1
1 0 1 0 4 2 3 0 0
13 1 2 0 0 0 0 3 0
1 5 1 3 2 8 4 6 7
1 2 0 1 0 0 3 0 0
1 2 3 1 0 0 0 5 4
1 4 3 5 2 7 1 8 6
1 1 4 6 3 5 7 8 2
1 1 0 3 4 0 2 0 0
1 3 4 8 2 5 1 6 7
2 2 5 7 3 6 4 1 8
1 1 2 4 8 7 6 5 3
7 1 4 0 2 0 3 0 0
2 0 4 1 0 3 0 0 2
1 2 4 3 0 0 0 5 1
1 2 0 4 1 0 3 0 0
1 0 0 0 2 0 0 0 1
84 1 2 0 0 0 0 0 0
1 4 1 3 0 2 0 0 0
1 1 4 0 3 5 2 0 0
1 1 0 0 0 2 0 4 3
1 3 4 8 6 1 5 2 7
1 7 4 1 6 3 5 8 2
1 4 3 5 1 0 2 0 6
2 4 5 7 2 1 3 8 6
1 0 0 2 1 0 3 0 0
1 0 0 0 3 1 0 2 0
1 5 6 0 3 4 2 1 0
1 3 4 2 1 0 0 0 0
1 2 1 0 0 0 0 3 0
1 0 2 0 1 0 0 0 0
13 0 0 0 0 0 0 1 0
3 3 6 7 2 4 1 5 8
1 4 8 3 2 6 1 5 7
1 1 6 2 7 3 8 5 4
1 3 2 4 0 1 0 0 5
3 0 3 0 1 2 0 0 0
1 1 0 2 0 4 0 0 3
1 4 2 3 0 5 0 6 1
2 4 5 3 7 2 6 1 8
1 3 2 4 0 0 1 0 0
1 0 3 4 6 5 2 0 1
2 2 0 0 0 1 0 0 3
1 4 3 6 2 7 1 8 5
1 1 0 3 2 0 0 0 4
1 1 5 7 3 2 4 8 6
3 0 3 1 0 0 0 4 2
1 1 2 5 7 6 8 4 3
1 3 4 1 7 5 8 6 2
1 0 3 1 5 0 4 0 2
2 2 3 0 1 0 0 0 0
2 3 6 2 7 4 8 5 1
1 3 2 4 6 1 5 7 8
2 0 0 3 2 0 1 0 0
1 4 5 2 6 3 7 8 1
3 1 2 0 3 4 5 0 0
5 1 5 0 4 2 3 0 0
3 1 3 0 0 0 0 2 0
1 1 6 8 5 4 2 3 7
1 1 7 4 3 8 2 5 6
4 4 3 1 0 0 0 5 2
5 1 0 0 0 2 0 3 0
2 2 0 1 0 4 0 0 3
1 4 5 8 1 3 2 7 6
1 1 2 3 6 4 7 0 5
1 1 7 8 3 2 4 5 6
1 2 0 1 5 0 4 0 3
1 0 1 0 2 0 3 0 0
1 1 7 2 6 3 5 8 4
1 1 2 5 7 3 8 4 6
5 1 3 0 4 2 5 0 0
1 2 1 0 3 4 0 0 0
1 1 0 0 0 2 3 0 4
2 3 4 7 1 5 2 6 8
7 1 0 0 3 2 4 0 0
2 4 5 0 3 1 2 0 0
1 1 6 3 4 2 5 0 0
2 0 0 1 0 0 3 0 2
1 1 4 2 3 0 0 0 0
10 1 0 0 2 0 0 0 0
1 6 5 7 2 1 3 4 8
1 0 2 1 0 3 0 0 0
2 0 0 2 0 1 0 0 3
2 0 2 0 3 1 0 0 0
25 1 0 3 0 0 0 0 2
1 1 0 2 4 3 5 0 0
1 3 4 5 2 1 6 7 8
1 2 5 3 0 0 0 1 4
1 3 0 4 2 5 1 0 0
2 1 5 0 2 0 3 4 0
2 2 3 0 0 1 0 4 0
2 2 4 3 5 1 6 8 7
1 3 4 8 1 2 5 6 7
1 2 3 7 4 1 5 8 6
3 1 5 6 2 4 3 8 7
6 4 5 8 2 3 1 6 7
1 5 3 0 2 4 1 0 0
1 4 3 0 1 5 2 0 0
1 3 4 7 1 6 2 5 8
1 5 4 6 1 2 3 8 7
1 1 5 8 2 3 4 6 7
1 1 2 3 0 0 0 4 0
1 0 3 4 1 0 2 0 0
1 1 2 7 3 5 4 6 8
19 3 0 0 1 4 2 0 0
2 3 4 7 2 5 1 6 8
21 0 0 0 1 0 0 0 0
2 3 4 2 0 1 0 0 0
1 5 2 6 1 4 3 7 8
1 7 3 4 2 1 5 8 6
4 1 4 3 0 0 0 0 2
1 4 0 3 1 0 2 0 0
1 8 3 2 7 6 5 4 1
2 8 7 6 1 3 2 4 5
11 1 2 0 0 0 0 0 3
1 1 4 8 5 3 2 7 6
1 1 5 8 3 4 2 6 7
1 7 6 5 1 3 2 4 8
10 2 4 1 0 0 0 0 3
3 5 3 1 7 6 8 4 2
3 0 1 2 0 0 0 0 0
2 4 5 0 3 2 1 0 0
1 7 4 8 1 3 2 5 6
1 4 3 1 5 7 6 8 2
1 2 4 3 8 5 7 6 1
1 1 2 5 7 4 8 3 6
5 4 3 1 7 6 8 5 2
1 6 3 8 1 5 2 4 7
1 4 3 6 1 5 2 8 7
1 3 4 5 8 1 7 2 6
2 5 3 7 1 4 2 6 8
1 3 0 4 2 0 1 0 0
1 4 3 5 1 6 2 7 8
5 1 0 0 0 0 0 2 0
2 1 4 6 3 5 2 8 7
1 2 1 0 5 4 0 0 3
1 6 5 1 4 8 3 7 2
1 1 0 0 4 0 3 0 2
2 1 6 3 8 2 7 5 4
1 5 4 2 0 0 0 1 3
7 0 1 0 0 2 0 0 0
2 2 0 0 4 1 3 0 0
2 1 2 0 4 3 5 0 0
5 2 0 0 1 0 0 0 0
1 3 2 1 8 6 7 5 4
1 5 8 6 4 1 2 3 7
5 1 0 2 0 0 3 0 0
1 1 3 7 4 2 5 8 6
1 1 0 2 3 0 4 0 5
1 3 5 6 1 4 2 7 8
1 3 4 0 2 5 1 0 0
1 1 0 2 4 5 3 0 0
1 5 4 7 2 1 3 6 8
1 6 3 7 2 4 1 5 8
2 1 5 0 3 4 2 0 0
1 4 6 7 1 3 2 5 8
1 4 0 1 2 0 3 0 5
1 0 0 3 2 1 0 0 0
1 4 6 1 7 2 8 3 5
7 1 0 0 3 2 0 0 0
1 3 5 1 4 6 7 8 2
8 3 2 0 0 1 0 0 0
1 1 4 5 2 8 3 7 6
1 3 5 0 1 4 2 6 0
1 4 5 6 2 1 3 0 7
7 2 0 0 3 1 4 0 0
2 0 0 1 0 0 2 0 3
1 2 1 3 4 7 5 0 6
1 4 3 0 2 0 1 0 0
1 1 4 0 3 2 0 0 0
3 0 0 2 0 3 0 0 1
1 4 0 0 3 1 2 0 0
1 4 3 5 1 0 2 0 0
1 2 3 4 5 1 6 8 7
1 0 4 0 1 3 2 5 0
1 5 4 7 1 2 3 8 6
1 1 0 0 2 0 3 0 4
1 0 3 1 0 5 0 4 2
1 4 3 1 6 8 7 5 2
1 2 6 3 1 4 5 8 7
3 0 3 0 1 4 2 0 0
1 4 2 7 3 1 5 8 6
2 0 0 2 0 1 0 0 0
2 3 0 0 2 1 0 0 0
2 2 4 0 1 0 3 0 0
1 2 5 7 3 4 1 6 8
10 0 0 2 0 0 0 3 1
1 3 4 1 6 5 8 7 2
1 6 4 1 7 3 8 5 2
1 3 5 6 1 7 2 0 4
1 0 0 2 0 0 0 1 0
1 4 3 7 1 5 2 6 8
16 1 0 2 0 3 0 0 0
1 1 5 3 0 4 0 0 2
1 2 5 3 6 1 4 8 7
1 1 0 2 4 3 5 0 6
1 1 5 0 2 3 4 0 0
12 1 3 0 0 0 0 0 2
1 1 3 7 4 8 2 5 6
1 3 5 6 2 4 1 8 7
2 1 0 0 0 3 0 2 0
6 2 1 0 0 3 0 0 0
1 2 0 0 1 3 4 0 0
5 1 5 7 2 4 3 6 8
4 3 0 2 1 0 0 0 0
1 1 3 4 2 5 0 0 0
46 1 0 2 0 0 0 0 3
3 5 6 7 1 3 2 4 8
1 3 1 2 4 5 6 7 8
1 3 6 2 5 4 1 7 8
2 0 0 1 0 2 0 0 0
1 1 7 5 4 2 3 8 6
3 2 5 0 3 1 4 0 0
1 1 6 0 5 4 2 3 0
1 1 2 3 7 5 8 4 6
1 0 0 1 0 4 0 3 2
1 3 0 1 0 2 0 0 4
1 0 3 1 0 2 0 0 4
1 3 1 2 0 0 0 0 0
3 3 0 4 1 0 2 0 0
1 0 4 0 0 3 1 2 5
2 5 4 0 1 2 3 0 0
4 4 3 0 1 0 2 0 0
1 4 2 3 1 5 6 0 7
1 2 7 5 3 1 6 0 4
1 4 5 1 7 3 8 6 2
2 1 2 6 4 3 5 8 7
5 5 4 8 2 3 1 6 7
1 5 4 1 6 3 7 8 2
1 4 6 5 3 2 1 8 7
1 4 2 1 7 5 6 0 3
2 1 3 2 0 0 0 0 4
2 2 3 5 4 6 1 7 8
1 4 5 7 2 3 1 8 6
1 7 1 5 2 6 3 4 0
3 0 0 1 0 2 0 0 3
1 5 3 1 0 6 0 4 2
1 1 5 0 3 4 2 0 6
1 8 3 2 6 7 4 5 1
1 1 5 7 3 4 2 6 8
164 0 0 2 0 0 0 0 1
1 3 4 2 0 1 0 5 0
1 0 5 0 2 4 1 3 0
3 2 5 0 4 1 3 0 0
4 2 1 0 0 0 0 0 3
2 0 3 0 2 1 4 0 0
2 2 0 1 3 0 0 0 0
1 0 0 0 1 4 2 3 0
1 4 3 2 6 5 7 8 1
1 5 8 4 1 6 2 7 3
1 6 4 7 1 3 2 5 8
3 0 0 1 0 0 2 0 0
1 3 0 0 0 2 1 0 0
1 1 2 3 6 5 7 8 4
1 1 6 3 4 0 5 0 2
2 1 5 2 7 3 8 6 4
1 3 0 2 0 0 0 4 1
1 6 7 8 1 5 2 3 4
3 3 4 2 7 6 8 5 1
31 1 2 3 0 0 0 0 0
14 0 0 1 0 3 0 0 2
3 2 0 0 0 0 0 1 0
2 2 3 1 6 5 7 8 4
2 3 0 0 1 2 0 0 0
1 5 3 0 4 1 2 0 0
1 1 4 0 3 0 2 0 0
4 3 0 1 2 0 0 0 0
1 1 0 0 0 0 2 3 0
1 5 4 6 1 3 2 7 8
1 2 1 5 3 0 4 0 6
1 0 0 0 0 1 2 0 0
2 5 4 0 2 1 3 0 0
2 5 6 8 1 3 2 4 7
1 1 5 2 6 8 7 3 4
1 3 8 7 1 4 2 5 6
1 4 5 0 2 1 3 0 0
1 1 6 4 2 5 3 0 0
10 2 3 0 0 1 0 0 0
4 3 4 1 0 5 0 6 2
1 0 3 1 0 2 0 0 0
9 1 2 3 0 0 0 0 4
1 5 3 7 2 1 4 8 6
1 1 4 3 8 2 7 6 5
1 2 1 3 7 4 0 5 6
1 0 0 1 2 0 0 0 3
2 2 5 6 4 3 1 8 7
3 4 5 0 2 3 1 6 0
2 1 3 2 0 4 0 0 0
1 0 4 3 0 5 0 1 2
1 2 4 3 0 1 0 0 0
2 0 1 0 3 4 2 0 0
1 2 3 1 4 0 0 0 0
1 3 5 6 2 7 1 4 8
1 1 4 7 5 3 6 2 8
4 3 5 6 1 4 2 8 7
2 4 3 6 1 5 2 7 8
3 5 4 1 0 3 0 0 2
1 2 4 7 8 3 1 5 6
1 3 0 1 0 0 2 0 0
1 3 4 2 6 5 7 8 1
1 4 3 1 2 0 0 0 0
1 0 0 3 0 0 2 0 1
1 3 4 2 7 5 6 8 1
1 3 4 7 2 6 1 5 8
1 3 4 0 1 0 2 5 0
1 1 0 3 0 0 2 0 0
1 1 4 2 0 3 0 0 5
6 6 5 7 2 3 1 4 8
1 2 3 7 4 6 1 5 8
1 3 5 4 1 2 6 8 7
1 1 3 6 2 4 5 8 7
1 0 0 0 3 0 1 0 2
1 0 2 0 3 0 4 0 1
106 0 0 0 2 0 1 0 0
2 4 0 1 0 0 0 3 2
2 1 2 6 7 3 8 4 5
1 0 0 0 1 0 3 2 0
1 5 4 1 7 3 8 6 2
1 2 0 0 3 4 1 0 0
3 4 5 6 1 2 3 8 7
2 4 5 6 2 3 1 7 8
2 0 0 1 0 2 0 3 0
1 1 4 3 5 6 7 0 2
1 3 4 6 1 5 2 8 7
2 6 4 7 2 3 1 5 8
12 2 0 0 0 1 0 0 0
3 3 0 0 2 1 4 0 0
1 3 4 2 7 1 8 5 6
10 0 0 0 0 0 1 0 0
1 1 0 3 0 2 0 4 0
8 0 0 0 3 1 2 0 0
1 2 0 3 0 1 0 0 4
9 3 5 0 1 4 2 0 0
4 0 0 0 1 3 2 4 0
3 1 4 2 0 5 0 0 3
1 1 6 3 2 7 5 8 4
6 1 0 0 0 0 2 0 0
1 4 5 6 1 7 2 8 3
2 3 2 1 0 4 0 0 5
1 0 2 0 3 1 4 0 0
1 2 1 4 6 8 7 3 5
1 4 3 7 1 0 2 5 6
1 1 4 7 2 5 3 8 6
21 0 0 0 2 1 3 0 0
2 1 4 2 6 5 7 8 3
2 3 0 0 1 0 2 4 0
1 2 0 1 0 0 0 3 0
50 0 0 1 0 0 0 0 0
1 4 0 3 2 1 0 0 0
1 1 2 4 0 0 0 5 3
1 8 2 1 7 3 6 4 5
1 4 0 0 1 0 2 5 3
3 4 0 0 3 2 1 0 0
1 3 6 2 4 8 1 7 5
1 6 4 7 1 3 0 2 5
1 7 2 1 5 3 6 8 4
1 1 3 4 0 0 2 0 0
1 1 2 7 5 3 4 6 8
1 0 3 0 0 1 0 0 2
15 2 3 1 0 0 0 0 0
4 4 5 7 2 3 1 6 8
2 4 0 0 1 2 3 0 0
1 0 0 0 0 1 2 3 0
6 1 0 0 0 2 3 0 0
2 0 2 1 0 0 0 3 0
2 3 2 0 0 0 1 0 0
1 2 8 1 3 4 5 6 7
1 2 0 3 0 0 1 0 0
2 0 0 0 2 0 1 0 3
1 2 3 4 1 5 6 8 7
1 1 2 3 0 4 0 0 0
1 5 1 2 8 3 7 6 4
6 3 4 1 0 0 0 5 2
1 0 3 0 1 0 0 2 0
1 0 0 0 0 2 1 3 0
2 2 5 6 4 1 3 8 7
4 0 3 1 0 4 0 0 2
1 1 2 4 7 6 8 3 5
1 3 4 7 2 8 1 5 6
6 6 5 8 1 3 2 4 7
7 4 5 6 1 3 2 8 7
1 1 2 3 8 5 7 4 6
1 4 0 3 0 0 0 2 1
1 0 2 3 0 1 0 0 0
1 2 6 3 7 1 8 5 4
2 4 5 6 2 3 1 8 7
1 0 4 2 0 3 0 5 1
1 3 8 7 1 2 4 5 6
24 0 0 1 0 0 0 3 2
2 5 3 7 2 4 1 6 8
5 2 0 3 1 0 0 0 0
7 0 0 0 3 2 1 0 0
1 2 3 1 8 4 7 6 5
2 3 0 2 0 4 0 0 1
1 2 4 1 7 5 8 3 6
3 6 5 7 1 4 2 3 8
2 0 1 0 0 0 0 0 2
9 0 4 0 2 3 1 0 0
1 1 0 2 0 5 0 3 4
1 1 6 2 3 5 4 7 8
1 7 6 4 3 1 2 8 5
1 2 6 4 1 5 3 7 8
1 2 8 3 4 7 5 6 1
3 5 3 1 7 4 8 6 2
1 1 6 2 3 7 4 8 5
1 8 7 6 5 4 3 2 1
1 1 3 2 0 0 0 4 5
4 0 0 0 1 0 2 0 3
2 3 4 2 7 5 8 6 1
1 4 3 8 2 5 1 6 7
1 1 3 4 5 6 7 8 2
1 3 8 4 1 7 2 6 5
1 1 4 6 3 2 5 8 7
2 5 4 6 3 1 2 8 7
1 4 1 0 3 2 0 0 0
1 8 6 5 1 4 2 7 3
1 1 6 5 3 7 2 4 8
1 3 0 0 0 2 0 1 0
1 4 5 3 1 7 2 8 6
1 1 0 3 4 2 0 0 0
1 1 7 6 4 2 5 8 3
2 2 4 1 0 3 0 0 5
2 6 4 7 3 2 5 1 8
1 1 5 7 4 2 3 8 6
2 0 0 0 0 1 0 0 2
2 3 2 0 1 0 0 0 0
1 2 1 3 4 5 6 7 8
45 3 0 2 0 0 0 0 1
1 2 3 0 1 4 0 0 0
3 2 0 1 0 0 0 3 4
1 5 4 6 1 3 2 8 7
1 3 6 0 2 4 1 5 0
6 1 3 4 0 2 0 0 0
1 2 3 5 7 1 8 6 4
1 4 5 2 3 1 6 7 8
1 8 1 5 3 7 4 2 6
10 1 0 0 2 3 0 0 0
1 1 0 3 6 4 0 5 2
1 4 6 5 1 3 2 0 7
4 1 0 0 0 3 0 0 2
1 4 6 5 1 3 2 0 0
1 0 4 1 0 0 0 3 2
1 4 5 2 8 7 6 3 1
1 5 4 8 1 2 3 6 7
27 2 0 1 0 0 0 0 0
13 4 0 0 2 3 1 0 0
2 2 1 4 0 3 0 0 0
1 2 4 3 6 5 7 8 1
1 0 2 0 1 3 0 0 0
1 1 6 5 4 2 3 7 8
1 5 4 1 2 0 3 0 0
4 1 0 0 2 0 0 3 0
12 1 0 0 2 4 3 0 0
1 1 5 2 0 4 0 0 3
2 2 3 6 4 1 5 8 7
1 2 0 3 1 4 5 0 0
1 1 4 5 2 7 3 8 6
1 7 4 5 3 2 1 8 6
6 1 0 3 2 0 0 0 0
14 1 0 0 0 0 0 0 2
2 4 6 8 2 3 1 5 7
1 5 4 1 8 3 7 6 2
1 6 4 8 2 3 1 5 7
1 2 3 1 7 6 8 5 4
1 1 3 7 5 2 6 4 8
1 2 3 4 8 5 1 7 6
1 2 3 8 4 5 1 6 7
3 2 4 1 0 3 0 0 0
1 0 0 0 2 4 3 1 0
1 0 1 0 2 3 4 0 0
1 3 6 4 1 7 2 8 5
2 1 2 3 4 7 6 8 5
2 3 0 0 0 0 1 0 2
1 3 4 5 7 1 8 2 6
1 1 0 0 3 0 0 2 0
1 1 6 2 8 7 5 4 3
1 5 3 6 2 4 1 7 8
17 2 0 0 1 0 3 0 0
2 2 4 1 8 5 7 6 3
1 6 5 7 2 3 1 0 4
1 2 5 1 3 4 7 0 6
1 3 7 1 4 6 5 8 2
1 3 0 1 0 0 0 4 2
1 1 5 3 6 2 7 0 4
1 3 4 2 0 0 0 5 1
1 1 2 3 7 8 6 5 4
1 5 4 0 1 2 3 6 0
2 3 4 0 1 5 2 0 0
1 2 0 1 4 5 0 3 0
1 4 3 2 6 7 8 5 1
1 1 4 5 2 6 3 7 8
1 3 0 0 1 2 4 0 0
44 1 2 0 0 3 0 0 0
8 1 3 0 2 0 0 0 0
2 1 0 0 0 0 3 0 2
1 4 3 1 0 5 0 0 2
10 3 2 1 0 0 0 0 0
1 8 2 7 6 5 3 4 1
2 4 3 2 8 6 7 5 1
18 1 4 2 0 0 0 0 3
2 4 3 1 7 8 6 5 2
1 2 0 0 0 3 0 0 1
1 3 4 2 6 8 5 7 1
7 5 4 0 1 3 2 0 0
1 3 0 1 0 4 0 0 2
1 6 2 1 8 3 7 5 4
1 0 2 0 0 0 0 3 1
1 5 4 1 7 6 8 3 2
4 4 5 8 1 3 2 6 7
1 4 3 0 0 1 0 2 0
1 3 4 5 7 2 1 8 6
1 0 2 4 0 1 0 0 3
2 1 2 7 3 5 4 8 6
2 1 4 0 2 5 3 0 0
1 0 0 0 0 2 0 1 0
7 0 0 2 0 0 0 1 3
1 3 8 2 1 7 6 4 5
2 1 4 0 2 3 5 0 0
1 1 5 6 4 2 3 8 7
1 4 0 3 2 0 1 0 0
2 0 3 2 0 4 0 0 1
2 6 3 1 7 4 8 5 2
1 0 0 1 2 3 0 0 0
2 1 3 0 2 4 0 0 0
1 0 2 1 0 4 0 0 3
1 3 4 2 8 5 7 6 1
1 2 0 1 3 0 4 0 5
20 1 3 2 0 0 0 0 0
10 2 1 3 0 0 0 0 0
1 8 7 4 2 3 1 6 5
1 4 6 1 2 5 3 8 7
2 1 5 7 2 6 3 4 8
4 0 0 3 0 0 0 1 2
1 5 4 7 2 3 1 8 6
1 1 5 2 8 6 7 4 3
1 1 0 2 4 0 5 0 3
2 1 5 2 3 0 4 0 0
14 2 1 0 0 0 0 0 0
1 2 0 0 0 0 1 0 0
2 4 5 8 1 2 3 6 7
1 1 4 3 0 2 0 0 5
1 2 6 1 5 7 8 4 3
1 2 4 0 3 5 1 0 0
1 1 4 2 6 3 5 7 8
2 2 0 0 3 1 0 0 0
1 5 4 1 2 7 3 8 6
1 2 4 5 8 7 6 1 3
5 0 0 3 1 0 2 0 0
1 1 0 0 0 0 0 2 3
1 1 4 8 3 5 2 6 7
1 1 2 7 6 4 5 3 8
4 5 4 1 0 0 0 3 2
1 2 5 1 7 4 8 6 3
2 4 3 1 8 6 7 5 2
1 3 0 1 0 4 0 5 2
1 2 6 1 3 5 4 7 8
2 2 3 1 0 4 0 0 0
4 0 0 1 2 0 3 0 0
1 1 0 2 3 4 0 0 0
2 1 2 4 0 0 0 0 3
1 3 1 0 2 0 0 0 0
1 2 1 6 4 3 5 8 7
1 1 4 5 6 2 3 0 7
1 3 1 4 0 0 0 2 0
2 3 4 0 1 0 2 0 0
1 0 1 3 0 0 2 0 0
80 1 0 0 2 0 3 0 0
13 4 3 2 0 0 0 0 1
3 0 2 0 0 0 0 0 1
1 1 3 2 4 5 7 6 8
1 5 4 0 2 1 3 6 0
1 3 4 1 0 0 2 0 0
1 1 5 2 3 6 4 8 7
1 1 3 0 4 2 0 0 0
1 4 5 8 2 1 3 6 7
1 0 0 0 0 2 1 0 0
13 1 2 0 3 0 0 0 0
58 1 0 2 0 0 0 0 0
19 1 0 0 3 0 2 0 0
1 2 4 3 0 0 0 0 1
1 1 5 2 7 6 8 4 3
5 3 1 0 0 2 0 0 0
1 0 3 0 0 0 1 2 0
1 0 1 4 5 2 3 0 0
2 4 3 0 2 5 1 0 0
1 0 4 3 0 0 0 1 2
1 7 6 3 1 8 2 4 5
1 1 4 3 0 0 0 5 2
1 2 3 0 4 1 5 0 0
1 0 1 2 0 0 0 4 3
23 4 0 0 1 3 2 0 0
12 3 0 0 2 4 1 0 0
1 1 6 7 2 4 3 5 8
1 4 6 8 1 3 2 5 7
1 1 3 0 2 0 0 4 0
2 4 0 1 3 0 2 0 0
1 3 0 1 4 0 2 0 0
4 1 4 8 2 5 3 6 7
1 0 4 0 1 2 3 0 0
1 1 0 4 0 2 0 0 3
1 0 1 0 0 2 0 3 0
1 4 2 1 0 0 0 0 3
2 1 3 0 5 2 4 0 0
1 2 4 6 3 5 1 8 7
1 5 1 6 3 2 4 8 7
2 3 5 1 0 0 0 4 2
3 0 0 3 0 1 0 0 2
1 0 1 0 0 3 2 0 0
40 3 0 0 2 0 1 0 0
1 3 2 1 7 4 8 6 5
1 1 5 2 7 8 6 3 4
1 3 2 0 5 1 0 0 4
1 3 2 1 6 7 8 5 4
1 1 4 5 3 7 6 8 2
3 1 2 0 3 0 4 0 0
1 1 0 0 3 2 0 0 4
2 5 4 0 2 3 1 0 0
1 6 1 8 2 4 3 5 7
1 4 5 6 1 3 2 0 0
1 5 3 6 1 4 2 7 8
2 2 0 0 0 1 3 0 0
1 1 2 0 0 3 0 4 0
1 2 0 0 1 0 3 4 0
1 0 0 0 3 0 2 1 0
1 6 4 3 7 5 8 1 2
