3 Blairgowrie and Glens
3 9 979 4662
Bob BRAWN, Con
Gordon Ross CLARK, SLD
Pauline HUNTER, Lab
Harry MACFADYEN, SNP
Tom MCEWAN, SNP
Jack MURPHY, SFP
Bernard NOONAN, Ind
Louise RAMSAY, Grn
Caroline SHIERS, Con
1 3 0 0 1 2 0 4 0 5
1 2 6 5 9 8 3 4 7 1
1 8 3 7 2 1 5 6 4 9
3 2 3 4 8 9 5 6 7 1
1 0 2 0 0 1 3 5 4 0
1 1 5 6 2 3 7 8 4 9
1 8 4 5 7 1 6 3 9 2
1 2 6 7 8 9 4 5 3 1
1 0 2 3 0 0 1 0 0 0
1 2 6 7 8 9 4 5 1 3
3 2 5 4 0 0 0 3 0 1
1 2 1 3 0 0 0 5 4 0
1 0 2 3 1 0 0 0 0 0
1 8 7 9 3 2 6 4 5 1
1 0 0 2 1 0 0 0 0 0
1 0 1 2 5 4 0 0 3 0
1 0 6 3 2 1 0 5 4 0
1 3 4 6 8 2 7 9 5 1
1 4 0 0 2 3 0 0 0 1
1 3 2 0 0 0 0 4 0 1
1 1 4 3 8 9 7 5 6 2
1 0 5 0 4 3 6 1 2 0
1 7 2 5 3 4 9 8 1 6
1 4 0 0 1 2 0 5 3 0
1 3 2 4 0 0 0 1 0 0
1 3 1 2 0 0 0 0 0 4
1 2 0 3 0 0 0 4 0 1
1 0 2 0 0 3 0 0 0 1
1 4 2 1 9 8 7 5 6 3
1 0 1 2 3 0 0 0 0 0
4 0 0 3 2 1 0 0 4 0
1 5 3 6 2 1 7 8 4 9
2 0 0 0 1 2 3 4 0 0
1 0 2 3 5 4 0 0 1 0
1 0 1 0 0 0 3 0 2 0
3 0 3 0 0 0 0 0 2 1
1 5 3 1 4 2 9 7 8 6
1 1 0 0 0 0 3 2 0 0
1 2 3 4 9 8 5 6 7 1
1 3 0 5 2 1 0 0 0 4
1 1 3 0 0 2 0 0 0 0
3 0 0 0 1 2 0 3 4 0
1 6 1 2 7 8 9 3 4 5
4 0 0 2 3 1 0 0 0 0
12 0 0 4 2 1 0 0 3 0
1 1 5 6 2 3 7 4 8 9
1 7 4 5 2 1 9 3 6 8
4 2 3 5 0 0 0 4 0 1
5 0 4 0 1 2 0 0 3 0
1 7 3 6 2 1 9 5 4 8
1 0 6 0 1 2 0 5 3 4
1 2 4 5 6 9 8 3 7 1
20 0 0 0 0 0 0 0 1 0
1 2 3 4 8 9 7 6 5 1
1 1 6 3 0 0 4 5 0 2
1 9 5 6 2 1 4 7 3 8
1 0 3 0 2 1 5 0 0 4
1 3 0 5 0 2 0 0 1 4
1 0 0 0 2 1 3 4 0 0
1 1 4 3 8 7 6 9 5 2
1 0 1 3 0 0 0 2 0 4
1 0 3 2 0 0 0 0 1 4
1 3 4 5 8 9 6 7 1 2
3 0 2 1 3 0 0 0 0 0
1 7 1 2 0 8 3 4 6 5
2 2 3 0 0 0 0 1 0 0
1 1 3 4 0 0 6 5 7 2
5 2 1 0 0 0 0 0 0 3
1 2 3 4 8 7 9 5 6 1
1 9 5 3 1 2 4 7 6 8
1 0 0 0 1 0 2 3 0 0
4 0 1 2 0 0 0 0 3 0
1 0 3 0 0 0 2 0 1 0
1 2 5 6 7 8 4 3 9 1
1 1 6 3 7 8 5 4 9 2
1 3 0 0 0 0 1 5 2 4
2 0 1 0 2 0 0 0 3 0
1 0 4 3 0 2 0 0 0 1
1 0 5 4 3 1 0 0 2 0
1 2 5 6 3 4 7 8 9 1
1 0 0 0 0 1 0 3 2 0
1 3 0 0 0 0 2 1 0 4
1 7 4 5 3 2 8 9 1 6
8 0 0 0 3 2 0 0 0 1
1 7 8 9 1 2 6 5 3 4
1 8 5 4 3 2 6 0 1 7
6 0 0 1 3 2 0 0 0 0
2 2 0 0 0 0 0 0 1 3
2 0 0 4 1 2 0 5 3 0
2 4 5 6 2 1 7 8 9 3
1 0 0 1 2 0 0 0 0 3
1 0 0 0 0 2 0 1 0 3
1 0 0 0 3 2 0 0 4 1
1 0 4 5 2 1 0 6 3 0
1 8 7 9 2 1 4 5 3 6
1 2 8 5 3 1 9 6 7 4
2 1 3 4 7 8 6 5 9 2
4 3 0 0 0 2 0 0 0 1
1 2 0 0 1 3 0 0 4 0
1 0 0 3 2 0 0 0 0 1
1 7 4 3 2 1 9 6 5 8
1 0 0 0 0 1 2 0 0 3
1 0 0 0 1 3 0 4 2 0
1 2 0 0 0 3 0 0 4 1
7 0 0 4 1 2 0 0 3 0
1 1 4 7 8 9 6 3 5 2
1 0 1 2 0 0 4 3 0 0
1 7 1 6 3 2 0 5 4 8
2 0 0 1 0 0 0 0 0 2
2 1 0 0 0 0 4 3 0 2
2 0 1 3 0 0 0 0 2 0
4 3 0 1 0 0 0 0 0 2
1 5 4 3 0 0 0 1 0 2
2 9 7 6 2 1 5 4 3 8
1 0 2 0 3 1 0 0 0 4
1 8 7 4 3 2 6 5 1 9
2 2 0 0 4 1 0 0 0 3
1 1 8 6 5 2 4 7 9 3
1 1 0 3 0 2 0 0 0 0
1 0 0 1 2 0 0 0 0 0
1 0 1 5 3 4 0 0 2 0
1 0 2 0 0 1 0 0 0 0
1 1 3 7 8 9 5 4 6 2
2 4 2 1 0 0 0 0 0 3
1 8 7 6 2 1 5 4 3 9
1 8 6 3 2 1 9 5 4 7
1 3 1 2 8 9 7 5 6 4
1 0 0 0 1 2 3 5 4 0
1 2 0 4 3 0 0 0 0 1
1 1 3 4 0 0 0 5 0 2
1 0 5 0 4 1 0 3 2 6
1 0 0 0 1 0 0 0 2 0
1 2 4 3 5 6 0 0 7 1
1 6 4 7 9 8 1 3 2 5
1 7 4 5 2 1 8 9 3 6
65 1 0 0 0 0 0 3 0 2
3 0 2 0 0 3 0 0 1 0
1 8 4 3 5 1 6 7 9 2
1 0 2 0 0 0 0 4 3 1
6 3 2 0 0 0 0 0 0 1
1 1 0 5 4 2 0 0 0 3
1 0 3 0 2 1 0 4 0 0
2 2 0 4 0 0 0 3 0 1
1 2 0 5 0 0 4 3 0 1
1 2 4 6 3 1 5 8 7 9
1 4 9 8 1 2 7 6 5 3
1 2 3 4 0 0 0 5 6 1
1 3 6 0 5 4 7 1 2 0
6 0 3 2 0 0 0 0 1 0
2 0 2 0 0 0 0 3 0 1
1 9 4 6 3 1 8 5 2 7
6 0 1 0 0 0 0 2 0 0
2 0 1 0 0 2 0 0 3 0
1 7 5 6 2 1 4 8 3 9
72 1 0 0 0 0 0 0 0 0
28 0 0 0 2 1 0 3 0 0
15 0 2 1 0 0 0 0 0 0
4 8 5 7 2 1 6 4 3 9
1 3 7 6 4 9 8 1 5 2
1 2 5 4 7 8 3 6 9 1
4 1 0 0 0 0 3 4 0 2
3 0 0 2 4 3 0 0 1 0
1 5 6 7 2 1 9 4 3 8
1 0 0 2 1 0 0 0 3 0
3 1 0 0 0 0 0 0 2 3
2 0 3 4 2 1 0 0 0 0
1 0 0 0 0 0 3 4 2 1
4 9 5 4 1 2 7 6 3 8
1 8 4 7 2 1 6 5 3 9
12 1 0 0 0 0 0 0 3 2
1 2 3 4 1 0 5 0 0 0
5 0 3 1 0 0 0 0 2 0
1 0 2 3 0 1 0 0 4 0
1 6 2 1 8 9 4 3 7 5
1 2 4 1 6 7 8 9 5 3
1 2 5 3 9 8 6 4 7 1
1 3 2 4 0 0 0 0 0 1
1 7 8 6 1 2 0 4 3 5
1 0 0 0 2 1 0 4 0 3
1 2 3 1 0 0 0 0 4 0
1 0 0 3 1 2 0 0 4 0
1 8 3 7 6 5 9 4 1 2
1 0 3 0 0 2 0 0 1 0
1 8 2 1 5 6 7 3 4 9
1 0 0 2 3 4 1 5 0 0
1 2 3 7 6 5 4 0 0 1
1 2 4 3 8 9 7 6 5 1
1 0 0 0 1 3 2 0 0 0
15 0 0 0 1 2 3 0 0 0
1 2 0 0 0 4 0 3 0 1
1 0 4 0 2 1 3 0 5 0
1 1 4 0 0 0 0 3 5 2
1 0 3 2 1 0 0 0 0 0
1 0 3 5 1 2 0 0 4 0
1 7 4 8 2 3 9 6 1 5
1 0 3 2 0 1 0 0 0 0
8 0 0 0 2 3 0 0 1 0
1 0 0 0 3 2 1 4 0 0
1 2 3 4 8 9 6 5 7 1
1 9 6 8 2 1 5 4 3 7
7 2 3 0 0 0 0 4 0 1
1 1 0 0 2 3 4 0 0 0
1 1 6 5 9 8 3 4 7 2
1 0 0 0 0 0 3 1 0 2
1 3 4 6 2 1 8 9 7 5
1 1 0 0 0 0 2 0 3 0
3 2 0 1 0 0 0 0 3 0
25 0 0 3 1 2 0 0 0 0
1 1 0 0 0 3 0 0 4 2
1 5 7 1 3 4 0 0 6 2
2 9 5 4 1 2 6 7 3 8
1 0 0 2 0 1 0 0 0 3
1 0 0 0 2 3 1 0 0 0
1 4 1 7 9 8 6 5 2 3
1 8 3 7 2 1 4 5 6 9
1 5 4 6 9 7 2 1 8 3
319 0 0 0 2 1 0 0 0 0
1 0 6 0 2 1 4 5 3 0
3 0 0 1 3 0 0 0 2 0
1 2 0 0 0 0 4 3 0 1
3 8 6 7 1 2 4 5 3 9
2 1 0 0 0 2 0 0 3 0
43 1 0 3 0 0 0 0 0 2
1 9 5 4 2 1 6 7 3 8
1 2 5 0 3 4 0 0 0 1
1 3 1 8 6 7 9 5 4 2
1 3 4 5 1 2 6 7 8 9
1 0 1 0 0 0 0 2 3 0
583 2 0 0 0 0 0 0 0 1
1 2 4 5 8 9 3 6 7 1
1 7 4 6 1 2 9 5 3 8
13 0 2 1 0 0 0 0 3 0
1 2 3 6 9 8 4 5 7 1
1 0 2 0 0 0 0 0 3 1
3 0 0 0 2 3 0 0 0 1
1 1 4 5 8 9 3 7 6 2
2 8 5 2 3 1 9 4 6 7
1 4 3 1 6 7 9 5 8 2
1 0 0 0 0 3 0 0 2 1
1 1 3 4 8 9 5 6 7 2
1 0 0 1 0 0 2 3 0 0
1 0 0 0 0 3 0 2 0 1
1 9 3 4 1 2 7 6 5 8
241 0 0 0 1 2 0 0 0 0
4 8 6 7 1 2 5 4 3 9
1 0 5 4 0 0 3 1 0 2
1 1 3 5 8 9 7 6 4 2
1 8 5 4 2 1 9 6 3 7
1 9 6 5 3 2 7 4 1 8
1 3 8 5 1 2 9 7 6 4
4 1 0 0 0 2 0 0 0 0
1 5 1 2 0 6 0 4 0 3
1 0 6 0 2 1 3 4 5 0
1 2 3 4 0 0 5 0 0 1
1 7 3 2 6 5 9 4 1 8
1 3 0 0 1 0 0 0 0 2
1 0 5 3 1 4 0 0 2 0
2 0 0 0 0 0 3 2 1 0
1 0 3 1 2 0 0 0 0 0
2 0 1 0 0 0 0 0 2 3
1 8 4 5 1 2 7 9 3 6
1 0 0 0 1 0 0 3 0 2
1 5 6 8 2 1 0 3 4 7
1 5 3 4 1 2 0 0 0 0
1 8 4 5 1 2 9 6 3 7
1 7 6 5 1 2 0 3 4 8
3 1 4 3 0 0 0 0 0 2
1 1 3 0 0 0 2 0 0 0
1 8 7 6 1 2 3 4 5 9
6 0 0 1 0 0 0 0 2 0
1 8 6 4 2 1 0 5 3 7
1 1 3 4 0 0 0 5 6 2
1 1 4 3 0 0 6 5 0 2
3 0 5 3 2 1 0 0 4 0
23 0 1 0 0 0 0 0 0 0
1 0 0 0 0 0 3 1 2 0
1 0 3 0 0 0 0 1 0 2
2 1 0 2 0 0 0 3 0 0
1 3 0 1 0 2 0 0 0 0
1 3 1 2 8 7 6 4 5 9
4 0 0 2 1 3 0 0 0 0
2 1 4 5 8 9 6 3 7 2
1 2 3 5 9 8 7 6 4 1
1 0 0 0 1 2 4 5 3 0
1 1 8 9 2 3 5 6 7 4
38 0 0 0 0 1 0 0 0 0
1 3 4 5 1 2 6 7 9 8
1 5 6 1 0 2 7 4 3 8
1 1 5 2 0 0 3 4 0 0
1 0 0 1 0 2 0 0 0 3
4 0 2 3 0 0 0 0 1 0
1 7 4 3 2 1 9 8 6 5
1 0 0 3 0 1 0 2 0 0
3 8 6 5 2 1 7 4 3 9
1 6 1 5 4 3 9 8 2 7
1 1 3 6 5 4 9 8 7 2
1 2 3 5 7 8 6 4 9 1
26 0 0 0 3 2 0 0 1 0
1 4 0 1 0 0 0 2 0 3
1 1 6 2 3 4 7 8 9 5
3 8 7 6 1 2 4 5 3 9
1 9 5 3 2 1 6 7 4 8
1 9 6 5 2 1 4 7 3 8
1 2 4 5 9 8 7 6 3 1
1 2 3 0 0 0 4 0 0 1
2 8 5 3 1 2 7 6 4 9
1 3 4 5 0 0 0 2 0 1
1 9 6 3 1 2 7 5 4 8
1 7 5 6 2 3 9 8 1 4
4 2 3 4 0 0 0 5 0 1
3 0 2 1 0 0 0 0 0 3
1 3 2 0 0 0 0 0 4 1
1 7 5 6 2 1 9 4 3 8
5 1 0 0 0 2 0 0 0 3
1 1 5 4 7 8 9 3 6 2
2 0 0 1 0 0 0 2 3 0
7 3 1 0 0 0 0 0 0 2
1 1 3 5 0 0 0 6 4 2
1 0 1 0 0 0 3 2 0 0
1 8 7 6 2 1 4 5 3 9
1 2 5 4 0 0 3 0 0 1
1 1 0 3 0 0 0 2 0 0
1 1 3 4 0 0 7 5 6 2
2 2 4 5 0 0 0 3 0 1
1 0 6 4 2 3 0 5 1 0
1 0 3 1 0 0 0 0 0 2
1 1 5 3 8 7 6 4 9 2
1 2 5 3 8 7 0 1 6 4
5 0 1 0 0 0 0 3 2 0
1 0 0 0 3 2 0 5 1 4
1 0 4 7 1 2 3 5 6 0
1 7 6 5 2 1 9 4 3 8
1 4 6 5 2 1 9 7 8 3
247 0 0 0 2 1 0 0 3 0
4 0 1 2 0 3 0 0 0 0
3 1 0 0 0 0 2 0 0 3
1 7 5 3 2 1 6 9 4 8
17 0 0 0 1 2 0 3 0 0
2 2 4 3 9 8 5 6 7 1
1 7 4 5 1 2 9 8 3 6
4 3 0 0 0 0 1 0 0 2
2 0 0 0 0 0 0 1 3 2
1 1 0 0 2 4 0 0 3 0
1 3 0 0 0 0 2 0 4 1
1 6 5 4 1 2 3 7 8 9
2 2 0 0 0 3 0 4 0 1
1 3 6 7 2 1 0 0 5 4
1 2 3 7 8 9 5 4 6 1
14 2 0 0 0 3 0 0 0 1
9 0 0 0 2 1 0 4 3 0
4 1 2 0 0 0 0 3 0 0
2 9 6 7 1 2 4 5 3 8
1 4 0 0 3 1 0 0 0 2
1 0 0 1 0 3 0 0 0 2
3 0 3 0 0 2 0 0 0 1
3 0 0 0 1 0 0 0 0 2
1 0 0 0 0 1 0 3 4 2
1 1 3 0 0 2 0 4 0 0
1 0 2 1 0 0 3 0 0 0
1 0 0 0 2 0 0 0 1 0
1 1 4 5 0 0 6 3 0 2
6 0 2 3 0 0 0 0 0 1
11 1 2 0 0 0 0 0 0 0
2 0 2 0 0 0 3 0 0 1
1 1 2 3 6 7 8 9 5 4
1 0 0 3 1 2 0 4 0 0
71 1 3 0 0 0 0 0 0 2
1 1 5 0 3 4 0 0 0 2
1 0 0 2 1 0 3 0 0 0
1 0 0 0 3 1 0 2 0 0
1 0 0 2 0 0 0 0 1 3
1 9 5 3 1 2 7 6 4 8
1 0 0 0 1 0 0 0 3 2
4 0 1 2 0 0 0 0 0 3
3 9 4 5 1 2 7 6 3 8
20 0 3 0 1 2 0 0 0 0
8 1 2 0 0 0 0 0 0 3
5 0 0 0 0 0 0 1 0 0
1 0 3 2 0 0 0 0 0 1
1 1 0 0 0 0 0 4 3 2
1 1 5 4 8 9 6 3 7 2
22 0 3 0 2 1 0 0 0 0
1 2 0 5 0 0 3 4 0 1
1 2 1 4 3 5 9 8 6 7
1 9 5 6 1 2 4 7 3 8
1 9 3 2 5 4 7 6 1 8
1 1 5 4 3 2 0 0 0 0
1 0 0 1 2 0 0 3 0 0
1 0 0 0 0 0 1 3 0 2
6 0 0 0 0 0 2 1 0 0
1 9 4 6 1 2 7 5 3 8
1 0 3 1 0 0 0 4 2 0
1 2 3 0 1 0 0 0 0 0
1 3 0 0 2 0 0 0 0 1
1 0 3 4 0 0 2 1 0 0
2 4 3 0 1 2 0 0 0 0
1 0 0 3 2 0 1 0 0 0
2 7 5 4 2 1 9 8 3 6
1 2 5 0 0 0 0 1 4 3
1 7 3 4 2 1 0 5 6 8
1 7 8 9 2 1 6 5 4 3
1 0 0 0 2 3 0 4 1 0
1 2 1 0 0 0 0 0 4 3
1 1 0 0 0 2 0 3 0 0
1 0 0 2 0 0 0 1 0 3
1 8 5 6 1 2 7 4 3 9
1 4 5 0 2 1 0 0 3 0
1 0 2 0 0 3 0 4 1 0
1 0 2 0 3 0 0 0 0 1
1 0 2 1 3 0 0 0 0 4
1 8 5 7 2 1 6 3 4 9
1 0 0 2 0 0 3 0 1 0
1 3 2 1 8 7 4 5 6 0
1 2 4 0 0 3 0 0 1 5
1 1 0 0 2 0 0 0 3 0
17 2 0 0 0 0 0 0 3 1
2 7 6 5 1 2 9 4 3 8
1 3 2 1 9 8 7 4 5 6
114 2 3 0 0 0 0 0 0 1
1 2 3 0 4 0 0 0 5 1
1 3 5 9 2 1 8 7 6 4
1 0 0 0 0 2 0 3 0 1
2 3 0 0 2 1 0 0 0 4
2 0 0 0 1 3 0 0 0 2
1 0 2 0 3 4 0 0 1 0
2 0 0 1 0 0 3 0 2 0
20 0 0 0 1 2 0 0 0 3
1 0 4 5 6 3 0 1 2 0
1 3 2 1 5 6 9 8 7 4
1 0 4 3 2 1 0 6 5 0
1 3 0 0 0 0 2 0 1 0
1 1 0 0 2 0 0 0 0 0
1 2 5 6 9 7 4 3 8 1
5 0 0 0 0 1 0 0 0 2
4 0 0 2 0 1 0 0 3 0
3 0 2 1 0 3 0 0 0 0
1 0 0 4 1 3 0 0 2 0
1 0 0 5 1 2 4 0 3 0
1 0 5 0 4 2 0 3 1 0
1 0 0 1 0 0 0 3 0 2
1 0 0 3 0 0 1 0 2 0
1 0 2 0 3 1 0 0 0 0
1 5 6 7 2 1 9 8 4 3
2 1 5 4 0 0 0 3 0 2
1 7 6 4 1 2 9 5 3 8
1 1 0 3 0 0 4 5 6 2
1 0 4 0 2 1 0 0 3 5
1 8 4 7 1 2 6 5 3 9
3 9 6 7 1 2 5 4 3 8
1 0 3 0 0 0 0 2 1 0
1 2 3 7 8 9 4 5 6 1
3 0 1 0 0 0 0 2 0 3
1 0 0 4 3 2 0 5 1 0
2 1 3 2 8 9 4 5 7 6
1 1 3 4 8 9 7 5 6 2
1 8 5 3 1 2 9 6 4 7
1 2 0 0 0 3 0 1 0 0
1 0 0 1 2 3 0 0 4 0
1 0 2 3 0 0 0 5 4 1
1 3 0 2 0 0 0 4 0 1
1 0 3 0 4 1 0 0 2 0
1 0 4 3 1 2 0 5 6 0
21 0 0 0 1 0 0 0 0 0
1 3 1 0 0 0 0 4 0 2
1 1 4 0 0 0 0 2 0 3
1 9 8 3 1 2 7 6 5 4
1 1 4 5 6 7 3 8 9 2
1 3 4 5 2 1 6 9 7 8
2 0 1 0 0 0 0 0 0 2
2 1 2 0 0 0 0 0 3 0
2 0 0 0 0 0 2 0 0 1
2 0 0 0 2 1 4 5 3 0
1 0 2 0 0 0 1 0 0 3
1 0 1 0 0 3 0 0 0 2
2 0 0 0 0 0 0 1 0 2
1 2 3 4 0 0 5 6 0 1
1 2 0 0 0 0 0 4 3 1
8 1 0 2 0 0 0 0 0 3
1 1 4 0 0 0 3 5 6 2
1 0 0 0 0 3 0 0 1 2
1 2 3 4 6 7 8 5 9 1
13 0 1 2 0 0 0 0 0 0
1 8 4 6 3 2 5 7 1 9
1 2 3 5 0 0 0 0 4 1
1 4 1 2 0 0 0 5 0 3
1 6 5 7 4 3 8 9 1 2
1 0 0 0 2 0 0 0 3 1
2 1 4 3 8 9 5 6 7 2
1 8 4 5 2 1 6 7 3 9
1 5 0 0 1 3 0 0 2 4
1 8 6 4 2 1 7 5 3 9
1 9 6 1 3 2 7 5 4 8
2 7 6 8 2 1 4 9 3 5
1 2 4 5 8 9 6 3 7 1
5 1 0 0 0 0 0 2 0 0
1 2 4 0 0 0 5 3 0 1
1 3 6 5 2 1 0 0 0 4
1 2 0 0 1 0 0 0 0 0
1 0 0 0 1 2 0 0 3 4
1 1 7 4 5 6 0 8 2 3
1 1 0 0 2 0 4 3 0 0
1 0 1 0 0 0 2 0 3 0
1 0 1 0 0 2 0 0 0 0
1 8 5 6 1 2 9 4 3 7
18 1 0 0 0 0 3 0 0 2
1 9 7 4 1 2 6 5 3 8
1 5 0 0 3 2 0 4 0 1
8 2 0 1 0 0 0 0 0 3
33 0 0 3 2 1 0 0 0 0
1 9 4 5 1 2 6 7 3 8
2 0 3 2 0 0 0 1 0 0
1 0 4 5 0 1 0 3 2 0
2 1 0 3 0 0 0 4 0 2
1 7 6 5 2 1 8 3 4 9
3 1 0 0 3 2 0 0 0 0
2 0 3 0 0 0 0 0 1 2
1 9 4 7 2 1 5 6 3 8
4 2 0 0 4 3 0 0 0 1
44 2 0 3 0 0 0 0 0 1
1 4 2 3 0 0 0 0 0 1
1 2 3 5 7 6 9 4 8 1
1 1 4 7 8 2 5 6 9 3
1 0 0 1 0 0 2 0 3 0
2 0 0 2 0 3 0 0 1 0
3 0 3 0 1 2 0 0 4 0
4 4 6 7 2 1 9 8 5 3
3 9 5 6 1 2 7 4 3 8
1 8 5 6 2 1 3 7 4 9
2 9 5 4 2 1 7 6 3 8
4 0 0 2 0 1 0 0 0 0
1 1 5 6 9 8 3 4 7 2
8 3 0 0 2 1 0 0 0 0
2 0 0 0 2 1 5 4 3 0
2 5 4 3 2 1 0 0 0 0
1 0 2 0 3 0 0 0 1 0
1 0 0 4 0 3 0 0 2 1
1 1 2 3 5 4 9 8 7 6
2 0 0 0 1 2 0 4 3 0
184 0 0 0 1 2 0 0 3 0
1 0 2 0 0 0 1 4 3 0
4 0 3 1 0 0 0 2 0 0
2 0 0 3 0 1 2 0 0 0
1 1 4 0 0 0 3 5 0 2
1 0 0 2 0 0 0 3 1 0
1 0 4 3 0 0 2 5 1 0
39 0 0 0 0 0 0 0 0 1
4 0 4 3 1 2 0 0 0 0
1 0 0 2 0 0 0 1 0 0
1 3 7 9 5 2 8 6 4 1
4 0 4 3 2 1 0 0 0 0
1 1 0 2 0 3 0 0 0 0
1 9 4 8 1 2 7 6 3 5
1 1 6 2 0 0 0 5 4 3
1 7 3 4 8 2 9 6 5 1
1 5 4 7 3 2 9 8 1 6
1 3 0 2 1 0 0 0 0 0
1 2 3 5 0 0 6 4 0 1
1 2 1 3 0 0 0 4 5 6
1 0 2 5 3 4 0 0 1 0
4 1 4 0 0 0 0 3 0 2
1 4 2 5 0 0 0 3 0 1
1 1 0 0 0 3 0 2 0 0
1 0 4 3 1 2 0 0 5 0
1 2 6 4 8 9 7 3 5 1
1 2 1 0 0 3 0 0 0 0
5 0 0 1 0 2 0 0 0 0
1 1 0 2 0 0 0 0 3 0
1 2 4 3 5 6 0 0 0 1
1 0 2 1 0 0 0 3 4 0
2 3 1 2 0 0 0 0 0 0
2 0 5 0 1 2 3 4 0 0
1 2 5 4 0 0 0 6 3 1
1 4 0 0 0 0 0 1 3 2
5 0 0 0 0 1 0 0 3 2
1 0 2 3 0 0 0 1 4 0
1 3 2 1 7 8 0 6 5 4
4 2 4 3 0 0 0 5 0 1
2 0 0 1 0 2 0 0 3 0
1 7 5 2 6 0 4 3 1 8
1 3 0 0 0 2 0 1 0 4
2 7 5 4 1 2 9 6 3 8
1 0 2 1 0 0 4 3 0 0
9 0 1 2 0 0 0 3 0 0
4 0 0 2 0 0 0 0 1 0
1 0 4 6 2 1 0 5 3 0
1 1 3 0 0 0 0 2 0 4
1 8 5 7 4 3 1 6 2 9
1 0 3 4 0 1 0 5 2 0
1 0 0 1 0 0 2 0 0 0
16 1 2 3 0 0 0 0 0 0
1 0 3 0 0 0 0 1 2 0
1 0 0 1 0 3 0 0 2 0
1 4 0 0 0 3 0 0 1 2
1 0 0 3 1 2 4 0 0 0
22 3 0 0 1 2 0 0 0 0
5 1 2 3 0 0 0 0 0 4
1 9 6 7 2 1 3 5 4 8
1 0 0 0 2 0 0 1 0 0
1 0 5 6 1 2 0 4 3 0
1 1 3 5 9 8 6 4 7 2
1 3 6 5 2 1 7 8 9 4
3 1 0 0 0 0 0 2 0 3
3 1 3 0 0 0 0 0 4 2
1 8 1 2 3 4 7 5 6 9
1 3 0 0 0 0 0 0 1 2
1 0 0 0 0 1 2 0 0 0
1 6 0 1 4 3 0 0 2 5
9 0 4 5 2 1 0 0 3 0
1 0 0 4 3 2 0 1 0 0
1 2 7 1 8 9 6 5 4 3
1 1 3 6 7 8 4 9 5 2
1 2 0 0 0 0 3 0 4 1
1 2 3 0 0 1 0 0 0 0
1 1 3 4 0 0 6 5 0 2
1 2 0 0 0 0 0 1 3 0
2 0 1 5 4 3 0 0 2 0
1 0 0 0 0 1 0 3 0 2
2 8 4 5 2 1 7 6 3 9
1 0 4 0 3 2 0 0 1 0
1 0 3 1 0 2 0 0 0 0
1 8 5 6 1 2 4 7 3 9
1 5 0 0 2 1 0 3 0 4
1 8 1 9 5 3 6 4 2 7
2 3 0 2 0 0 0 0 0 1
1 0 0 2 4 1 0 0 3 0
1 0 3 4 1 2 0 5 0 0
2 0 0 0 0 3 0 2 1 0
2 0 0 0 0 0 2 3 1 0
1 0 4 6 1 2 5 0 3 0
4 0 0 1 2 0 0 0 3 0
1 5 3 2 1 6 7 8 4 9
1 0 3 0 1 0 0 0 2 0
1 7 3 2 5 4 9 6 1 8
9 1 0 0 0 3 0 0 0 2
2 8 6 4 2 1 9 5 3 7
1 4 5 0 1 2 0 0 3 6
1 0 5 0 3 2 0 1 4 0
1 3 0 0 0 0 0 0 2 1
4 0 5 4 1 2 0 0 3 0
1 0 0 3 2 1 0 6 5 4
3 0 5 4 2 1 0 6 3 0
1 8 3 4 2 1 9 6 5 7
1 3 0 1 0 0 2 0 0 0
1 4 5 2 7 8 9 6 1 3
2 0 4 3 0 1 0 0 2 0
4 2 4 0 0 0 3 0 0 1
3 1 3 0 0 0 4 0 0 2
8 4 0 0 2 1 0 0 0 3
2 0 0 4 2 1 0 5 3 0
1 4 5 6 1 2 9 8 7 3
1 3 4 5 7 6 9 2 1 8
1 2 7 6 3 4 5 0 0 1
1 0 0 0 4 3 0 1 2 5
2 9 7 6 2 1 4 5 3 8
1 9 3 6 2 1 7 5 4 8
1 0 0 0 2 0 0 3 1 0
1 1 3 4 0 0 5 6 7 2
13 1 3 4 0 0 0 0 0 2
1 0 0 3 1 0 0 0 0 2
2 2 0 0 0 1 0 0 0 0
1 2 4 3 0 0 0 5 6 1
1 4 5 6 1 2 7 8 9 3
1 0 5 6 1 2 0 0 3 4
1 0 6 4 1 2 0 5 3 0
1 0 0 1 3 0 0 0 0 2
7 0 0 0 0 0 1 0 0 0
1 3 2 7 8 9 6 4 5 1
1 0 0 3 2 1 4 0 0 0
1 9 3 5 1 2 6 7 4 8
1 1 0 4 0 0 3 0 0 2
1 0 4 2 0 0 5 3 1 0
1 1 4 5 9 8 7 3 6 2
4 0 0 0 3 1 2 0 0 0
1 2 4 3 0 0 6 5 0 1
3 1 0 0 2 0 0 0 0 3
5 0 0 0 3 1 0 0 0 2
1 4 3 5 2 1 6 7 8 9
1 7 3 6 2 1 8 4 5 9
9 0 0 4 3 1 0 0 2 0
1 1 0 0 0 0 2 0 0 0
2 1 0 0 3 0 0 0 0 2
1 5 2 1 8 7 9 6 3 4
2 1 3 4 0 0 5 6 0 2
1 1 0 4 0 2 0 0 0 3
1 4 3 2 1 0 0 0 0 0
10 0 0 0 2 1 3 0 0 0
1 9 5 3 2 1 7 6 4 8
51 0 0 1 0 0 0 0 0 0
1 4 0 3 2 1 0 0 0 0
1 0 2 1 0 0 0 4 3 0
1 7 5 4 1 2 9 8 3 6
2 1 0 0 0 3 0 4 0 2
1 8 6 7 1 2 5 3 4 9
1 1 3 7 8 9 6 4 5 2
1 3 4 2 0 0 0 0 0 1
1 8 4 2 1 3 7 5 6 9
1 3 8 7 6 5 1 4 9 2
1 4 3 1 8 9 7 5 6 2
1 1 4 5 0 0 0 3 0 2
1 4 3 8 5 6 7 2 1 9
1 0 3 0 0 2 0 4 0 1
1 0 0 0 4 1 0 3 2 0
1 0 7 6 1 2 5 3 4 0
1 0 3 2 1 4 0 0 0 0
1 2 4 1 9 8 5 7 6 3
1 7 2 5 3 4 0 0 1 6
4 0 3 0 0 1 0 0 2 0
1 4 5 6 1 2 8 9 7 3
1 9 3 8 2 1 4 5 6 7
1 3 1 4 6 7 8 9 5 2
1 0 4 3 2 1 5 6 0 0
6 2 3 1 0 0 0 0 0 0
1 1 0 0 0 0 0 3 4 2
1 1 2 3 0 0 0 5 0 4
1 0 0 2 0 0 0 3 0 1
5 0 2 1 0 0 0 3 0 0
1 0 3 2 0 0 1 0 0 0
1 0 3 2 0 1 0 0 4 0
1 6 4 5 2 1 9 8 3 7
3 0 0 0 2 1 0 3 4 0
1 3 0 0 0 0 0 2 0 1
1 0 2 0 0 0 0 3 4 1
1 1 2 3 8 5 7 6 9 4
1 5 8 3 1 2 4 7 9 6
1 0 4 2 3 1 0 0 5 0
2 0 5 0 2 1 0 4 3 0
1 0 0 0 2 0 3 0 0 1
1 3 8 9 7 6 2 5 1 4
1 1 6 7 9 8 3 4 5 2
1 0 3 2 5 1 0 0 4 0
2 1 3 4 8 9 6 5 7 2
1 0 5 3 2 0 0 0 1 4
1 5 3 4 1 2 7 8 6 9
1 0 4 3 0 0 1 0 2 5
1 1 3 4 5 6 0 0 0 2
1 2 0 1 0 0 4 0 0 3
1 1 3 7 8 9 6 5 4 2
1 8 5 3 2 1 9 6 4 7
1 0 0 2 0 0 3 0 0 1
1 0 5 1 4 3 0 0 2 0
3 0 0 3 1 0 0 0 2 0
1 1 4 2 0 0 0 0 0 3
1 1 3 4 6 8 7 5 9 2
1 0 0 1 0 0 0 3 2 0
1 0 0 0 3 2 1 0 0 0
1 9 4 5 2 1 6 7 8 3
5 0 0 0 2 1 4 0 3 0
6 0 1 0 0 0 0 0 2 0
1 0 0 0 0 0 1 0 2 0
1 0 0 0 0 3 1 0 0 2
2 1 3 0 4 5 0 0 0 2
1 8 7 4 1 2 6 5 3 9
2 4 2 0 0 0 0 3 0 1
1 0 6 5 1 2 0 3 4 0
1 1 7 6 9 8 5 3 4 2
10 0 0 0 1 3 0 0 2 0
4 1 3 0 0 0 0 4 0 2
3 0 2 0 0 0 0 0 0 1
1 0 4 0 2 3 0 0 1 0
28 2 0 0 0 0 3 0 0 1
1 2 3 4 9 8 7 6 5 1
2 9 5 6 2 1 7 4 3 8
2 0 0 0 0 3 0 1 0 2
1 8 6 5 1 2 9 4 3 7
2 9 4 6 2 1 7 5 3 8
3 1 4 3 0 0 0 5 0 2
1 3 0 0 0 2 0 0 1 0
1 0 0 4 0 0 2 1 3 0
5 0 0 0 0 1 0 0 2 0
4 2 0 0 0 1 0 0 0 3
1 0 0 1 0 0 3 2 0 0
1 0 3 0 4 2 0 0 1 0
1 1 5 6 8 9 4 3 7 2
1 0 3 4 2 1 0 0 5 0
1 4 5 6 3 2 7 8 9 1
1 7 8 9 1 2 6 4 5 3
1 0 0 0 1 2 0 4 0 3
1 0 2 1 4 3 0 0 0 0
3 0 0 0 0 0 0 2 0 1
1 0 1 0 0 0 2 3 0 0
1 2 3 1 0 0 0 0 0 4
1 9 7 5 1 2 3 6 4 8
2 1 3 2 0 0 0 0 0 4
1 2 3 7 6 5 8 9 4 1
1 6 7 5 3 2 9 8 1 4
1 0 0 0 2 0 0 0 1 3
5 1 0 0 2 3 0 0 0 0
1 0 4 1 0 0 0 3 2 0
1 0 1 3 0 0 0 0 0 2
2 1 0 0 0 3 0 0 2 0
3 2 0 0 3 0 0 0 0 1
1 9 7 6 1 2 5 4 3 8
2 2 0 1 0 0 0 0 0 0
1 1 9 5 3 4 8 6 7 2
2 2 1 0 3 0 0 0 0 0
5 8 6 7 2 1 5 4 3 9
7 0 0 2 0 0 0 0 0 1
1 8 6 5 3 2 7 4 1 9
1 1 6 5 4 2 7 9 8 3
2 1 0 0 0 0 0 0 2 0
4 0 0 4 3 2 0 0 1 0
1 2 4 3 9 8 5 7 6 1
1 3 0 0 0 2 0 4 0 1
5 3 0 0 0 1 0 0 0 2
1 1 6 4 8 3 5 7 9 2
1 2 6 7 8 9 3 4 5 1
1 9 6 5 2 1 7 3 4 8
1 0 0 0 2 0 0 0 0 1
1 0 4 5 3 1 0 0 2 0
10 0 5 4 2 1 0 0 3 0
1 1 5 7 3 4 6 9 8 2
1 2 4 6 8 9 5 3 7 1
1 0 4 5 0 0 3 1 2 0
1 9 3 2 1 4 5 6 8 7
1 1 3 2 8 9 6 5 7 4
1 2 4 3 7 8 5 6 9 1
1 3 0 0 1 2 0 0 4 0
1 0 3 1 0 0 2 4 0 0
1 0 1 2 0 0 3 0 0 0
1 0 2 0 3 1 0 0 4 0
2 3 1 4 0 0 0 0 0 2
2 0 0 0 0 0 0 0 1 2
2 7 1 2 8 9 3 4 5 6
1 2 7 8 3 4 9 5 6 1
1 0 0 1 0 0 0 0 3 2
1 4 5 0 3 0 0 0 2 1
1 0 3 0 2 1 0 4 5 0
1 0 3 4 6 5 0 2 1 0
2 9 4 5 2 1 7 6 3 8
2 0 0 0 0 0 0 2 3 1
3 0 2 0 0 0 0 1 0 0
1 5 0 0 2 3 0 4 0 1
2 3 0 0 1 4 0 0 0 2
2 3 0 0 0 0 0 1 0 2
1 4 2 1 7 8 6 3 9 5
1 0 2 3 4 1 0 0 0 0
39 2 3 4 0 0 0 0 0 1
2 3 0 0 0 0 2 0 0 1
1 9 4 8 2 1 5 6 3 7
1 0 0 3 2 1 0 4 5 6
1 4 1 2 5 6 7 9 8 3
3 0 4 3 2 1 0 0 5 0
1 0 3 0 0 0 1 0 0 2
1 8 7 6 1 2 3 4 9 5
1 0 1 0 3 0 0 2 0 0
1 3 0 0 1 2 4 0 0 0
2 0 0 0 0 1 0 2 0 3
1 1 2 3 4 8 9 7 6 5
1 1 4 3 8 9 7 6 5 2
1 1 3 0 2 0 0 0 0 0
5 0 3 0 2 1 0 0 4 0
3 0 0 0 2 1 0 0 3 4
1 4 0 3 2 0 0 0 1 5
1 1 4 5 0 0 0 0 3 2
2 1 2 0 0 3 0 0 0 0
5 3 2 1 0 0 0 0 0 0
11 0 0 0 3 1 0 0 2 0
2 0 1 0 2 3 0 0 0 0
1 3 4 5 9 8 2 7 6 1
3 2 0 0 0 0 3 4 0 1
1 9 7 6 1 2 4 3 5 8
1 3 0 0 1 2 0 4 0 0
3 0 0 0 0 1 0 2 0 0
2 0 0 0 0 2 0 3 1 0
1 0 1 0 3 4 0 0 2 0
1 1 3 9 2 4 6 5 7 8
1 2 4 8 7 5 1 6 9 3
1 6 8 9 2 1 3 5 4 7
22 0 0 0 2 1 0 0 0 3
4 2 4 0 0 0 0 3 0 1
1 0 2 0 0 1 0 3 0 0
1 0 0 0 0 0 0 3 1 2
1 1 0 0 0 0 0 3 2 0
64 2 0 0 0 0 0 3 0 1
2 0 5 6 2 1 0 4 3 0
1 9 5 6 2 1 3 7 4 8
1 0 5 4 2 3 0 0 1 0
1 7 4 5 1 3 0 6 2 8
1 0 0 3 0 0 2 1 0 0
1 2 3 4 9 8 7 5 6 1
1 2 4 7 9 8 3 5 6 1
2 0 0 0 0 2 0 0 3 1
1 1 3 4 9 6 8 5 7 2
1 2 6 3 9 8 5 7 4 1
5 0 0 1 2 3 0 0 0 0
3 9 6 7 2 1 4 5 3 8
1 8 2 3 6 5 0 4 1 7
1 5 4 0 2 1 0 0 3 0
1 8 6 7 2 1 4 3 5 9
1 7 5 4 2 1 8 6 3 9
1 2 6 5 8 9 3 4 7 1
1 1 3 2 8 9 6 7 4 5
1 7 4 9 1 2 6 5 3 8
1 5 4 1 3 2 8 6 9 7
4 2 1 3 0 0 0 0 0 0
1 8 4 5 1 2 7 6 3 9
1 7 5 2 4 3 9 6 1 8
1 2 4 5 6 7 9 1 8 3
6 1 3 2 0 0 0 0 0 0
1 0 0 0 2 3 0 1 0 0
1 1 3 4 0 0 5 0 0 2
2 0 4 0 3 1 0 0 2 0
1 0 6 7 2 1 4 5 3 0
2 8 5 4 2 1 7 6 3 9
1 0 0 3 0 0 0 1 2 0
1 8 7 4 2 1 6 5 3 9
1 1 4 0 0 0 5 3 0 2
350 1 0 0 0 0 0 0 0 2
16 2 4 3 0 0 0 0 0 1
1 9 3 5 2 1 7 6 4 8
2 2 0 0 0 0 0 1 0 3
1 9 7 8 1 2 3 4 6 5
1 3 4 5 0 0 0 0 2 1
1 3 0 0 0 1 6 2 5 4
2 2 0 0 0 0 1 0 0 0
1 2 1 0 0 0 0 0 0 0
1 9 8 7 2 1 6 3 4 5
4 0 5 3 1 2 0 0 4 0
4 2 0 0 3 1 0 0 0 0
1 2 1 3 0 0 0 6 5 4
1 1 0 0 2 3 0 0 0 4
2 1 0 0 0 0 0 2 3 0
5 0 0 0 0 2 0 0 0 1
1 9 5 6 2 4 7 3 8 1
1 2 1 6 9 8 7 4 5 3
2 8 6 5 1 2 7 4 3 9
1 0 0 0 0 2 0 0 1 3
4 2 3 4 7 8 5 6 9 1
2 0 0 0 0 0 0 2 1 0
1 9 6 5 1 2 7 4 3 8
2 0 2 0 0 0 3 1 0 0
1 2 1 0 0 0 4 5 0 3
1 4 0 0 1 2 0 3 0 0
1 1 5 3 0 0 0 4 0 2
1 4 0 0 1 2 0 0 0 3
1 0 2 0 0 0 0 0 1 0
1 2 5 0 0 0 3 4 0 1
1 4 0 0 0 0 3 2 0 1
1 1 3 0 0 4 0 0 0 2
2 2 0 0 0 0 0 3 4 1
3 0 4 5 1 2 0 0 3 0
2 0 0 3 0 2 0 0 0 1
1 8 7 6 1 2 5 4 3 9
1 0 3 1 5 4 0 0 2 0
1 0 0 3 0 0 0 0 2 1
5 1 0 2 0 0 0 0 0 0
2 1 2 0 3 0 0 0 0 0
1 1 4 7 6 3 9 5 8 2
1 2 3 4 8 7 6 5 9 1
1 3 1 0 0 2 0 0 0 0
1 2 4 6 5 3 7 8 9 1
1 0 1 2 0 0 0 4 3 0
1 4 9 3 2 1 7 6 8 5
1 0 0 0 0 0 0 0 2 1
1 2 3 5 7 8 4 6 9 1
1 4 2 1 0 0 0 0 3 0
1 1 3 0 0 0 0 5 4 2
2 0 1 0 0 2 0 3 0 0
1 2 0 3 0 0 4 0 0 1
1 8 6 5 2 1 3 7 4 9
5 0 0 3 0 1 0 0 2 0
1 0 1 2 0 3 0 4 0 0
1 0 3 1 6 5 0 0 4 2
4 2 0 0 0 0 1 0 0 3
1 6 4 3 2 1 9 8 7 5
10 0 4 0 2 1 0 0 3 0
8 0 0 0 0 2 0 0 1 0
6 0 0 1 0 0 0 2 0 0
1 4 5 7 1 2 0 0 6 3
1 2 4 7 8 9 6 5 3 1
1 9 3 4 2 1 5 7 6 8
1 0 1 0 0 0 0 0 3 2
1 0 0 3 2 1 0 5 4 0
1 0 1 2 0 0 0 3 4 0
1 2 0 0 0 1 3 0 0 0
2 8 4 5 2 1 9 6 3 7
1 4 0 0 1 5 0 0 2 3
1 4 2 5 6 3 8 7 9 1
1 0 0 3 1 2 0 5 4 0
