2 Leven
4 8 1210 5822
Paula BAKER, Grn
Jim BOLLAN, WDCP
Ian DICKSON, SNP
Matthew DILLON, Con
Ronnie MCCOLL, SNP
Michelle Marie MCGINTY, Lab
John Kelly MILLAR, Lab
Sian WILKIE, Ind
6 1 4 2 0 3 0 0 0
1 1 4 3 0 2 6 5 7
5 3 1 0 0 0 0 2 0
1 1 0 2 0 4 3 0 0
29 2 0 1 0 3 0 0 0
7 0 1 0 0 3 0 2 0
1 1 2 4 0 0 0 3 0
1 5 6 4 8 3 1 2 7
1 4 3 0 0 0 1 2 5
7 0 1 0 2 0 0 3 0
1 3 1 0 0 0 0 4 2
1 3 5 2 0 1 6 4 7
2 0 2 3 0 0 1 0 0
1 4 3 8 6 7 1 2 5
2 0 0 2 1 0 0 0 0
1 6 7 1 5 2 3 4 8
1 3 4 1 5 2 7 6 8
1 0 0 1 0 3 4 2 0
2 6 1 7 2 8 3 4 5
1 0 2 0 0 3 1 0 0
1 6 5 8 3 7 1 2 4
1 4 5 6 7 8 1 2 3
1 2 6 4 8 5 1 3 7
2 0 5 0 3 0 2 1 4
1 4 2 5 7 6 3 1 8
1 4 2 0 0 1 3 0 0
1 0 0 3 0 0 2 1 4
3 3 0 2 0 1 4 0 0
1 2 3 4 0 1 6 5 0
1 2 1 3 0 4 6 5 7
16 0 0 0 0 3 2 1 0
2 0 0 3 0 2 1 0 0
1 3 2 4 0 0 0 1 0
1 3 0 4 0 1 0 2 0
2 3 0 2 0 1 5 4 0
14 3 4 1 8 2 7 6 5
1 7 6 1 8 2 4 5 3
1 2 3 0 0 0 1 4 5
1 0 0 1 0 4 2 3 0
1 0 1 2 3 0 0 0 0
1 5 3 0 0 0 2 1 4
1 4 5 0 3 0 1 2 0
1 0 3 0 1 0 2 0 4
1 0 0 0 1 2 3 4 0
1 7 5 4 6 2 1 3 0
2 0 1 0 0 0 3 0 2
1 8 5 2 7 1 3 4 6
1 3 5 4 0 0 1 2 0
2 4 3 1 6 2 8 7 5
13 0 3 0 0 0 1 2 4
1 4 2 0 0 0 1 3 0
1 5 3 1 7 2 6 8 4
1 5 4 2 0 1 3 0 0
4 4 1 0 0 0 3 2 0
4 1 0 0 0 0 3 2 0
1 5 6 7 1 8 3 4 2
1 2 4 3 0 0 1 0 0
1 5 1 3 8 4 6 7 2
1 6 5 4 0 1 2 3 0
1 7 2 3 0 4 5 6 1
1 1 2 4 7 8 3 5 6
1 5 6 7 2 8 4 1 3
1 0 1 4 6 5 2 3 0
1 0 5 1 0 2 4 3 0
1 2 1 4 8 3 5 6 7
1 1 4 2 8 3 5 6 7
2 6 4 0 3 0 1 2 5
1 6 5 4 8 2 3 1 7
4 0 4 0 0 0 2 1 3
4 4 0 3 0 0 1 2 0
2 6 4 0 3 0 2 1 5
2 0 1 0 3 0 2 0 0
2 4 3 1 5 2 8 7 6
1 0 3 0 2 0 1 0 4
1 5 8 3 7 4 2 1 6
10 0 0 0 1 0 2 0 0
1 2 5 3 8 1 4 6 7
1 2 0 1 0 3 0 0 4
1 3 0 2 0 1 4 5 6
6 0 0 0 0 0 0 0 1
27 4 3 1 0 2 0 0 0
2 0 2 0 3 0 0 1 0
2 0 0 0 0 1 3 2 0
1 4 6 1 0 2 0 3 5
1 6 5 2 0 1 3 4 7
1 3 2 4 8 1 7 6 5
1 3 2 1 8 6 4 5 7
1 1 0 0 4 0 2 3 0
1 3 2 1 0 0 0 0 4
129 0 3 0 0 0 2 1 0
4 4 3 6 5 7 2 1 8
12 2 1 3 0 4 0 0 0
1 1 2 5 8 4 7 3 6
1 3 6 5 8 4 2 1 7
1 4 1 0 0 0 5 3 2
2 7 5 1 8 2 4 3 6
1 5 8 3 6 4 1 2 7
1 8 3 4 6 5 2 1 7
1 0 2 4 0 3 0 1 0
1 3 0 0 0 1 2 0 0
1 5 4 8 3 7 1 2 6
2 4 1 2 0 3 0 0 5
3 7 6 1 8 2 3 4 5
1 2 3 0 0 0 0 1 0
1 5 4 0 6 0 2 1 3
1 0 2 1 3 0 0 0 0
2 5 3 2 0 1 0 4 0
3 6 5 1 0 2 3 4 7
15 0 0 2 0 1 0 3 0
5 3 0 1 0 2 0 4 0
1 0 1 2 0 3 4 0 0
1 8 3 4 5 6 2 1 7
51 0 0 0 1 0 2 3 0
5 4 1 2 8 3 5 6 7
7 3 2 0 0 0 0 1 0
2 0 1 2 0 0 0 0 3
1 6 3 5 4 0 2 1 7
1 0 1 0 5 0 3 2 4
1 0 3 4 0 5 2 1 0
1 1 0 4 0 0 2 3 0
2 0 1 0 0 2 3 0 0
8 0 1 0 2 0 0 0 3
3 2 3 1 8 4 6 7 5
1 0 0 0 0 3 2 4 1
3 5 6 1 0 2 3 4 7
2 6 5 4 7 3 1 2 8
1 3 1 2 8 4 6 7 5
1 3 6 4 7 5 1 2 8
1 1 7 3 0 4 6 5 2
1 2 1 4 0 0 0 3 0
5 0 0 2 0 1 3 0 0
3 7 3 1 8 2 4 5 6
1 5 0 3 0 4 1 2 0
1 3 6 1 8 4 7 5 2
1 2 0 0 3 0 1 0 0
1 8 3 1 5 2 4 6 7
6 0 3 0 1 0 2 0 0
1 0 1 0 4 0 3 2 5
5 3 4 1 8 2 6 5 7
1 7 6 5 4 3 1 2 8
1 3 0 2 0 1 0 0 4
1 4 1 7 8 5 2 3 6
5 0 0 1 3 2 0 0 0
1 8 7 2 6 1 3 4 5
1 5 4 6 7 3 2 1 8
2 1 0 2 0 3 4 5 0
1 1 3 2 8 4 5 6 7
1 4 2 3 8 1 6 5 7
1 0 2 3 0 4 0 0 1
47 3 4 1 0 2 0 0 0
1 5 0 0 1 0 3 2 4
1 5 1 4 7 2 6 3 8
1 4 1 0 5 0 3 2 0
1 3 1 4 0 5 0 2 0
2 0 1 4 0 0 2 3 0
2 5 3 6 8 7 2 1 4
1 4 3 1 7 8 2 5 6
15 4 3 0 0 0 2 1 0
2 5 6 4 8 3 2 1 7
1 4 8 7 6 5 2 3 1
1 2 1 3 0 4 6 5 0
1 1 4 5 8 6 3 2 7
1 4 3 2 8 1 6 5 7
1 5 7 2 8 1 6 3 4
1 3 1 6 8 7 4 2 5
1 6 3 5 8 4 1 2 7
1 6 3 4 0 2 5 1 7
1 1 3 7 4 8 5 6 2
2 5 3 6 7 8 2 1 4
1 0 1 3 0 0 0 0 2
7 5 6 3 8 4 1 2 7
1 6 2 4 8 5 3 1 7
1 6 1 8 5 7 2 4 3
1 4 2 1 8 3 6 7 5
1 0 2 3 0 1 0 4 0
7 1 0 3 0 2 0 0 0
3 6 5 7 4 8 1 2 3
1 0 1 4 0 0 3 2 0
1 7 5 3 6 4 1 2 8
1 4 2 3 0 1 5 6 0
1 2 1 3 0 0 0 4 5
2 2 1 7 8 6 5 4 3
2 0 2 0 0 1 0 0 0
1 4 1 5 8 6 3 2 7
1 0 1 0 2 0 4 3 5
1 0 1 4 0 3 2 0 0
1 3 4 1 0 2 6 5 7
1 6 8 3 5 4 1 2 7
1 1 0 2 0 3 0 0 4
2 5 3 2 8 1 7 6 4
1 7 1 8 4 3 2 5 6
6 3 1 0 0 0 0 0 2
3 5 3 2 8 1 6 7 4
1 0 3 0 1 0 4 5 2
1 6 1 7 4 8 2 3 5
1 4 3 0 0 0 2 1 5
8 0 0 0 1 0 0 0 2
1 4 3 7 8 6 2 1 5
1 4 3 0 5 0 1 2 6
1 4 3 5 8 6 2 1 7
1 7 1 6 0 2 3 5 4
1 3 2 1 4 5 7 8 6
1 0 0 4 0 3 2 1 5
1 3 5 2 0 1 0 4 0
1 4 3 2 5 1 6 7 8
1 4 2 3 0 1 6 5 7
1 1 2 6 5 7 3 8 4
1 7 1 4 8 5 2 3 6
1 0 0 0 2 0 1 3 4
1 2 1 0 0 0 5 4 3
2 0 5 0 1 0 3 2 4
1 7 1 3 2 8 6 5 4
1 0 0 1 0 2 3 4 5
1 0 4 0 3 2 1 5 6
1 4 3 1 8 5 7 2 6
2 5 7 3 8 4 2 1 6
1 2 4 0 0 0 1 3 0
1 6 2 0 1 0 4 5 3
1 3 1 5 7 6 4 2 8
14 0 0 0 2 0 1 3 0
1 7 1 0 2 5 6 4 3
4 0 0 1 0 3 2 0 0
3 4 3 7 6 8 1 2 5
2 3 4 2 5 1 8 7 6
1 5 4 7 6 8 2 1 3
1 1 3 0 0 0 2 4 0
55 0 1 0 0 0 0 2 0
10 0 0 3 0 4 1 2 0
1 3 2 0 0 0 0 4 1
1 4 2 7 0 3 5 1 6
1 0 1 0 0 2 0 0 3
1 2 8 5 1 6 3 4 7
1 2 4 1 8 3 7 6 5
1 6 3 1 8 2 5 7 4
15 1 0 0 0 0 0 0 0
17 0 0 0 2 0 3 1 0
8 0 2 1 0 0 0 0 0
1 0 0 0 2 1 0 3 0
1 0 0 2 1 0 0 0 3
4 3 1 0 0 0 2 0 0
3 0 2 0 1 0 3 0 0
1 6 5 3 0 1 2 4 0
2 5 4 1 8 2 6 3 7
5 0 0 0 3 0 1 2 4
1 1 2 3 0 4 5 6 0
1 2 0 3 0 1 4 5 6
1 2 4 1 8 5 6 3 7
1 7 3 1 0 2 4 5 6
1 2 1 0 0 0 3 0 4
7 0 0 3 0 0 1 2 0
3 6 3 7 4 8 1 2 5
1 6 2 5 7 4 3 1 8
1 4 3 6 5 7 1 2 0
1 7 6 3 5 4 1 2 8
1 7 1 2 8 4 5 3 6
3 4 3 1 0 2 0 0 5
1 3 4 1 7 2 5 6 8
1 7 6 4 5 3 1 2 8
2 0 1 3 0 0 4 2 0
1 0 2 0 0 1 3 4 0
16 0 1 0 2 0 0 0 0
1 2 8 1 7 3 4 5 6
2 4 5 0 3 0 2 1 0
1 0 2 3 0 4 0 1 0
2 3 2 4 0 1 0 0 0
3 0 2 0 1 0 3 4 0
1 3 1 2 8 4 6 5 7
1 4 8 1 7 2 5 3 6
1 3 5 6 8 7 2 1 4
1 4 3 0 6 0 1 2 5
1 0 3 1 0 4 2 0 0
1 1 2 3 8 4 6 7 5
1 4 1 3 0 5 0 2 0
1 2 1 6 8 7 4 5 3
1 0 0 5 4 3 1 2 0
1 5 3 4 6 2 1 7 8
4 2 0 1 0 3 4 5 0
57 0 3 2 0 1 0 0 0
3 4 0 0 3 0 1 2 0
10 0 0 0 0 3 1 2 0
1 1 3 2 0 0 0 5 4
3 3 5 2 8 1 6 7 4
2 0 5 3 0 4 1 2 0
1 3 1 2 8 4 7 5 6
1 7 5 1 8 2 3 4 6
1 4 3 0 5 0 1 2 0
3 6 4 7 3 8 1 2 5
1 5 1 8 2 7 3 4 6
1 1 0 0 0 0 2 0 3
1 2 0 1 0 0 0 0 3
2 6 3 8 5 7 2 1 4
1 0 0 3 1 2 0 0 0
1 6 3 1 7 2 8 4 5
2 6 5 1 8 4 3 2 7
4 0 2 0 0 0 0 1 3
1 5 7 6 4 8 1 2 3
1 0 2 1 0 4 0 3 0
1 4 0 2 0 1 0 0 3
1 0 2 3 1 0 4 0 0
1 3 1 2 0 0 0 0 4
1 0 1 5 0 0 3 4 2
1 4 3 0 1 0 0 0 2
1 2 5 1 7 3 8 6 4
1 3 4 2 6 1 8 7 5
1 5 3 7 4 8 1 2 6
1 5 3 1 4 2 8 7 6
6 0 3 1 0 2 4 5 0
15 0 4 0 3 0 2 1 0
1 0 0 0 2 1 0 0 0
3 0 0 3 0 2 0 1 0
1 6 5 0 3 0 1 2 4
1 6 3 4 8 5 1 2 7
1 8 1 6 5 7 2 3 4
2 3 5 1 6 2 8 7 4
1 6 5 1 8 2 4 3 7
1 4 3 6 7 5 2 1 8
19 0 1 0 0 0 2 0 0
3 1 0 0 0 2 0 0 3
1 5 3 4 0 2 6 1 0
1 0 0 3 0 1 2 4 0
1 3 1 0 0 0 4 2 0
1 6 5 7 1 8 2 3 4
1 3 1 7 8 6 4 5 2
7 0 0 1 0 3 0 2 0
35 0 0 1 0 2 3 0 0
1 0 3 1 0 0 2 0 0
1 6 3 2 7 4 1 5 0
1 5 4 1 6 2 7 8 3
1 1 0 3 0 5 2 4 0
1 6 7 1 5 2 3 4 0
1 3 2 1 8 4 5 6 7
1 0 1 0 2 0 4 0 3
1 8 5 6 1 7 4 3 2
6 0 1 0 0 0 0 2 3
1 2 1 3 8 4 5 6 7
8 3 4 0 0 0 1 2 0
1 6 7 2 8 1 4 3 5
1 3 0 2 0 0 0 1 0
3 0 3 0 2 0 1 0 0
1 7 4 6 8 5 2 1 3
1 0 1 0 2 0 0 4 3
1 2 1 5 0 0 0 4 3
1 4 0 0 1 0 2 3 5
1 0 2 1 0 0 0 0 3
1 4 1 5 8 6 2 3 7
1 4 1 3 0 2 0 0 5
2 4 1 2 0 0 3 0 0
1 0 1 0 0 0 2 4 3
2 4 1 6 8 7 2 3 5
2 4 2 0 0 0 3 1 0
1 4 3 8 2 7 6 5 1
8 0 0 1 0 0 2 3 0
2 4 1 2 8 3 7 6 5
1 7 3 6 8 5 2 1 4
1 3 1 4 0 2 0 0 0
1 3 7 4 6 5 1 2 8
3 4 3 2 8 1 6 7 5
1 7 4 2 0 1 5 6 3
1 3 1 0 0 2 0 4 0
9 0 1 3 0 0 0 2 0
2 2 6 1 8 3 4 5 7
2 0 4 0 3 0 1 2 5
1 2 4 1 8 3 6 7 5
1 2 3 1 8 4 5 7 6
1 1 0 0 0 2 0 0 0
1 3 4 8 1 5 6 7 2
1 4 5 3 8 2 7 6 1
1 2 0 0 0 1 0 3 0
1 4 0 2 0 5 3 1 0
1 7 6 2 8 4 1 3 5
1 4 3 5 8 6 1 2 7
1 0 0 3 2 0 0 0 1
1 6 7 1 8 2 3 5 4
3 0 4 1 0 2 0 3 0
1 4 3 5 8 7 2 1 6
16 3 4 1 8 2 5 6 7
1 5 6 3 8 4 2 1 7
6 0 1 0 3 0 0 0 2
1 5 3 1 0 2 6 4 0
1 5 3 1 7 2 6 4 8
2 1 3 0 0 0 2 0 0
9 0 0 0 0 0 1 2 3
1 5 4 3 8 6 2 1 7
1 8 6 5 4 3 2 1 7
2 3 6 2 8 1 4 5 7
1 3 0 2 0 4 1 0 0
2 5 4 6 8 7 1 2 3
1 2 1 0 0 0 0 4 3
1 3 1 5 6 7 8 2 4
1 3 6 1 0 2 4 5 7
1 0 0 1 0 0 0 0 2
198 3 0 1 0 2 0 0 0
157 0 1 0 0 0 0 0 0
1 2 1 0 5 0 3 4 0
2 0 0 0 0 0 3 1 2
4 4 0 2 0 1 0 3 0
1 1 0 2 0 0 0 3 0
1 3 2 1 0 0 0 4 0
1 5 4 7 6 8 1 2 3
1 3 4 5 8 6 2 1 7
1 2 0 3 0 1 0 4 0
1 2 6 1 7 8 4 5 3
2 0 0 2 1 3 0 0 0
3 2 1 0 0 0 3 0 0
23 0 0 0 0 1 0 0 0
1 6 1 2 0 3 4 5 0
1 0 3 5 0 1 2 4 0
2 0 3 0 2 0 4 1 0
1 2 4 1 7 3 5 6 0
1 6 4 2 7 1 8 3 5
1 0 0 3 0 1 0 2 0
2 5 6 2 8 1 3 4 7
1 0 0 1 4 3 0 2 0
1 2 1 5 7 6 3 4 0
4 2 0 0 1 0 0 0 3
7 6 5 1 8 2 3 4 7
1 5 3 7 6 8 2 1 4
1 5 1 3 0 2 6 4 7
2 5 4 1 8 2 7 3 6
1 6 1 7 4 8 3 2 5
1 4 3 1 8 5 2 6 7
2 0 2 0 1 0 0 4 3
20 4 1 2 0 3 0 0 0
21 4 3 2 0 1 0 0 0
1 6 3 1 0 2 4 5 7
5 4 0 0 3 0 2 1 0
2 2 3 4 0 1 0 0 0
1 6 0 1 3 2 4 5 0
1 5 4 3 8 7 2 1 6
1 4 5 7 1 8 3 2 6
1 5 3 6 8 4 1 2 7
43 3 0 0 0 0 1 2 0
11 0 3 0 0 0 2 1 4
1 6 8 1 7 2 5 3 4
1 0 1 2 0 5 3 4 0
1 4 3 6 5 0 1 2 0
1 3 7 2 8 1 5 6 4
1 6 5 4 7 3 2 1 8
1 2 1 7 6 8 3 5 4
58 0 1 0 0 0 3 2 0
10 0 0 4 0 3 2 1 0
12 0 0 1 0 2 4 3 0
3 0 2 3 0 0 0 1 0
1 6 3 8 4 7 1 2 5
2 3 7 4 8 5 2 1 6
1 5 3 0 6 0 1 2 4
17 0 0 0 1 0 0 2 0
2 0 3 0 0 2 0 1 0
10 0 4 0 3 0 1 2 0
1 1 2 4 3 7 5 6 8
10 4 3 1 8 2 7 6 5
1 6 1 5 7 2 3 4 0
5 2 0 0 0 0 0 0 1
1 7 3 4 6 5 1 2 8
1 4 0 0 0 0 2 1 3
1 5 6 8 3 7 1 2 4
4 1 2 0 0 0 3 0 0
1 0 3 0 0 2 1 0 0
1 1 2 4 0 3 5 6 0
4 3 7 1 8 2 4 5 6
1 3 0 2 0 1 4 5 0
1 2 1 0 4 0 0 0 3
1 1 0 2 0 4 3 5 0
3 1 4 3 0 2 0 0 0
3 0 1 0 0 0 0 3 2
1 0 2 0 4 0 1 3 5
43 0 1 2 0 3 0 0 0
1 2 6 4 8 3 7 1 5
1 3 4 2 0 1 6 5 7
1 5 2 3 8 7 1 4 6
1 3 7 2 0 1 4 5 6
1 2 3 6 0 5 4 1 0
1 1 4 2 8 3 7 6 5
2 0 3 2 0 1 4 0 0
1 8 1 2 7 4 6 5 3
22 0 1 3 0 2 0 0 0
1 2 0 0 1 0 0 3 0
1 1 2 3 0 4 0 0 5
7 3 0 1 0 2 4 5 0
1 6 2 0 1 0 3 4 5
1 4 3 1 8 2 7 5 6
3 2 0 1 0 0 3 0 0
2 0 3 2 0 1 0 4 0
1 3 5 2 0 1 0 0 4
2 0 2 1 0 0 3 0 0
1 5 0 1 0 3 2 4 0
6 0 0 0 2 0 0 0 1
1 0 4 2 1 3 0 0 5
3 3 2 1 8 4 7 6 5
1 2 0 4 1 0 3 0 0
3 4 1 3 0 2 0 0 0
6 4 1 0 0 0 2 3 0
1 7 6 2 5 3 1 4 8
1 4 3 7 5 8 1 2 6
6 1 2 0 0 0 0 0 0
1 4 3 1 8 2 5 7 6
1 0 0 0 1 0 2 4 3
1 2 5 1 8 6 4 3 7
2 0 5 0 3 0 1 2 4
11 0 3 0 4 0 1 2 0
1 5 4 7 8 6 1 2 3
1 7 1 5 6 2 3 4 8
25 0 2 0 1 0 0 0 0
7 2 1 0 0 0 0 3 0
3 0 0 0 4 0 1 2 3
1 0 0 0 2 0 3 1 4
1 0 5 3 0 4 2 1 0
1 2 1 3 8 4 6 7 5
100 0 0 0 0 0 0 1 0
6 0 0 0 3 0 2 1 4
2 6 3 1 8 2 4 5 7
1 5 2 6 8 7 4 1 3
1 4 2 1 8 3 6 5 7
1 4 3 1 6 2 7 8 5
1 1 0 3 0 2 4 0 0
1 2 1 0 0 0 5 3 4
316 0 0 0 0 0 2 1 0
1 8 4 7 3 6 1 2 5
3 4 1 2 8 3 6 7 5
1 5 3 6 4 7 1 2 8
6 3 4 2 8 1 5 6 7
6 5 6 1 8 2 3 4 7
1 0 0 1 2 0 0 3 0
1 5 2 3 0 1 0 4 6
1 4 1 3 0 0 0 2 0
4 0 4 3 0 0 1 2 0
2 2 3 0 1 0 0 0 0
1 1 2 3 5 4 7 8 6
1 0 4 0 0 0 3 1 2
1 4 2 1 8 3 7 6 5
2 0 1 4 0 2 0 0 3
1 5 6 3 8 1 2 4 7
1 0 3 4 0 0 2 1 0
1 6 1 3 7 0 4 2 5
1 1 3 0 0 0 0 2 0
2 0 0 3 0 1 4 2 0
1 1 2 0 0 0 3 4 0
2 0 1 0 2 0 3 0 0
1 2 0 1 0 3 6 5 4
1 3 1 8 6 5 4 7 2
1 6 3 7 1 8 5 4 2
2 0 1 0 0 2 3 4 0
1 7 1 3 8 2 4 5 6
2 1 0 0 2 0 0 0 3
1 4 2 0 0 1 3 5 0
1 0 1 3 0 0 4 2 5
1 6 5 7 1 8 3 4 2
1 5 3 1 8 2 6 7 4
1 0 1 0 4 2 0 3 0
1 4 6 3 5 2 7 1 8
7 0 3 0 2 0 0 1 0
2 6 5 4 8 3 2 1 7
1 4 3 1 5 2 7 8 6
1 3 7 4 5 6 2 1 8
2 0 4 1 0 2 3 0 0
1 6 3 1 8 2 5 4 7
1 5 4 2 0 3 0 1 6
1 4 3 2 5 1 6 8 7
1 5 1 7 8 6 3 4 2
1 3 0 1 4 2 0 0 0
1 3 7 2 6 1 4 5 8
1 1 0 0 2 0 0 0 0
28 0 2 1 0 3 0 0 0
7 0 0 2 0 1 0 0 3
1 6 3 5 7 4 2 1 8
1 5 4 3 7 2 6 1 8
1 4 2 3 0 1 7 6 5
1 4 0 1 0 3 2 0 0
1 1 3 2 8 5 6 7 4
2 4 3 1 0 2 5 6 0
1 0 0 1 0 3 2 4 0
13 0 3 0 4 0 2 1 0
1 4 3 5 0 6 1 2 0
5 0 1 0 4 0 2 3 0
1 5 7 6 1 8 3 4 2
1 1 2 3 8 4 7 6 5
13 0 2 0 0 0 1 3 0
1 4 7 3 8 2 5 1 6
1 4 3 1 0 2 5 0 0
1 7 1 6 5 8 4 2 3
1 4 3 7 8 6 1 2 5
1 7 6 5 8 4 1 2 3
1 3 1 0 0 4 0 0 2
3 5 3 7 6 8 1 2 4
1 6 3 7 5 8 1 2 4
1 5 4 2 3 1 6 7 8
1 2 4 1 0 3 6 5 0
1 2 0 0 0 3 0 1 0
1 0 4 0 1 0 3 2 0
1 5 1 2 0 0 3 4 0
1 0 2 0 1 0 4 3 0
2 0 0 2 0 0 3 1 0
1 3 6 2 8 1 5 4 7
121 0 0 0 1 0 0 0 0
1 5 1 3 8 2 7 6 4
22 3 4 2 0 1 0 0 0
1 0 0 0 0 0 0 1 2
1 3 4 0 5 0 1 2 6
1 3 2 4 0 1 5 0 0
4 3 0 1 0 2 4 0 0
310 0 0 0 0 0 1 2 0
3 1 2 0 0 0 0 0 3
1 0 2 0 1 0 3 5 4
1 4 1 6 5 8 7 2 3
1 0 1 0 5 0 4 3 2
1 7 3 1 8 2 5 4 6
1 3 2 5 1 4 6 7 8
1 4 5 6 8 7 2 1 3
1 0 0 2 0 4 1 3 0
1 3 2 0 4 0 1 0 0
1 6 2 1 7 5 3 4 0
4 4 3 6 8 7 1 2 5
21 0 1 2 0 0 0 0 0
3 3 2 1 0 4 0 0 0
1 5 1 2 8 4 7 6 3
2 0 4 0 2 0 0 1 3
2 1 2 3 8 4 5 6 7
1 4 7 6 1 5 2 3 8
1 1 5 6 0 7 2 3 4
1 1 5 2 0 3 0 0 4
1 0 0 5 1 4 3 2 0
3 0 3 4 0 5 1 2 0
2 0 3 0 4 0 1 2 5
1 1 0 0 0 0 0 2 0
1 2 3 7 1 8 5 6 4
1 1 4 3 8 2 6 7 5
13 0 1 0 0 2 0 0 0
6 2 0 0 1 0 0 0 0
3 0 1 0 0 0 2 0 3
5 3 0 1 0 0 0 2 0
1 7 1 4 8 5 6 3 2
2 5 6 4 7 3 2 1 0
3 0 5 4 0 3 2 1 0
1 4 1 3 7 2 6 5 8
3 1 0 2 0 0 3 0 0
4 3 4 0 0 0 1 2 5
6 3 4 1 0 2 0 0 5
1 1 3 4 8 2 7 6 5
1 3 0 0 1 0 0 2 0
1 0 0 4 0 3 2 0 1
2 0 2 0 1 0 3 0 4
1 2 0 3 0 1 4 5 0
2 0 3 2 0 0 0 1 0
1 6 5 4 7 2 1 3 8
1 3 7 1 0 2 5 6 4
8 0 2 0 1 0 0 0 3
2 4 3 2 6 1 8 7 5
1 8 1 7 2 6 3 5 4
1 7 4 3 8 5 6 2 1
4 3 2 0 0 1 0 0 0
2 4 1 2 0 3 5 6 0
1 4 2 8 5 7 6 1 3
1 7 1 4 5 6 2 3 8
1 3 4 1 0 2 0 6 5
1 3 6 1 7 2 8 4 5
1 4 0 0 0 3 2 1 0
1 5 8 3 7 4 1 2 6
2 0 3 0 5 0 2 1 4
6 4 2 1 0 3 0 0 0
1 2 1 3 6 7 4 5 8
1 2 0 3 0 0 0 1 0
1 0 1 4 0 5 2 3 0
1 3 7 2 8 1 5 4 6
2 0 2 0 3 0 1 0 0
2 4 0 2 3 1 0 0 0
1 5 1 2 3 4 6 7 8
1 5 4 0 3 0 2 1 6
7 0 0 0 1 0 2 3 4
1 8 7 5 3 6 1 2 4
1 2 6 1 4 7 8 5 3
147 0 0 2 0 1 0 0 0
1 5 4 3 0 2 1 6 0
1 4 1 6 7 8 5 2 3
2 1 3 2 0 4 0 0 5
1 3 5 7 8 6 1 2 4
3 0 2 0 3 0 0 0 1
1 3 0 0 1 0 0 0 2
1 3 4 1 7 2 6 5 8
1 0 4 0 3 0 0 2 1
7 4 3 2 8 1 5 6 7
1 3 1 4 0 0 0 0 2
5 6 4 7 3 8 2 1 5
1 5 4 1 8 2 6 7 3
1 2 1 7 6 8 4 3 5
1 0 1 3 0 2 4 0 0
1 6 4 8 2 7 3 1 5
1 7 2 5 4 8 3 1 6
1 0 3 1 0 0 0 2 0
1 4 3 5 7 6 2 1 8
1 0 2 0 0 0 1 4 3
1 6 3 2 8 1 4 5 7
1 0 0 3 0 1 2 0 0
1 0 3 4 0 1 0 2 0
1 3 6 5 8 1 2 4 7
7 0 0 2 0 0 0 1 0
2 0 5 2 0 1 3 4 0
1 5 1 0 0 0 2 4 3
2 0 0 2 0 0 1 0 0
1 2 6 4 8 5 3 1 7
1 6 5 4 0 3 2 1 0
29 1 0 2 0 3 0 0 0
4 1 6 2 8 3 4 5 7
2 5 0 4 0 3 2 1 0
1 6 1 2 8 3 4 5 7
1 3 1 0 0 0 2 0 4
1 3 2 0 0 0 0 1 4
4 1 3 0 0 0 0 0 2
1 6 5 7 3 8 1 2 4
1 5 0 2 0 1 4 3 0
5 0 1 3 0 4 0 2 0
1 6 1 4 0 3 5 2 0
3 4 0 1 0 2 3 0 0
2 0 3 1 0 2 0 4 0
1 0 2 0 1 0 4 3 5
7 2 1 0 0 3 0 0 0
8 0 3 1 0 2 4 0 0
1 6 3 7 5 8 2 1 4
2 1 0 0 0 3 0 2 0
351 0 0 1 0 2 0 0 0
5 0 1 0 2 0 3 4 0
1 0 5 1 0 2 3 4 6
7 3 1 2 0 0 0 0 0
1 3 0 2 0 1 5 0 4
5 0 3 1 0 2 0 0 4
1 5 3 6 4 7 2 1 8
8 3 0 1 0 2 0 0 4
1 0 1 4 5 3 0 2 0
1 6 1 8 4 7 2 3 5
10 3 4 2 0 1 0 0 5
2 3 4 2 5 1 7 8 6
2 4 3 2 0 1 0 0 5
1 3 0 4 1 0 2 0 0
1 4 3 1 0 2 7 6 5
1 5 1 2 0 6 4 3 0
1 4 1 2 8 3 6 5 7
1 3 7 2 8 1 4 5 6
1 1 7 4 8 6 2 3 5
1 3 4 2 6 1 7 8 5
1 0 1 2 0 3 5 4 0
23 0 0 1 0 2 0 0 3
1 1 4 0 0 0 3 2 0
1 7 3 2 8 4 5 1 6
1 4 5 0 3 7 2 1 6
1 3 4 2 0 1 5 6 7
12 0 1 2 0 0 0 3 0
1 0 4 2 0 1 3 5 0
1 3 1 8 6 7 5 2 4
8 2 1 0 0 0 0 0 3
1 3 4 7 5 8 2 1 6
1 2 1 4 0 5 3 6 0
5 0 0 1 0 0 2 0 0
1 2 5 1 6 3 7 8 4
1 2 8 5 6 7 1 3 4
1 0 2 0 0 3 0 1 0
1 0 3 0 0 0 0 1 2
1 4 1 3 0 6 5 2 0
1 6 5 1 0 3 4 2 7
2 2 0 0 0 0 0 1 0
3 1 2 3 0 0 0 0 0
4 2 0 3 0 1 0 0 0
1 3 4 5 6 0 1 2 7
18 0 0 0 2 0 0 1 0
2 6 3 4 7 5 1 2 8
9 1 0 0 0 0 2 3 0
1 3 4 0 0 2 0 1 0
9 0 0 2 0 1 4 3 0
3 3 0 1 0 2 5 4 0
1 3 0 1 2 0 0 0 0
3 0 0 0 0 1 2 0 0
1 8 7 1 6 2 3 4 5
1 3 4 2 8 1 5 7 6
1 2 1 3 6 4 7 5 0
1 0 4 1 0 2 0 0 3
1 0 4 0 1 0 2 3 5
3 5 0 1 0 2 3 4 0
1 2 3 0 0 1 0 0 0
5 0 4 0 0 0 1 2 3
7 3 4 2 8 1 7 6 5
2 0 0 3 0 4 2 1 0
1 1 6 3 8 5 7 2 4
1 2 0 0 0 0 0 1 3
1 2 1 3 6 5 8 7 4
1 3 2 8 1 7 4 5 6
1 6 1 4 8 5 3 2 7
1 0 2 4 0 0 3 1 0
116 0 3 1 0 2 0 0 0
1 0 2 0 0 0 1 3 4
2 6 5 2 8 1 3 4 7
1 0 1 2 0 3 0 0 4
8 0 4 0 1 0 2 3 0
1 3 4 1 0 2 0 5 0
1 3 5 4 0 1 6 2 0
1 3 4 1 8 2 7 5 6
1 4 3 2 0 0 0 1 0
1 0 1 0 0 2 4 3 0
1 1 2 3 0 0 0 0 4
1 2 5 1 0 3 0 0 4
1 0 0 0 0 3 0 2 1
3 3 2 0 0 0 0 0 1
1 6 5 2 0 1 4 3 0
1 1 5 6 8 7 3 2 4
1 5 4 6 7 3 1 2 8
8 0 3 0 1 0 0 0 2
1 5 3 0 0 4 1 2 0
1 3 2 0 0 0 1 0 4
1 3 1 2 0 4 6 5 0
1 3 4 0 1 0 0 0 2
2 3 4 0 0 0 2 1 0
2 5 6 1 0 2 4 3 0
3 2 3 1 8 4 5 6 7
1 1 4 2 5 3 7 8 6
1 2 3 4 1 5 0 0 0
1 0 0 0 4 0 2 1 3
1 0 0 3 2 0 0 4 1
2 3 0 2 0 0 1 0 0
1 7 1 5 2 8 4 6 3
2 0 2 0 0 0 1 0 3
1 7 5 4 8 3 1 2 6
1 1 0 3 0 2 4 5 0
1 3 0 0 0 0 1 2 4
1 4 1 3 8 2 6 5 7
3 3 0 1 0 0 2 0 0
2 3 2 8 4 5 1 6 7
1 2 3 1 0 0 5 4 0
9 4 3 1 8 2 6 7 5
1 4 8 6 1 2 3 5 7
1 0 3 4 5 6 1 2 0
1 7 6 2 5 1 3 4 8
1 5 3 1 6 2 7 8 4
1 5 1 3 0 2 6 7 4
1 4 7 5 0 6 1 2 3
1 3 2 1 5 4 6 8 7
1 5 4 3 0 2 1 6 7
1 4 1 0 0 2 0 0 3
1 0 5 2 4 6 1 3 0
1 6 1 4 7 3 8 2 5
7 3 4 2 8 1 6 7 5
1 1 0 3 0 0 2 0 0
2 0 0 0 4 3 1 2 0
1 7 6 1 0 2 3 4 5
1 3 2 1 8 4 6 5 7
18 0 0 0 1 0 3 2 0
7 0 1 0 4 0 3 2 0
3 0 0 0 2 0 1 0 0
1 4 3 2 7 1 5 6 8
1 6 2 1 7 3 5 4 8
19 0 0 1 0 2 0 3 0
5 2 0 0 0 1 0 0 0
3 0 0 0 1 0 3 4 2
1 1 2 0 5 0 3 4 6
2 0 5 1 0 2 3 4 0
1 0 1 3 0 0 2 4 0
51 0 0 0 0 0 1 0 0
1 2 6 1 0 3 4 5 0
1 6 7 5 3 4 1 2 8
1 5 4 6 3 7 1 2 0
1 1 2 3 8 6 4 5 7
1 1 0 5 0 4 2 3 0
3 6 5 1 0 2 3 4 0
1 3 2 1 5 4 6 7 8
1 3 4 8 6 7 1 2 5
1 5 6 3 7 4 1 2 0
1 4 3 8 2 7 5 6 1
7 0 2 0 1 0 0 3 0
1 0 1 6 5 4 3 2 0
1 1 0 0 0 0 2 0 0
1 0 3 2 0 1 5 4 0
1 5 6 7 3 8 1 2 4
28 0 0 1 0 2 3 4 0
3 6 5 3 8 4 2 1 7
1 2 1 5 8 6 4 3 7
1 3 7 1 8 2 5 6 4
1 8 6 4 5 3 2 1 7
1 8 3 7 5 6 2 1 4
6 3 1 2 0 4 0 0 0
1 2 0 1 0 0 0 3 0
1 0 0 0 2 1 3 0 0
3 5 0 2 0 1 3 4 0
1 5 3 8 6 7 1 2 4
78 0 0 0 3 0 1 2 0
63 0 0 1 0 0 0 0 0
1 0 0 4 0 2 3 1 0
1 1 0 0 0 0 2 3 4
1 7 4 5 8 6 2 1 3
1 4 0 0 1 0 2 5 3
2 2 1 3 8 4 7 6 5
1 2 1 0 0 0 4 5 3
1 0 1 0 0 5 2 3 4
1 7 6 5 4 3 2 1 8
10 4 3 2 8 1 7 6 5
12 4 3 0 0 0 1 2 0
1 3 0 4 0 2 5 1 0
1 3 6 1 5 2 8 7 4
1 7 6 3 4 5 2 1 0
1 2 1 0 0 0 0 3 4
1 4 6 1 0 2 3 5 0
1 3 4 1 6 2 8 5 7
1 3 2 4 7 6 5 8 1
1 3 6 2 7 4 8 1 5
1 8 3 5 1 4 6 7 2
6 2 3 1 0 0 0 0 0
1 6 1 4 8 3 2 5 7
1 0 0 0 0 1 2 3 0
3 1 0 0 0 2 3 0 0
4 3 2 0 0 0 1 0 0
5 0 2 1 0 0 0 3 0
2 2 4 1 5 3 6 7 8
2 0 3 2 0 1 0 0 4
3 0 3 2 0 0 1 0 0
1 3 5 4 7 6 2 1 8
1 6 7 2 5 1 4 3 8
1 6 4 7 5 8 1 2 3
1 4 3 2 0 1 6 5 0
1 6 7 4 8 5 3 2 1
1 2 0 3 0 0 1 0 0
4 1 2 3 0 4 0 0 0
1 5 1 6 8 7 2 3 4
1 4 0 2 0 1 3 0 0
1 8 5 3 1 4 6 7 2
2 0 2 0 3 0 4 1 0
1 2 6 3 8 1 4 5 7
1 6 5 8 1 7 2 3 4
1 0 3 0 0 1 2 0 0
5 0 3 0 1 0 0 2 0
1 4 5 1 0 2 6 3 7
1 6 1 3 8 2 5 4 7
1 2 1 3 6 7 8 4 5
1 7 3 1 6 2 5 4 8
1 5 1 6 7 0 3 2 4
4 0 0 0 0 2 1 3 0
1 4 2 7 1 8 5 3 6
1 1 2 3 0 4 0 5 0
1 2 3 0 1 0 0 0 4
2 0 5 0 1 0 4 3 2
1 0 3 1 0 4 0 0 2
10 0 2 3 0 1 0 0 0
5 4 0 1 0 2 0 3 0
7 0 0 0 0 0 2 1 3
2 6 5 3 8 4 1 2 7
2 2 3 1 8 4 7 6 5
1 4 3 1 0 2 6 7 5
1 3 4 1 7 2 8 6 5
1 0 0 0 3 2 1 0 0
1 0 0 1 0 2 4 0 3
16 0 1 0 0 0 0 0 2
1 4 3 0 0 0 0 2 1
1 4 0 1 0 3 2 5 0
1 1 4 3 8 2 5 6 7
1 7 8 3 6 4 2 1 5
1 0 1 0 0 4 2 3 0
1 7 1 4 8 2 3 5 6
1 5 2 3 1 4 7 8 6
1 0 1 0 2 0 3 4 5
3 0 0 0 1 0 2 0 3
1 3 6 5 0 4 1 2 0
1 6 3 7 4 8 2 1 5
1 1 4 2 3 5 6 8 7
1 1 4 0 2 0 0 0 3
1 6 1 2 7 3 4 5 0
3 0 3 0 0 4 2 1 0
3 0 0 0 1 0 3 0 2
1 6 5 1 7 2 3 4 8
1 3 5 1 8 2 7 4 6
1 8 5 7 4 6 2 1 3
5 5 6 1 8 2 4 3 7
1 5 3 6 4 7 1 2 0
2 0 2 1 0 3 4 0 0
1 5 4 2 0 7 6 1 3
1 6 1 3 8 2 4 5 7
1 2 1 3 0 4 0 0 5
1 3 4 1 7 2 6 5 0
4 0 4 0 2 0 3 1 0
5 0 1 0 0 0 2 3 4
1 0 1 0 5 0 2 4 3
1 7 1 6 8 3 5 2 4
2 0 0 1 0 0 3 2 0
57 0 1 0 0 0 2 3 0
1 2 1 4 0 5 0 3 0
1 2 0 1 0 4 3 0 0
1 4 3 5 6 7 1 2 8
1 3 1 2 8 4 5 6 7
1 1 3 4 0 2 0 0 0
1 2 0 4 0 1 5 6 3
1 1 5 7 8 6 2 3 4
1 7 2 1 3 4 5 6 8
1 6 5 4 8 3 1 2 7
1 8 7 1 6 3 2 4 5
1 7 6 8 2 5 3 1 4
1 2 3 0 0 0 4 1 0
1 1 0 0 0 3 0 0 2
2 4 3 2 7 1 8 6 5
2 2 4 1 0 3 5 6 0
1 1 2 3 4 5 6 7 8
1 2 5 1 8 3 4 7 6
4 2 1 4 0 3 0 0 0
1 4 5 1 6 2 7 8 3
9 2 0 1 0 0 0 0 0
2 5 6 1 7 2 3 4 8
1 8 2 4 5 3 6 1 7
1 6 7 2 8 1 3 4 5
1 3 4 8 2 7 5 6 1
1 0 2 0 1 3 0 0 0
2 0 0 2 0 3 0 1 0
2 2 1 0 3 0 0 0 0
12 0 2 0 0 0 1 0 0
1 1 2 4 8 6 5 3 7
2 5 3 1 0 2 0 0 4
2 4 5 1 8 2 6 7 3
1 3 4 2 5 1 8 6 7
16 3 4 1 8 2 6 7 5
1 1 0 3 2 0 0 0 0
2 5 3 2 0 1 0 0 4
2 1 0 0 0 0 0 0 2
1 0 1 3 0 2 4 5 0
1 6 5 0 1 0 3 4 2
1 4 1 0 0 0 3 2 5
1 1 8 2 7 3 6 4 5
1 0 2 0 1 0 5 4 3
1 2 1 6 0 0 5 4 3
1 0 1 0 0 0 4 3 2
1 7 6 1 8 4 2 3 5
1 3 4 2 0 1 5 6 0
2 0 2 0 0 3 1 4 0
3 0 1 2 0 0 3 0 0
4 2 4 1 0 3 0 0 0
3 4 3 1 0 2 0 5 0
1 4 5 0 1 0 2 3 6
2 4 3 2 8 1 7 5 6
1 7 6 4 5 8 2 1 3
2 3 2 1 8 4 7 5 6
1 5 0 3 0 2 1 4 0
1 0 2 0 4 0 1 3 0
1 8 1 7 6 5 2 3 4
2 0 3 0 4 0 2 1 5
2 4 0 0 3 0 2 1 5
9 0 0 2 0 1 3 4 0
1 5 6 1 0 2 3 4 0
2 6 7 1 8 2 4 3 5
1 0 0 4 0 5 1 2 3
1 5 4 0 0 0 1 2 3
1 5 2 3 0 4 6 1 7
31 0 2 0 0 0 0 1 0
2 0 3 0 1 0 4 2 0
1 0 2 0 0 0 3 1 4
1 5 8 6 3 7 2 1 4
1 5 6 8 1 7 4 3 2
1 0 0 4 1 5 2 3 0
1 4 1 2 3 0 0 0 0
1 6 5 1 7 2 4 3 8
5 0 1 0 3 0 0 2 0
1 4 3 5 6 2 7 1 0
1 5 6 2 0 1 3 4 7
1 6 1 4 0 5 3 2 7
1 5 4 0 3 0 2 1 0
1 1 4 0 0 0 2 3 0
1 1 3 0 2 0 0 0 0
1 1 2 0 0 3 0 0 0
7 3 2 1 0 0 0 0 0
1 5 4 7 6 8 3 2 1
1 1 4 0 0 2 0 3 0
3 3 4 1 0 2 5 6 0
1 3 7 8 4 6 1 2 5
1 3 7 5 8 6 2 1 4
1 0 0 0 0 2 0 3 1
4 0 0 0 0 1 0 2 0
1 3 5 0 0 0 1 2 4
1 6 4 1 7 2 8 3 5
1 4 2 1 0 0 5 0 3
1 5 3 2 6 1 7 8 4
3 5 0 1 0 2 4 3 0
1 0 2 0 0 1 0 3 0
1 5 1 6 8 4 3 2 7
1 5 3 8 6 7 2 1 4
2 0 3 0 2 0 0 1 4
1 0 0 0 3 0 0 1 2
1 1 5 7 8 6 4 3 2
2 0 1 2 0 0 3 4 0
1 1 0 0 0 0 0 3 2
1 3 4 7 2 8 6 1 5
1 4 0 1 0 2 3 5 0
1 7 6 2 1 3 4 5 8
12 0 0 3 0 0 2 1 0
1 2 1 8 7 6 3 5 4
7 0 0 0 0 2 0 1 0
1 2 6 1 0 4 3 5 7
1 7 6 3 5 4 2 1 8
1 0 1 0 3 0 2 4 0
1 4 8 3 7 2 6 5 1
1 0 0 1 3 0 0 2 0
1 3 1 2 8 4 7 6 5
1 3 6 5 8 4 1 2 7
3 6 4 8 1 7 2 3 5
1 8 1 2 7 3 4 5 6
1 2 5 4 8 1 6 7 3
3 0 0 1 2 3 0 0 0
1 5 4 6 3 0 2 1 7
1 4 5 7 3 8 1 2 6
1 0 5 0 4 1 2 3 0
1 0 2 0 1 0 3 4 5
1 7 6 4 5 3 2 1 8
1 4 3 1 0 2 5 6 7
1 1 2 8 6 7 4 5 3
1 8 3 1 6 2 4 5 7
2 0 1 0 0 0 3 2 4
1 0 1 2 3 0 0 4 0
1 4 3 5 7 6 1 2 8
4 4 0 1 0 2 0 0 3
1 3 7 1 6 4 2 5 8
12 4 3 1 8 2 5 6 7
12 2 1 3 0 0 0 0 0
2 0 3 0 5 0 1 2 4
1 1 3 2 0 0 0 0 0
1 4 1 3 8 2 7 6 5
1 4 0 2 0 1 3 5 0
1 4 2 8 6 7 5 1 3
1 0 0 0 3 0 4 1 2
1 2 6 1 8 4 3 5 7
1 7 3 1 8 6 4 2 5
4 0 3 0 0 1 0 2 0
27 2 1 0 0 0 0 0 0
1 5 1 3 7 6 2 4 8
2 2 0 0 0 0 1 0 0
2 4 0 0 0 0 1 2 3
1 7 6 4 5 2 3 1 0
1 5 3 1 0 2 6 7 4
1 5 7 2 8 1 4 3 6
1 1 4 3 0 2 0 0 5
2 0 5 0 1 0 2 3 4
3 2 0 0 0 0 1 3 0
2 0 4 0 1 0 3 2 5
7 0 4 0 3 0 2 1 5
1 8 1 6 5 7 3 4 2
1 5 3 6 8 7 1 2 4
1 3 1 0 0 0 4 5 2
3 2 1 3 8 4 6 5 7
6 3 5 1 8 2 6 7 4
1 0 0 3 1 0 2 0 0
2 5 1 0 0 0 3 2 4
1 1 6 2 0 3 5 4 0
1 6 3 8 4 7 2 1 5
1 2 3 1 0 4 0 0 0
2 0 0 2 0 0 1 3 0
1 1 4 2 8 7 6 5 3
1 3 0 1 0 5 2 4 0
1 4 1 2 8 3 5 7 6
1 5 2 3 0 1 0 0 4
1 8 1 7 6 3 2 4 5
95 3 0 2 0 1 0 0 0
24 0 2 0 0 0 3 1 0
1 3 1 4 0 0 0 2 0
1 5 2 3 0 1 0 4 0
1 3 1 0 2 0 0 0 0
2 0 1 4 0 5 3 2 0
1 0 1 3 0 0 2 0 0
1 2 3 7 1 8 6 5 4
5 0 2 0 0 0 0 0 1
1 0 4 3 0 2 0 1 0
2 0 0 0 1 0 3 2 4
1 6 7 3 2 5 1 4 8
1 4 0 0 1 0 2 3 0
3 5 4 2 0 1 0 0 3
2 0 2 0 0 1 3 0 0
1 0 0 0 1 0 0 3 2
1 1 3 2 8 7 5 4 6
1 4 2 1 5 3 7 8 6
2 0 0 0 0 2 1 0 0
3 0 0 0 0 4 1 2 3
2 2 1 4 0 5 6 3 7
100 0 3 0 0 0 1 2 0
5 3 1 0 0 2 0 0 0
4 1 0 2 0 0 0 0 0
1 5 1 8 6 7 2 3 4
1 1 0 0 0 4 2 3 0
1 1 4 2 0 3 5 6 0
1 5 3 1 0 2 0 4 0
1 3 1 2 0 0 4 0 0
1 5 7 1 8 2 3 4 6
24 3 0 0 0 0 2 1 0
4 3 6 1 8 2 4 5 7
1 0 2 0 0 0 3 0 1
1 0 0 4 1 2 5 3 0
2 0 2 3 4 0 1 0 0
1 4 0 2 1 0 3 0 0
3 0 1 0 0 2 0 3 0
1 1 0 4 0 2 0 0 3
1 5 6 1 8 2 7 3 4
4 0 1 2 0 3 0 4 0
2 0 1 0 0 3 2 0 0
1 4 2 1 0 5 3 0 0
1 8 3 1 7 2 4 5 6
1 4 6 5 8 7 2 1 3
1 5 1 6 8 3 2 4 7
1 3 0 0 4 0 2 1 0
5 0 0 1 0 0 0 2 0
1 0 0 0 0 2 0 0 1
2 5 6 7 1 8 2 3 4
1 6 5 8 3 7 2 1 4
1 0 2 1 0 3 0 0 4
8 0 0 4 0 3 1 2 0
1 7 6 1 5 2 4 3 8
1 3 6 1 8 2 5 4 7
74 0 0 0 3 0 2 1 0
4 0 1 0 2 0 0 3 4
6 0 0 0 1 0 0 2 3
2 2 0 0 0 1 3 0 0
3 3 5 1 8 2 7 6 4
1 8 3 1 4 2 5 6 7
1 0 0 2 1 0 0 3 0
1 5 4 7 3 8 1 2 6
1 2 0 0 1 0 3 4 0
