7 Strathallan
3 6 353 4785
Keith ALLAN, Con
Steven CARR, SNP
Neil Henry GAUNT, SLD
Andrew LEAR, Grn
Crawford REID, Con
Catherine SCOTT, SNP
50 2 0 1 0 3 0
48 0 0 2 1 0 0
35 0 2 3 0 0 1
2 0 2 3 1 0 0
1 0 2 0 0 3 1
3 1 4 3 5 2 6
1 0 3 1 4 2 0
5 0 1 2 3 0 0
6 6 3 2 1 5 4
2 1 5 2 4 3 6
1 5 3 2 1 6 4
3 4 1 0 0 3 2
4 0 2 1 4 0 3
4 1 3 0 0 2 0
1 3 2 0 0 1 4
1 0 0 2 3 1 0
289 0 1 0 3 0 2
2 3 0 0 1 0 2
1 6 1 3 5 4 2
2 5 2 6 3 4 1
10 0 4 3 1 0 2
11 0 3 2 1 0 4
1 0 0 0 1 0 2
2 2 6 4 3 1 5
1 6 2 5 3 4 1
1 1 2 6 4 5 3
1 3 0 0 0 1 2
5 0 2 1 3 0 0
30 6 1 4 3 5 2
2 0 1 0 0 2 3
1 1 2 3 6 4 5
4 3 0 1 2 4 0
1 0 0 2 0 1 3
32 0 3 0 1 0 2
4 0 0 1 3 2 0
4 1 0 2 4 3 0
2 0 0 2 3 0 1
1 5 2 1 3 6 4
5 1 2 3 4 5 6
1 1 4 3 0 2 5
1 2 1 6 5 4 3
2 1 3 6 5 2 4
13 0 1 4 2 0 3
9 1 0 2 3 0 0
1 2 5 6 1 3 4
2 5 1 2 3 6 4
3 6 5 1 2 4 3
1 2 1 5 6 4 3
2 3 2 1 4 5 6
5 5 2 3 4 6 1
7 2 5 4 3 1 6
428 1 0 3 0 2 0
107 0 0 1 2 0 0
3 0 1 2 4 0 3
1 1 4 5 6 3 2
1 4 5 1 6 3 2
1 4 2 1 3 6 5
2 4 0 2 1 3 0
1 4 0 3 1 2 0
12 2 0 3 4 1 0
15 0 4 1 2 0 3
1 4 2 5 3 6 1
1 1 3 0 0 2 4
1 3 6 1 5 2 4
1 1 0 0 0 3 2
1 1 3 2 0 0 4
1 6 4 3 1 5 2
1 0 0 1 0 3 2
1 5 1 2 4 6 3
49 1 0 0 0 0 0
2 6 1 2 4 5 3
2 0 2 1 0 0 0
23 0 2 0 1 0 3
7 3 1 0 0 0 2
1 6 4 2 3 1 5
8 6 3 4 1 5 2
7 4 1 5 6 3 2
1 3 6 5 1 2 4
10 0 1 0 2 0 0
3 0 4 2 3 0 1
16 6 2 3 4 5 1
2 6 4 2 1 5 3
8 0 3 2 1 0 0
2 0 3 2 0 1 0
10 1 5 4 3 2 6
30 0 1 3 4 0 2
8 2 6 3 4 1 5
2 0 0 3 1 2 0
2 0 2 3 1 0 4
1 3 2 4 6 5 1
1 1 3 2 6 4 5
3 0 4 3 2 0 1
2 4 1 3 5 6 2
269 0 1 0 0 0 2
6 5 1 4 2 6 3
3 0 3 1 0 0 2
1 0 0 1 0 2 3
2 4 3 5 1 6 2
1 0 2 0 3 4 1
42 1 5 3 4 2 6
20 0 3 0 2 0 1
1 1 3 0 2 0 4
1 4 3 6 1 5 2
1 3 1 0 0 2 4
1 2 4 5 3 1 6
1 0 0 0 1 2 0
600 1 0 0 0 2 0
1 2 3 4 0 0 1
1 3 6 1 4 2 5
1 1 6 2 5 3 4
10 0 3 1 2 0 0
2 2 4 5 6 1 3
2 3 4 2 1 5 6
6 3 5 1 2 4 6
1 2 4 6 1 3 5
4 5 4 2 1 6 3
1 1 6 3 5 2 4
24 0 1 0 0 0 0
35 3 0 1 0 2 0
8 0 0 2 1 3 0
19 0 0 0 0 1 0
3 2 1 0 0 0 3
1 5 1 3 6 4 2
1 3 5 2 1 4 6
79 0 1 4 3 0 2
1 1 2 5 4 6 3
2 2 3 4 0 1 0
1 0 1 0 3 2 0
53 5 1 4 3 6 2
1 5 1 6 4 3 2
2 3 1 4 6 5 2
4 1 2 0 0 0 3
1 0 3 0 0 2 1
1 6 1 2 5 4 3
1 1 4 6 5 3 2
1 1 4 5 6 2 3
2 2 4 3 5 1 6
2 2 0 0 1 3 0
23 2 5 3 4 1 6
1 2 3 0 0 0 1
2 2 0 1 0 0 3
1 3 2 6 4 5 1
11 0 2 1 0 0 3
1 0 2 3 4 5 1
3 1 2 0 0 0 0
1 3 0 2 4 1 0
10 0 0 2 1 0 3
1 3 4 2 1 0 0
2 0 2 0 1 0 0
1 1 3 5 2 4 6
2 1 0 3 0 2 4
1 0 3 0 2 1 0
1 0 4 1 3 0 2
1 3 4 2 5 1 6
1 3 1 6 2 4 5
1 1 3 4 5 6 2
2 0 0 3 2 0 1
5 1 0 4 3 2 0
4 2 6 1 4 3 5
34 0 1 0 2 0 3
7 0 0 1 3 0 2
1 3 2 5 6 4 1
19 1 6 3 4 2 5
10 2 5 1 4 3 6
1 4 2 0 3 5 1
4 1 0 0 2 0 0
1 3 0 1 4 2 0
3 3 5 1 4 2 6
1 0 2 1 0 3 0
1 0 2 0 3 1 0
22 0 3 4 1 0 2
1 2 0 4 0 1 3
3 6 4 1 2 5 3
2 6 2 3 1 5 4
1 5 1 4 6 3 2
1 1 2 5 6 3 4
33 0 0 0 1 0 0
2 3 2 4 5 6 1
1 3 0 2 1 4 0
2 0 0 2 0 3 1
1 3 2 0 4 0 1
1 5 1 6 2 4 3
3 0 1 2 0 0 0
1 2 3 0 0 1 4
3 1 6 2 4 3 5
7 4 5 1 2 3 6
2 0 1 0 0 2 0
1 2 0 0 1 0 0
1 1 0 2 0 0 3
1 5 2 1 4 6 3
1 4 1 3 6 5 2
7 0 1 3 2 0 0
1 0 0 3 2 1 0
27 1 0 0 3 2 0
2 3 1 0 0 4 2
3 3 2 0 0 1 0
1 4 3 0 2 0 1
1 1 2 4 5 3 6
178 0 2 0 3 0 1
1 4 0 0 3 1 2
1 3 1 2 4 5 6
7 0 0 2 0 1 0
1 3 2 4 6 1 5
3 3 0 0 2 1 0
2 4 1 5 3 6 2
2 0 0 2 0 0 1
1 5 3 4 1 0 2
58 1 0 2 0 3 0
1 1 4 2 5 3 6
4 1 3 5 6 2 4
1 4 6 2 5 3 1
3 3 0 2 1 0 0
6 6 3 4 2 5 1
3 4 0 1 2 3 0
1 2 1 0 0 3 0
7 0 0 1 0 2 0
2 3 1 5 6 4 2
1 0 2 1 3 0 4
1 6 2 5 4 3 1
1 3 0 4 2 1 0
4 2 0 1 3 0 0
1 3 1 4 0 0 2
2 0 0 1 0 0 2
67 0 2 4 3 0 1
8 1 2 3 0 0 0
246 2 0 3 0 1 0
1 3 0 0 1 2 0
13 3 0 1 2 0 0
1 2 5 4 6 1 3
5 2 3 0 0 1 0
7 1 4 3 6 2 5
1 1 0 4 2 3 0
5 0 3 1 4 0 2
1 5 3 6 2 4 1
2 3 2 6 5 4 1
3 4 1 5 6 2 3
2 6 1 5 4 3 2
1 3 0 2 0 0 1
5 5 3 1 2 6 4
5 6 2 4 1 5 3
1 0 1 0 3 4 2
6 0 3 4 2 0 1
1 3 0 1 0 0 2
1 5 0 2 1 4 3
1 1 0 3 0 0 2
2 0 0 0 2 0 1
1 1 3 4 6 2 5
394 2 0 0 0 1 0
1 1 2 0 0 4 3
1 2 1 6 3 4 5
14 0 0 0 0 0 1
1 2 1 3 6 5 4
1 3 4 1 2 5 6
1 1 0 0 0 0 2
1 1 3 4 2 0 5
1 2 0 3 4 1 5
118 0 0 1 0 0 0
8 5 4 1 2 6 3
2 2 0 1 3 4 0
1 0 2 1 0 4 3
1 4 0 1 3 2 0
7 3 2 0 0 0 1
4 1 0 0 0 2 3
4 0 3 2 0 0 1
1 1 2 4 6 5 3
43 6 2 4 3 5 1
1 2 1 3 4 5 6
2 3 6 2 1 4 5
1 6 4 1 3 2 5
2 5 1 6 3 4 2
1 2 0 3 1 0 0
1 5 2 1 3 4 6
11 0 4 2 1 0 3
2 0 3 2 4 0 1
44 1 0 3 4 2 0
4 6 1 5 3 4 2
1 3 2 0 1 0 0
4 1 0 0 2 3 0
21 0 2 4 1 0 3
15 2 0 1 0 0 0
15 5 1 3 4 6 2
1 5 0 2 3 4 1
1 6 2 4 5 3 1
3 3 5 2 4 1 6
119 0 2 0 0 0 1
1 1 4 2 5 6 3
2 2 1 4 5 6 3
4 1 0 3 2 0 0
5 2 0 4 3 1 0
1 6 1 4 2 5 3
1 5 4 6 1 3 2
15 0 1 2 0 0 3
1 5 4 1 3 6 2
2 1 6 4 3 2 5
3 1 4 6 3 2 5
1 0 1 4 3 5 2
37 5 2 4 3 6 1
5 2 4 3 6 1 5
7 5 2 4 1 6 3
1 5 2 4 6 3 1
3 1 2 0 0 3 0
1 5 2 0 1 4 3
1 3 2 1 0 0 0
2 4 3 6 1 2 5
1 3 5 4 1 2 6
1 3 2 5 0 4 1
1 2 0 1 4 3 0
2 1 5 3 6 2 4
1 6 3 1 4 5 2
14 0 0 1 2 3 0
4 2 5 3 6 1 4
1 6 3 1 2 5 4
11 6 1 3 4 5 2
1 1 3 2 0 0 0
2 2 1 3 0 0 0
1 1 6 5 2 4 3
1 2 1 5 3 6 4
1 6 4 1 2 3 5
10 5 3 4 1 6 2
4 0 3 1 2 0 4
4 3 6 1 2 4 5
2 2 1 0 0 0 0
1 6 1 5 4 2 3
1 2 5 4 1 3 6
2 2 0 0 0 0 1
12 2 0 0 3 1 0
3 0 0 3 1 0 2
5 0 1 3 2 0 4
1 2 4 6 5 1 3
1 1 4 6 5 2 3
17 0 0 1 2 0 3
1 6 5 1 2 3 4
1 6 2 5 1 3 4
1 2 4 1 3 0 5
1 1 0 2 3 4 0
1 5 3 4 2 6 1
58 0 1 3 0 0 2
18 3 0 2 0 1 0
1 5 2 6 1 4 3
2 0 0 0 0 2 1
1 0 2 0 0 1 3
14 1 0 2 0 0 0
3 1 2 0 3 0 0
3 1 0 0 3 0 2
15 0 2 3 4 0 1
1 6 1 4 5 2 3
2 3 6 1 2 5 4
5 0 1 0 0 3 2
1 0 2 5 3 4 1
2 2 3 5 6 1 4
1 3 0 0 2 0 1
4 0 1 2 3 0 4
6 2 0 0 0 1 3
