8 Kinross-Shire
4 8 1368 6432
Graham COX, Lab
Dave CUTHBERT, Ind
Pat DORAN, Grn
Neil FRESHWATER, Con
Gerald O'CONNELL, SFP
Willie ROBERTSON, SLD
George STIRLING, Con
Richard WATTERS, SNP
2 3 1 0 0 0 0 2 0
1 6 5 7 1 4 3 2 8
1 5 1 6 4 8 2 3 7
1 2 4 5 6 1 3 7 8
4 4 3 0 0 0 1 0 2
1 0 3 2 0 4 1 0 0
1 2 1 0 3 0 0 4 0
1 0 1 0 0 3 0 2 0
1 5 1 2 6 4 3 7 8
31 0 1 0 2 0 0 3 0
1 3 4 7 5 6 2 1 8
2 4 2 1 0 0 3 0 0
1 4 0 0 5 0 3 2 1
1 2 0 5 0 0 1 3 4
3 0 4 2 0 3 0 0 1
25 0 2 3 0 0 1 0 0
1 3 0 6 4 0 1 5 2
1 3 4 0 5 2 1 0 0
7 0 2 0 0 3 1 0 0
1 0 2 3 1 0 0 0 0
3 3 2 4 0 0 1 0 5
1 1 2 3 6 4 5 7 8
1 4 5 2 0 6 3 7 1
1 7 1 2 5 4 3 6 8
1 4 5 6 7 8 1 2 3
1 1 4 5 7 8 2 6 3
2 4 5 7 1 6 2 3 8
2 0 0 0 0 3 2 1 0
1 2 5 6 4 7 1 3 8
1 1 5 0 0 3 4 0 2
1 3 6 4 7 5 2 8 1
12 0 1 2 0 0 3 0 4
5 0 0 0 1 4 3 2 0
3 1 0 3 0 0 4 0 2
1 5 2 3 7 8 1 6 4
1 0 5 2 0 4 3 0 1
1 2 0 5 1 0 4 0 3
1 7 1 4 5 2 6 8 3
17 0 3 2 0 0 4 0 1
10 5 3 0 2 0 4 1 0
1 1 0 2 3 4 5 0 0
1 0 1 2 3 0 0 0 0
1 2 0 3 5 0 1 4 0
11 0 1 0 0 0 3 0 2
1 4 1 0 2 6 5 3 0
1 1 2 4 5 3 7 6 8
1 5 2 0 3 0 4 1 0
2 3 2 0 1 0 0 4 0
1 4 5 0 3 0 1 2 0
5 4 2 0 0 0 1 3 0
1 2 0 0 0 3 4 0 1
1 4 1 0 0 3 2 0 0
1 7 3 5 2 4 8 1 6
2 0 3 0 1 5 4 2 0
26 3 0 0 2 0 0 1 0
1 4 5 6 3 8 1 2 7
3 1 0 0 0 0 3 2 0
1 0 0 4 2 3 0 1 0
1 1 3 2 7 8 4 5 6
1 5 3 6 7 4 1 8 2
5 3 5 2 6 8 4 7 1
1 4 1 0 3 0 0 2 0
1 4 0 3 0 0 1 2 0
6 5 3 7 2 6 4 1 8
1 2 6 5 4 8 1 3 7
1 6 5 7 4 8 2 1 3
9 0 1 0 3 0 2 0 0
2 8 2 4 7 5 3 6 1
4 3 0 0 1 0 2 0 0
2 4 1 3 0 0 2 0 0
1 5 1 6 4 0 2 3 7
17 0 0 0 1 0 2 0 0
1 5 1 0 2 0 3 4 0
1 7 2 4 3 6 5 1 8
251 0 0 0 0 0 0 0 1
1 4 0 0 1 5 3 2 0
6 0 2 0 3 0 0 1 0
1 2 1 4 0 0 3 0 0
2 5 4 2 6 8 3 7 1
2 1 0 0 4 0 2 3 0
1 5 3 1 7 6 4 8 2
9 0 3 0 0 0 2 1 0
4 3 4 2 0 0 5 0 1
1 4 5 0 1 6 3 2 0
1 0 0 0 4 0 1 3 2
2 7 4 5 1 6 3 2 8
1 6 5 7 4 3 2 8 1
20 3 0 1 0 0 0 0 2
2 5 1 0 3 0 2 4 0
1 1 4 5 0 0 3 0 2
1 5 4 6 1 8 3 2 7
1 3 0 0 0 1 2 0 0
1 2 1 3 0 4 0 0 0
1 4 3 1 5 6 2 7 8
1 5 1 4 7 8 3 6 2
2 5 4 3 0 0 1 0 2
1 0 3 0 2 5 4 1 0
2 2 4 0 0 0 1 0 3
1 2 3 6 7 5 1 8 4
1 2 3 0 0 0 0 1 0
1 2 5 3 0 0 4 0 1
1 4 1 3 0 0 5 0 2
7 2 0 0 0 0 1 0 3
26 0 0 0 1 0 2 3 0
29 0 3 0 0 0 2 0 1
2 5 4 3 8 6 2 7 1
2 0 1 0 0 2 3 0 0
1 4 1 0 2 0 0 3 0
2 3 2 0 0 0 0 1 0
4 0 1 2 0 0 0 0 3
1 3 1 5 6 8 4 7 2
3 6 3 7 1 5 4 2 8
1 1 4 2 6 7 3 8 5
2 0 4 3 0 2 0 0 1
1 4 5 6 3 7 2 8 1
1 3 1 0 4 0 2 0 5
1 6 4 5 2 0 3 1 0
1 5 2 4 6 0 3 7 1
2 2 0 4 3 0 1 0 0
6 2 0 0 3 0 1 0 0
2 0 4 0 3 1 0 2 0
1 1 5 2 0 0 3 0 4
1 4 0 5 3 0 1 2 0
1 0 3 4 2 0 5 1 0
1 5 3 1 7 8 2 6 4
13 2 0 3 0 0 4 0 1
4 0 3 0 1 0 2 0 0
1 5 3 8 2 4 6 1 7
1 3 0 0 0 0 0 1 2
1 6 2 4 0 5 3 0 1
1 0 0 2 3 0 1 0 0
2 4 3 2 8 5 6 7 1
1 0 0 1 3 2 0 0 0
1 5 4 1 6 7 3 8 2
1 0 4 0 0 0 3 2 1
2 1 2 4 0 0 3 0 5
2 3 4 0 0 0 1 0 2
1 0 2 3 0 4 0 0 1
3 0 0 0 3 0 0 2 1
1 2 3 0 0 4 0 0 1
1 3 1 4 6 7 2 5 8
1 6 7 2 5 8 3 4 1
1 4 0 5 1 0 3 2 0
1 1 4 5 2 6 3 0 0
2 4 3 0 0 0 2 1 0
1 6 2 4 7 3 5 8 1
3 0 4 0 0 0 1 3 2
3 2 5 4 0 0 3 0 1
1 0 0 0 0 3 1 0 2
1 3 5 6 1 7 4 2 8
3 3 1 0 4 0 2 5 0
3 0 1 0 3 0 4 2 0
14 0 1 3 0 0 0 0 2
8 3 4 2 0 0 0 0 1
1 7 3 6 2 5 4 8 1
1 1 5 7 6 2 0 3 4
1 2 0 4 0 0 3 5 1
3 0 0 0 2 0 0 1 3
3 1 0 3 0 2 0 0 0
1 0 3 5 1 0 4 2 0
1 3 1 0 2 4 0 0 0
3 0 2 0 0 1 0 0 0
2 0 0 1 2 0 0 0 0
1 4 2 5 0 6 1 0 3
1 6 1 7 4 5 2 3 0
1 3 2 4 5 6 1 7 8
2 5 2 3 8 4 6 7 1
1 1 0 2 0 3 0 0 4
1 5 7 6 2 4 3 1 8
2 6 3 2 7 5 4 8 1
5 3 1 0 0 0 0 0 2
1 0 0 2 4 0 0 3 1
1 2 0 4 0 3 1 0 0
6 4 3 2 0 0 5 0 1
2 0 4 5 1 0 3 2 0
1 0 4 2 1 0 0 3 0
1 0 4 1 0 0 2 0 3
2 3 4 2 0 5 6 0 1
1 2 1 8 7 6 5 3 4
2 5 2 4 0 0 3 0 1
1 4 1 5 7 6 3 8 2
1 2 3 1 0 4 5 0 0
2 0 0 0 1 0 0 0 2
2 4 5 2 0 0 1 0 3
1 5 3 1 6 8 2 7 4
1 6 4 2 8 7 3 5 1
1 2 1 0 3 0 4 0 0
1 5 2 6 7 8 3 4 1
1 3 4 1 7 0 5 6 2
1 3 1 0 2 0 5 4 0
26 0 4 2 0 0 3 0 1
4 1 4 3 0 0 2 0 0
3 5 3 6 2 8 4 1 7
1 2 3 4 5 7 6 8 1
3 0 2 0 0 3 0 0 1
2 5 3 2 8 4 6 7 1
1 3 4 5 6 7 2 8 1
1 4 2 3 5 6 7 8 1
1 6 2 7 1 5 4 3 8
1 5 3 6 4 8 2 1 7
1 0 1 0 3 2 0 4 0
1 3 1 5 7 6 4 8 2
1 6 3 0 1 5 4 2 0
2 0 4 0 2 1 0 3 0
1 7 6 1 5 8 2 4 3
2 2 4 0 0 0 1 3 0
1 4 2 3 8 7 1 6 5
1 0 0 3 2 5 4 1 0
2 1 0 0 0 3 2 0 0
1 2 0 3 0 0 1 4 0
3 1 3 2 0 0 4 0 0
28 0 0 0 2 0 1 3 0
3 3 2 4 6 8 5 7 1
4 0 3 0 2 0 1 4 0
2 4 5 6 1 8 2 3 7
1 2 3 1 5 6 4 7 8
3 0 1 0 0 0 0 2 0
3 2 1 3 0 0 4 0 0
88 0 3 2 0 0 0 0 1
1 4 3 7 5 8 2 6 1
2 0 0 3 0 2 0 0 1
1 0 0 3 0 4 1 2 0
1 0 1 0 0 2 0 0 3
1 6 1 7 3 8 4 2 5
1 4 1 2 8 5 6 7 3
63 1 0 0 0 0 0 0 0
134 0 0 0 2 0 3 1 0
2 4 5 3 7 8 2 6 1
5 1 4 2 0 0 3 0 0
2 0 2 1 0 0 0 0 0
3 1 0 0 3 0 4 2 0
1 7 3 6 1 4 5 2 8
3 0 0 0 2 1 0 3 0
31 3 1 0 0 0 2 0 0
2 0 2 0 1 0 3 0 0
1 2 3 5 8 6 4 7 1
1 4 7 3 6 5 2 8 1
2 0 0 0 3 0 1 2 4
1 7 8 2 3 1 4 6 5
1 7 1 5 4 0 3 2 6
3 3 4 2 7 8 5 6 1
1 5 1 4 7 6 3 8 2
3 0 0 3 0 0 1 2 0
1 6 7 5 3 4 2 1 8
1 4 5 0 0 3 1 0 2
1 3 5 2 7 8 4 6 1
16 0 3 1 0 0 0 0 2
1 0 2 1 0 0 5 4 3
1 2 3 1 0 0 0 0 4
8 4 0 1 0 0 3 0 2
1 4 2 0 1 0 3 0 0
2 1 4 2 0 0 5 0 3
1 1 5 7 3 6 2 4 8
1 7 1 2 6 8 3 5 4
1 1 5 6 4 8 2 3 7
1 5 7 1 3 6 2 4 8
1 5 2 7 4 6 1 3 8
6 0 1 0 2 0 0 0 0
4 5 4 2 0 0 3 0 1
1 3 1 6 5 7 2 4 8
3 0 3 0 0 2 0 0 1
1 5 2 0 4 1 0 3 0
3 5 4 0 2 6 3 1 0
1 8 7 3 4 6 2 5 1
4 3 4 0 2 0 1 0 0
3 3 4 0 5 0 1 2 0
3 0 2 0 1 0 3 4 0
23 2 0 0 0 0 3 0 1
1 0 3 6 2 4 5 1 0
2 6 5 7 2 4 3 1 8
1 0 0 0 3 0 2 0 1
1 6 5 3 7 4 2 8 1
1 4 5 8 6 7 3 2 1
3 4 2 0 3 0 1 0 0
1 4 2 6 7 5 1 8 3
1 3 8 2 6 7 4 5 1
1 1 2 5 6 8 4 7 3
1 2 0 0 4 3 1 0 0
1 7 1 8 3 6 4 2 5
2 6 5 8 2 4 3 1 7
6 0 0 3 1 0 0 2 0
2 3 1 6 4 8 2 5 7
3 4 2 3 0 0 5 0 1
1 2 4 5 6 8 3 7 1
1 0 0 3 2 0 1 4 0
2 1 0 4 0 0 3 0 2
1 0 0 4 3 0 2 1 0
13 4 0 2 0 0 3 0 1
1 4 3 0 5 0 1 2 0
3 4 0 0 3 0 1 2 0
1 5 4 2 3 7 1 6 8
3 5 1 0 3 0 4 2 0
1 2 5 8 3 6 7 4 1
1 4 2 6 5 7 1 8 3
1 3 4 5 0 0 1 0 2
1 1 5 6 3 7 4 2 8
1 0 0 0 3 2 0 1 0
8 1 0 0 0 0 2 0 3
2 0 0 4 3 0 1 2 0
1 5 3 7 2 1 6 4 8
2 2 0 1 0 0 0 0 3
1 2 4 5 7 3 6 8 1
1 2 8 3 6 7 1 4 5
1 6 3 7 1 4 5 2 8
1 6 3 7 2 4 5 1 8
2 3 4 1 0 0 0 0 2
5 4 3 0 0 0 2 0 1
1 7 5 4 1 6 3 2 8
1 7 4 5 6 8 1 2 3
1 3 5 1 0 6 2 0 4
1 6 2 3 4 0 1 5 0
1 1 0 0 4 3 2 0 0
1 0 0 0 2 3 1 0 0
1 4 5 0 2 6 1 3 0
1 0 0 0 2 3 4 1 0
1 4 2 5 7 6 3 8 1
9 0 4 0 3 0 2 1 0
3 2 4 3 6 8 5 7 1
1 4 3 7 1 6 5 2 8
2 1 4 5 6 8 3 7 2
1 3 0 0 4 2 1 0 0
1 6 2 3 5 4 1 7 8
1 4 0 0 1 5 2 0 3
1 4 3 6 7 2 5 8 1
54 0 1 0 0 0 2 0 0
1 6 1 3 0 4 2 0 5
1 4 2 3 0 5 1 0 0
1 2 3 5 0 0 4 0 1
4 0 3 1 0 0 2 0 0
3 2 8 3 7 4 5 6 1
1 0 0 1 0 2 3 0 0
1 0 1 0 0 0 0 2 3
17 3 0 0 1 0 4 2 0
1 3 4 6 7 8 1 2 5
1 5 1 7 3 8 2 4 6
1 3 2 0 0 4 1 0 0
3 2 4 5 0 0 1 0 3
1 4 6 8 5 7 1 3 2
1 6 4 3 7 5 1 8 2
1 1 2 5 0 6 3 0 4
6 0 3 0 2 0 1 0 0
2 4 5 6 2 7 3 1 8
8 0 2 1 0 0 0 0 3
1 1 3 5 0 0 2 0 4
1 4 3 0 1 6 5 2 0
5 0 2 4 0 0 3 0 1
1 4 1 2 0 0 3 0 0
1 5 4 1 6 8 2 7 3
1 2 0 0 5 6 1 4 3
2 5 2 3 7 4 6 8 1
5 1 2 4 0 0 3 0 0
3 3 4 2 7 6 5 8 1
1 2 5 7 1 6 4 3 8
1 2 5 6 4 0 1 3 7
1 0 0 1 0 0 2 3 0
1 2 3 1 0 0 4 0 0
11 5 4 0 1 0 3 2 0
7 3 5 2 7 6 4 8 1
5 1 0 0 0 2 0 0 0
1 0 4 0 3 0 1 2 5
4 2 3 4 0 0 1 0 0
1 4 0 2 3 0 1 0 0
1 4 3 8 2 5 6 1 7
9 0 0 0 1 3 0 2 0
1 4 1 3 6 8 5 7 2
2 6 3 2 8 4 5 7 1
2 0 0 3 2 0 0 0 1
1 4 1 2 0 0 0 0 3
1 7 1 5 4 8 2 3 6
1 2 5 3 8 4 6 7 1
1 5 1 2 6 8 4 7 3
1 2 0 0 3 0 4 0 1
2 4 1 3 0 0 0 0 2
1 3 5 7 1 6 4 2 8
2 0 0 0 0 0 3 2 1
4 5 6 2 7 3 4 8 1
8 4 5 2 0 0 3 0 1
1 3 0 0 1 5 4 2 0
4 4 5 2 7 6 3 8 1
2 7 4 6 2 5 3 1 8
2 2 0 0 0 0 3 1 0
1 6 1 5 2 0 3 4 7
3 2 4 5 0 0 3 0 1
3 4 0 0 2 0 1 3 0
1 4 2 0 3 0 0 1 0
27 1 3 0 0 0 2 0 0
7 0 0 0 0 0 1 2 3
1 5 1 4 0 3 0 0 2
1 1 3 8 7 4 5 6 2
1 4 2 0 3 0 1 5 0
1 0 0 3 4 2 1 0 0
1 0 1 0 3 4 0 2 0
28 0 0 1 0 0 0 0 2
2 3 0 4 0 0 1 0 2
1 5 1 3 7 4 2 8 6
66 0 1 0 0 0 0 0 0
2 0 0 0 0 0 3 1 2
1 2 3 0 1 0 4 0 0
1 2 4 3 5 0 1 6 0
1 2 0 0 3 0 4 1 0
1 0 4 0 2 0 1 0 3
1 5 0 2 1 0 3 4 0
1 2 1 3 5 7 6 4 8
1 4 1 8 7 6 5 2 3
30 0 3 0 2 0 4 1 0
2 2 0 4 0 3 0 0 1
8 0 0 0 0 1 0 0 0
17 2 1 0 0 0 3 0 0
1 4 2 3 0 0 1 0 5
1 4 3 5 6 8 1 7 2
1 4 0 2 0 3 0 0 1
1 2 3 0 4 0 1 0 0
1 5 3 0 0 0 2 4 1
12 5 4 0 2 0 3 1 0
43 0 2 3 0 0 0 0 1
3 4 3 1 0 0 0 0 2
3 0 1 2 0 0 4 0 3
1 1 2 0 5 0 3 4 0
1 2 0 0 1 0 0 0 3
1 3 2 0 4 6 1 5 0
1 0 5 0 4 0 3 1 2
1 3 4 7 1 5 6 2 8
1 0 0 4 3 0 0 2 1
3 4 1 2 0 0 3 0 5
1 4 1 6 2 7 5 3 8
1 6 5 0 1 4 3 2 0
6 4 0 0 3 0 2 1 0
5 2 3 4 0 0 5 0 1
1 5 4 2 6 7 3 8 1
1 5 4 0 2 0 1 3 6
1 4 5 6 3 7 2 1 8
1 3 2 7 4 6 1 5 8
4 4 3 0 2 0 5 1 0
1 2 0 4 3 0 0 0 1
2 4 3 5 0 0 1 0 2
3 4 1 0 3 0 2 0 0
1 6 2 3 8 4 5 7 1
1 3 6 2 0 5 4 0 1
1 6 5 3 7 2 4 8 1
5 3 0 0 0 0 1 2 0
2 1 3 0 4 0 2 5 0
1 3 6 4 2 7 1 5 8
1 5 4 2 7 8 3 6 1
31 2 0 3 0 0 0 0 1
3 0 2 1 0 0 4 0 3
3 2 0 0 0 3 1 0 0
2 2 4 3 6 5 1 7 8
1 3 8 7 5 6 2 4 1
2 0 4 2 0 0 1 0 3
4 3 4 5 0 0 2 0 1
5 0 1 0 0 0 3 2 0
7 0 1 4 0 0 2 0 3
1 6 3 7 1 4 2 5 8
3 6 4 0 2 5 3 1 0
1 2 3 0 4 0 1 5 0
271 0 0 0 1 0 0 2 0
1 3 0 0 0 0 1 4 2
1 4 5 1 0 0 3 0 2
24 0 4 0 3 0 1 2 0
1 0 0 2 3 0 0 0 1
1 5 1 7 2 6 4 3 8
1 5 3 1 7 8 4 6 2
28 2 0 0 0 0 0 0 1
4 4 0 3 0 0 1 0 2
18 1 2 0 0 0 3 0 0
11 2 3 0 0 0 0 0 1
21 0 2 0 3 0 1 4 0
1 7 3 4 6 5 1 2 8
1 8 4 2 5 7 6 3 1
2 5 3 6 2 7 4 1 8
1 1 4 5 2 8 3 6 7
1 0 3 0 0 2 1 0 0
1 3 2 5 6 7 1 8 4
1 3 5 4 6 0 1 7 2
1 5 6 0 1 3 4 2 0
24 3 0 2 0 0 4 0 1
3 6 3 2 7 4 5 8 1
1 2 1 0 4 0 3 5 0
1 0 1 0 0 0 0 3 2
1 5 6 7 4 3 2 1 8
12 0 0 2 0 0 1 0 3
1 0 1 2 0 3 0 0 0
1 8 7 3 5 4 6 2 1
4 5 3 2 0 0 4 0 1
2 3 5 1 7 8 4 6 2
1 3 6 1 7 5 2 8 4
1 3 2 6 7 5 4 8 1
1 1 6 3 7 5 4 8 2
1 0 0 0 1 2 0 3 0
1 4 6 7 8 3 1 5 2
1 4 6 7 2 8 3 1 5
1 2 3 0 0 4 1 0 0
1 5 1 3 7 8 4 6 2
1 0 0 0 4 0 3 2 1
2 0 0 2 0 3 4 0 1
1 2 0 0 1 0 0 3 0
3 0 1 3 0 2 0 0 0
1 5 3 0 1 6 2 4 0
1 4 3 1 6 8 5 7 2
45 2 3 0 0 0 1 0 0
1 5 2 4 7 8 3 6 1
1 6 2 0 5 1 4 3 0
1 5 0 0 0 3 1 4 2
1 4 1 7 5 3 2 6 8
3 2 0 1 0 0 3 0 0
1 6 1 4 7 3 2 8 5
1 7 1 3 5 2 4 6 8
1 1 2 0 0 0 0 3 0
1 7 4 5 3 6 2 1 8
1 5 3 4 7 0 1 6 2
11 0 2 1 0 0 3 0 0
1 3 0 2 0 0 1 4 0
2 1 0 0 3 0 2 4 0
3 1 0 4 0 0 2 0 3
1 1 4 0 2 0 3 0 0
2 1 2 0 0 0 3 0 4
1 0 0 0 2 0 0 0 1
1 2 1 7 4 5 3 6 8
1 1 8 2 7 5 4 6 3
1 2 5 3 6 8 4 7 1
2 4 3 6 7 5 1 8 2
2 5 4 1 7 6 3 8 2
11 1 2 0 0 0 0 0 0
1 1 6 4 7 5 2 8 3
1 4 1 0 0 0 2 3 0
1 0 0 0 1 0 2 4 3
1 5 2 1 0 0 4 0 3
1 1 4 0 2 0 5 3 0
7 0 3 0 4 0 1 2 0
1 3 1 5 7 8 2 6 4
1 0 0 0 3 1 0 2 0
4 0 3 0 1 0 2 4 0
1 2 5 3 7 6 4 8 1
5 0 2 0 1 0 0 0 0
2 2 1 0 0 0 0 3 0
1 0 0 0 2 0 3 1 4
2 0 0 0 4 0 1 2 3
1 2 1 0 4 0 3 0 0
39 0 0 0 0 0 2 0 1
1 0 0 1 0 0 4 2 3
31 0 0 0 0 0 0 1 0
3 2 3 0 0 0 4 0 1
1 0 0 0 3 0 2 1 4
2 3 4 1 7 5 6 8 2
1 5 3 2 4 6 7 8 1
2 5 3 7 1 6 4 2 8
2 6 4 2 8 3 5 7 1
1 6 2 1 7 4 5 8 3
9 3 2 4 0 0 1 0 0
1 3 5 7 4 6 1 2 8
1 3 1 5 6 4 2 7 8
1 1 0 3 5 0 2 4 6
1 6 4 5 1 8 3 2 7
1 4 0 0 2 5 1 3 0
2 3 6 0 2 5 4 1 0
2 2 4 0 3 0 1 0 0
16 0 0 0 0 0 2 1 0
1 2 8 4 6 7 1 5 3
1 0 0 1 2 0 0 3 0
1 8 1 3 5 4 2 6 7
1 2 1 3 7 0 5 6 4
1 0 2 0 0 5 1 4 3
1 5 2 7 1 8 6 3 4
1 0 6 2 5 0 3 4 1
7 0 0 3 2 0 0 1 0
3 0 0 3 2 0 1 0 0
1 0 3 0 4 1 0 2 0
1 3 2 8 5 7 1 6 4
8 0 4 3 0 0 1 0 2
1 5 7 4 6 8 3 2 1
1 4 3 7 1 5 6 2 8
2 4 2 0 0 0 3 0 1
2 1 2 0 0 0 3 4 0
1 1 4 7 3 5 6 2 8
1 8 7 1 3 5 4 2 6
2 6 2 5 4 8 1 3 7
1 1 4 2 5 7 3 6 8
1 0 2 0 3 5 1 4 0
1 3 1 5 6 8 2 7 4
8 4 5 7 2 6 3 1 8
4 0 1 0 2 0 3 0 0
1 6 5 4 7 0 1 3 2
1 2 0 0 4 0 3 1 0
3 5 1 0 2 0 4 3 0
1 4 6 3 2 8 1 5 7
3 3 5 1 0 0 4 0 2
76 0 0 2 0 0 3 0 1
1 4 3 5 1 6 7 2 8
1 5 8 2 6 4 3 7 1
70 0 3 0 2 0 0 1 0
1 2 0 3 0 4 0 0 1
1 1 2 0 4 0 3 5 0
2 3 5 1 6 8 4 7 2
1 4 1 5 0 3 2 0 0
1 8 1 2 6 7 3 5 4
1 2 0 4 0 3 5 0 1
17 0 0 1 0 0 3 0 2
1 0 1 0 0 4 2 0 3
3 6 3 7 2 5 4 1 8
1 0 3 4 1 5 0 2 0
3 1 0 0 2 0 3 4 0
6 4 3 2 7 6 5 8 1
12 3 0 0 0 0 2 0 1
1 5 2 3 7 6 1 8 4
1 6 3 5 1 0 2 4 0
27 0 0 3 0 0 1 0 2
1 5 0 0 2 6 3 1 4
1 3 0 4 0 0 1 2 0
1 0 1 3 4 0 2 5 0
1 0 2 1 0 3 0 0 0
1 6 2 5 8 4 3 7 1
1 2 8 3 6 4 5 7 1
4 4 3 2 6 8 5 7 1
3 4 3 1 0 0 5 0 2
7 1 0 3 0 0 0 0 2
1 0 2 0 3 1 0 0 0
1 6 1 3 4 8 2 5 7
1 1 3 6 4 7 2 5 8
16 0 1 0 4 0 2 3 0
1 2 4 5 0 6 1 0 3
3 0 3 0 4 0 2 1 0
2 1 5 0 2 0 3 4 0
1 0 1 3 0 4 0 0 2
1 3 1 0 0 0 4 0 2
21 0 2 0 0 0 1 3 0
1 3 0 0 1 4 5 2 0
1 6 7 5 4 8 3 2 1
1 0 3 0 0 0 0 2 1
1 4 5 2 6 3 8 7 1
1 3 6 0 1 5 4 2 0
1 4 1 8 5 6 2 7 3
1 3 5 4 7 8 1 6 2
1 3 1 4 7 6 5 8 2
1 2 3 1 7 6 5 8 4
1 2 3 4 5 6 7 1 8
1 0 3 5 2 0 1 4 0
54 0 4 0 1 0 3 2 0
1 8 4 1 7 2 5 6 3
5 0 2 0 1 0 4 3 0
1 4 8 3 7 5 1 2 6
33 0 0 0 1 0 0 0 0
1 5 1 7 4 6 2 3 8
2 0 0 0 0 0 0 1 2
1 3 5 2 6 1 7 4 8
1 3 4 0 2 0 0 0 1
26 0 0 0 0 0 1 2 0
2 1 2 0 0 0 0 0 3
1 6 1 0 3 5 4 2 0
3 5 3 1 0 0 4 0 2
5 2 3 0 0 0 1 4 0
1 0 0 2 0 3 1 0 0
1 2 3 0 0 0 1 0 4
1 5 1 4 0 0 3 0 2
1 5 2 0 4 6 1 3 0
11 0 1 2 0 0 0 0 0
1 4 5 1 8 6 3 7 2
2 4 2 0 5 0 1 3 0
1 4 3 2 7 5 6 8 1
1 4 1 3 5 6 2 7 8
2 2 8 3 1 7 6 4 5
6 3 2 0 0 0 1 4 0
1 3 2 0 0 0 4 0 1
1 4 3 2 0 0 1 0 5
4 5 3 0 1 0 4 2 0
1 5 2 8 3 1 6 4 7
1 1 2 0 3 0 0 4 0
7 0 3 4 0 0 2 0 1
1 1 5 3 0 0 4 0 2
1 0 2 0 4 5 1 3 0
3 3 4 0 2 0 0 1 0
4 2 4 0 0 0 3 0 1
1 1 0 0 0 0 0 2 0
1 1 3 4 0 0 2 0 5
1 0 5 0 1 4 2 3 0
1 4 1 3 7 5 6 8 2
2 3 4 0 1 0 0 2 0
2 3 2 4 8 6 5 7 1
1 7 3 6 4 8 1 5 2
5 4 3 2 0 0 1 0 0
2 2 0 0 1 0 0 0 0
23 0 1 0 0 0 2 0 3
1 1 2 4 3 0 5 6 0
4 0 1 0 0 2 0 0 0
1 4 7 6 1 5 3 2 8
5 1 0 0 2 0 4 3 0
2 1 2 3 0 0 4 0 0
8 1 0 2 0 0 3 0 0
1 1 5 7 2 6 4 3 8
1 4 5 1 7 6 2 8 3
18 3 0 0 1 0 0 2 0
1 6 1 0 2 3 4 5 0
1 2 5 4 7 6 3 8 1
1 3 5 4 8 6 1 7 2
1 4 2 1 0 0 3 0 5
1 0 1 0 3 0 2 4 5
3 0 0 0 2 0 3 0 1
1 0 2 0 1 0 3 0 4
1 2 8 7 3 5 6 4 1
2 5 3 2 0 6 4 0 1
1 6 3 2 0 5 4 0 1
1 0 3 4 2 0 0 1 0
1 3 1 0 0 4 2 0 0
2 1 5 0 2 0 4 3 0
1 4 5 3 7 0 1 6 2
1 8 4 3 6 5 1 7 2
1 3 1 7 6 4 2 5 8
13 0 0 1 0 0 2 0 3
1 1 6 7 2 5 3 4 8
1 1 3 0 5 0 2 4 0
19 0 2 0 3 0 1 0 0
2 3 1 2 7 8 5 6 4
16 0 4 0 2 0 1 3 0
6 0 0 2 0 3 0 0 1
2 3 4 2 5 8 1 6 7
1 2 0 3 0 0 0 1 0
4 2 0 0 3 0 1 4 0
1 3 5 8 2 6 4 1 7
1 1 3 4 6 8 2 5 7
1 5 1 2 3 4 6 7 8
1 5 1 0 3 6 2 4 0
1 0 0 6 3 4 5 2 1
1 6 1 0 3 5 2 4 0
1 4 2 3 7 6 5 8 1
6 4 5 6 1 7 3 2 8
1 4 3 5 6 8 2 7 1
1 4 2 5 0 0 1 0 3
1 2 1 4 6 5 3 7 8
1 1 0 5 2 0 4 3 0
1 2 1 4 6 8 3 7 5
5 4 3 5 0 0 2 0 1
3 4 1 0 0 0 3 0 2
1 5 2 0 1 0 3 4 6
1 4 3 2 7 6 1 5 0
1 4 1 6 7 8 2 5 3
2 3 1 4 0 0 0 0 2
3 0 2 0 4 0 3 1 0
1 3 4 0 0 2 1 0 0
2 3 2 4 0 0 0 0 1
2 2 5 1 0 0 3 0 4
1 4 2 7 5 8 1 3 6
1 3 5 2 0 4 6 7 1
1 0 3 1 0 0 0 2 0
3 0 4 1 0 0 3 0 2
2 3 4 0 2 6 5 1 0
1 2 5 6 7 8 4 3 1
2 5 4 7 3 6 2 1 8
1 2 0 0 4 0 1 3 5
1 6 4 5 2 8 3 1 7
1 0 2 0 0 0 1 4 3
28 0 0 2 0 0 1 0 0
1 5 1 0 0 0 2 4 3
2 3 4 2 8 5 6 7 1
3 0 2 3 0 0 1 4 0
2 0 0 2 0 0 0 1 0
1 5 3 6 1 7 4 2 8
1 1 2 5 7 8 3 6 4
1 6 5 7 4 8 1 3 2
1 1 3 4 0 0 5 0 2
1 3 2 5 6 7 1 4 8
1 1 0 2 0 3 0 0 0
3 3 1 0 0 0 2 0 4
1 4 7 2 6 8 3 5 1
1 8 1 6 4 5 2 3 7
1 5 2 4 7 6 3 8 1
1 6 5 3 1 8 4 2 7
1 1 5 7 4 6 2 3 8
1 7 1 5 6 4 2 8 3
4 1 3 0 0 0 0 0 2
1 2 1 3 7 6 5 8 4
1 3 2 1 0 0 5 0 4
1 3 1 4 7 8 5 6 2
1 8 7 5 6 4 2 3 1
1 3 4 5 6 8 2 7 1
1 6 3 8 1 5 4 2 7
3 2 1 0 0 3 0 0 0
1 1 4 7 6 3 2 5 8
5 0 1 0 2 0 3 4 0
1 5 4 2 0 3 6 0 1
1 5 6 1 7 2 4 8 3
1 1 0 2 0 0 0 0 3
1 0 0 1 0 2 0 0 0
1 2 7 5 4 6 1 3 8
4 3 1 2 0 0 0 0 0
1 3 5 6 2 7 4 1 0
1 3 4 1 7 8 5 6 2
4 0 3 1 0 0 2 0 4
1 2 5 1 6 8 4 7 3
1 2 3 0 5 0 1 4 6
1 3 5 4 0 0 1 0 2
1 0 0 0 3 4 1 2 0
1 3 5 2 8 7 4 6 1
1 5 3 4 0 0 1 0 2
3 4 5 1 0 0 2 0 3
1 6 1 4 3 0 2 5 7
8 0 3 0 1 4 0 2 0
3 1 3 2 0 0 0 0 4
1 6 2 5 3 0 1 4 0
1 6 3 2 0 4 5 0 1
7 0 0 0 0 3 2 0 1
1 0 0 0 0 1 2 0 3
1 3 4 5 0 6 2 0 1
1 3 4 1 0 0 2 0 5
4 0 3 4 0 0 1 0 2
1 6 7 3 2 8 1 5 4
1 5 2 1 7 8 4 6 3
2 0 0 1 0 2 0 0 3
1 4 3 8 1 5 6 2 7
1 7 1 5 6 8 2 3 4
1 8 2 7 6 3 1 4 5
2 5 4 1 0 0 2 0 3
2 5 4 2 8 3 6 7 1
1 0 2 1 0 0 4 3 0
212 0 0 2 0 0 0 0 1
1 0 1 2 0 0 0 3 0
1 4 3 2 6 0 5 7 1
1 7 3 4 1 5 6 2 8
4 1 0 2 0 0 4 0 3
6 2 1 0 0 0 0 0 3
1 1 4 0 0 0 3 0 2
1 0 6 2 4 5 1 3 0
17 0 0 1 0 0 2 0 0
7 3 1 4 0 0 2 0 0
2 3 0 0 0 2 1 0 0
2 7 6 4 1 5 2 3 8
1 0 3 2 0 4 5 0 1
1 3 0 2 0 0 0 4 1
1 7 8 3 5 6 1 2 4
1 1 4 3 5 8 2 6 7
7 1 2 3 0 0 0 0 0
3 0 0 1 0 3 0 0 2
4 5 4 6 1 7 3 2 8
2 0 2 4 3 0 1 0 0
2 3 5 7 2 6 4 1 8
2 2 0 0 0 0 0 1 0
1 5 4 1 3 0 2 0 0
1 3 2 4 8 7 1 6 5
1 3 1 4 0 0 2 0 5
1 1 0 0 3 0 0 4 2
253 0 0 0 2 0 0 1 0
5 5 4 2 8 6 3 7 1
11 5 4 2 7 6 3 8 1
1 0 4 3 0 5 1 0 2
3 4 1 3 0 0 2 0 5
1 2 1 4 7 6 3 8 5
1 0 0 1 0 4 2 0 3
1 6 3 5 4 7 1 2 8
1 2 1 7 3 8 4 5 6
1 0 0 0 0 1 2 0 0
1 4 0 3 0 2 0 0 1
1 5 3 1 7 4 6 8 2
1 1 0 0 0 0 2 3 0
1 0 0 4 0 0 3 2 1
1 2 3 7 8 6 1 5 4
1 4 5 6 8 3 2 7 1
1 6 3 5 2 0 4 1 0
6 3 5 0 1 0 4 2 0
4 3 0 2 0 0 1 0 4
18 0 3 0 0 0 1 0 2
2 0 2 0 0 4 1 3 0
11 4 2 3 0 0 1 0 0
3 0 3 1 0 2 0 0 0
1 3 2 5 0 6 4 0 1
2 0 2 0 0 0 1 3 4
1 6 2 4 0 0 1 5 3
1 0 4 0 1 5 3 2 0
4 4 5 2 7 8 3 6 1
11 0 4 0 1 0 2 3 0
2 2 1 0 0 0 4 0 3
1 0 0 0 4 1 2 3 0
1 6 2 4 5 8 1 3 7
1 5 4 2 0 0 1 0 3
1 0 0 3 0 0 4 2 1
7 3 2 0 0 0 0 0 1
5 0 0 0 0 0 2 3 1
2 0 0 0 0 3 0 2 1
1 3 0 2 4 0 1 0 0
1 6 2 0 5 0 1 4 3
9 3 2 0 0 0 1 0 4
3 4 5 0 2 0 3 1 0
1 3 4 5 1 7 6 2 8
2 4 5 0 2 6 3 1 0
1 1 2 0 0 0 4 0 3
1 0 4 3 0 2 1 0 0
2 1 3 7 4 6 2 5 8
1 5 3 2 4 0 1 7 6
1 3 4 7 2 6 5 1 8
2 0 2 4 1 0 0 3 0
15 3 0 2 0 0 1 0 0
28 0 2 0 0 0 1 0 3
1 0 0 4 0 3 0 2 1
1 0 4 0 0 3 2 0 1
2 3 0 0 2 0 1 4 0
1 6 2 1 3 7 5 4 8
1 2 1 0 0 0 4 3 0
1 6 7 8 2 4 3 1 5
3 0 3 0 2 4 0 1 0
1 0 1 3 5 0 2 4 0
1 7 3 4 6 5 2 8 1
1 5 4 1 6 7 2 8 3
6 3 0 1 0 0 2 0 0
4 6 4 7 1 5 3 2 8
1 3 4 2 6 5 7 8 1
3 4 5 0 2 0 1 3 0
1 0 3 4 2 0 1 0 0
4 4 5 3 0 0 2 0 1
1 5 4 1 7 8 3 6 2
1 2 3 4 0 0 1 0 5
1 1 2 0 4 0 3 0 0
2 5 3 1 0 0 2 0 4
1 0 0 0 3 0 1 4 2
50 0 0 3 0 0 2 0 1
13 0 4 3 0 0 2 0 1
2 3 4 2 7 5 6 8 1
1 5 2 4 6 8 3 7 1
1 4 5 0 3 6 2 1 0
5 5 4 3 0 0 2 0 1
1 4 6 5 1 7 3 2 8
1 6 4 2 0 5 3 0 1
2 2 0 0 3 0 0 1 0
2 2 5 4 8 6 3 7 1
20 1 0 3 0 0 2 0 0
1 5 1 3 7 6 2 8 4
1 3 5 4 7 6 1 8 2
1 2 4 5 6 8 1 7 3
1 3 4 0 1 0 2 5 0
1 2 0 1 0 0 4 0 3
1 5 3 2 0 0 1 0 4
1 5 3 4 7 6 1 8 2
1 6 7 2 4 0 3 5 1
1 4 6 5 2 8 3 1 7
1 4 8 2 5 7 1 6 3
10 0 0 0 2 0 1 0 0
117 0 0 0 1 0 3 2 0
1 3 6 2 7 8 4 5 1
1 0 3 0 1 5 2 4 0
2 5 3 4 0 0 2 0 1
1 6 1 0 2 5 4 3 0
1 3 4 8 7 6 5 2 1
2 0 1 0 4 0 3 2 0
9 4 5 0 1 0 3 2 0
1 4 3 7 1 8 6 2 5
1 3 1 4 6 5 2 7 8
1 5 3 0 2 6 4 1 0
3 4 1 0 0 0 2 0 3
1 0 1 3 0 0 2 4 0
2 1 2 0 0 4 3 0 0
4 2 0 0 0 1 0 0 0
122 0 0 0 0 0 1 0 0
2 2 0 3 0 0 1 0 4
1 5 4 3 7 6 1 8 2
1 6 4 2 7 8 3 5 1
2 4 3 1 0 0 2 0 0
1 0 5 4 2 6 3 1 0
1 4 1 6 5 0 2 3 7
2 3 4 0 1 0 5 2 0
2 2 1 0 3 0 4 5 0
1 0 3 4 0 5 2 0 1
1 0 4 0 1 3 0 2 0
1 3 1 2 7 4 6 8 5
1 6 4 7 2 1 5 3 8
2 4 2 0 0 0 1 0 3
41 1 0 0 0 0 2 0 0
1 8 4 5 6 7 1 2 3
1 1 4 6 3 5 2 0 0
1 0 4 2 0 0 1 3 0
1 4 5 0 2 6 1 3 7
10 0 2 0 1 0 0 3 0
3 1 2 3 0 0 4 0 5
1 3 2 6 5 8 1 4 7
8 0 2 4 0 0 1 0 3
1 5 4 6 3 8 2 1 7
1 6 5 4 7 8 2 3 1
1 1 2 7 3 6 4 5 8
1 4 5 6 7 8 2 3 1
2 3 0 0 1 0 2 4 0
51 0 0 0 3 0 1 2 0
18 0 0 1 0 0 0 0 0
1 4 0 1 0 0 2 0 3
7 3 5 2 0 0 4 0 1
1 4 3 2 5 7 1 6 8
1 5 3 6 2 4 7 1 8
1 3 6 5 1 7 2 4 8
1 3 2 7 5 6 1 8 4
1 8 4 2 6 3 5 7 1
1 2 4 5 7 8 3 6 1
10 0 2 3 0 0 1 0 4
1 7 6 5 4 3 2 1 8
3 6 4 2 7 3 5 8 1
1 0 2 3 4 0 1 5 0
2 4 1 2 7 8 3 6 5
1 4 1 0 0 2 3 0 0
2 4 3 0 0 0 1 2 0
5 1 3 4 0 0 2 0 0
3 2 0 0 3 0 0 0 1
1 3 1 6 0 5 2 0 4
7 3 4 2 0 0 1 0 0
4 2 3 1 0 0 0 0 0
1 0 0 0 0 1 2 3 0
17 0 3 2 0 0 1 0 0
55 3 2 0 0 0 1 0 0
2 1 0 2 0 0 3 0 4
1 3 1 4 5 6 2 7 8
1 1 0 0 0 2 3 0 0
1 4 2 3 6 7 1 5 8
1 4 0 2 0 3 5 0 1
1 0 0 3 2 0 4 1 5
1 0 3 5 2 0 4 1 0
17 2 0 3 0 0 1 0 0
1 0 0 4 2 0 3 1 0
1 5 6 7 3 4 1 2 8
1 4 1 7 2 8 3 5 6
1 0 0 0 2 0 1 0 3
2 0 1 4 0 0 3 0 2
10 5 3 2 7 6 4 8 1
1 1 4 7 2 5 6 3 8
1 0 0 3 2 0 4 1 0
1 0 2 0 3 0 4 1 0
76 0 3 0 1 0 0 2 0
5 3 0 1 0 0 2 0 4
4 2 0 4 0 0 3 0 1
3 0 3 0 0 1 2 0 0
1 5 4 6 1 0 3 2 7
1 2 0 4 0 0 1 0 3
3 5 3 2 6 8 4 7 1
2 0 0 0 0 2 1 3 0
1 4 2 0 1 0 3 5 0
1 5 2 3 6 8 4 7 1
1 4 6 7 1 5 3 2 8
1 4 1 5 8 6 3 7 2
1 7 3 5 1 4 6 2 8
3 5 0 4 1 0 2 3 0
2 0 3 4 0 0 1 2 0
1 2 4 3 8 5 6 7 1
1 3 5 7 4 8 1 6 2
1 1 5 3 6 4 2 7 8
1 4 3 2 0 6 5 0 1
1 0 0 1 4 3 2 0 0
1 0 2 0 0 0 4 3 1
1 5 0 0 2 0 1 3 4
1 5 1 0 2 3 0 4 0
1 2 0 3 1 0 0 0 0
1 4 3 2 6 7 5 8 1
3 0 1 3 0 0 2 0 4
1 3 0 2 1 0 4 0 0
1 3 0 2 0 4 0 0 1
1 4 3 5 8 6 1 7 2
1 4 1 5 6 8 3 2 7
1 3 5 2 6 0 4 7 1
29 0 0 0 0 0 1 0 2
4 2 0 0 4 0 1 3 0
2 5 4 6 2 3 7 1 8
1 8 3 2 5 4 6 7 1
7 0 1 0 0 0 0 0 2
1 3 1 0 4 0 2 0 0
1 6 3 4 2 7 1 5 8
1 3 1 6 2 4 7 5 8
3 3 0 0 4 0 2 0 1
7 5 1 3 0 0 4 0 2
3 2 3 4 0 0 0 0 1
1 5 2 3 6 7 4 8 1
1 0 0 0 0 2 3 1 0
1 8 7 1 5 3 2 4 6
1 5 1 0 0 4 3 2 0
1 0 2 0 0 3 1 0 4
7 3 2 0 4 0 1 5 0
4 3 5 4 0 0 2 0 1
3 5 1 2 0 0 3 0 4
1 8 7 6 5 4 3 2 1
2 5 3 1 6 8 4 7 2
2 3 0 0 4 0 1 2 0
1 0 4 0 0 1 2 0 3
1 3 7 1 5 0 4 6 2
2 0 0 0 1 0 2 0 3
1 3 7 1 6 8 4 5 2
1 3 5 0 1 6 4 2 0
4 5 1 0 4 0 2 3 0
1 0 3 2 4 0 1 0 0
1 1 5 2 6 8 4 7 3
4 4 3 2 8 6 5 7 1
3 2 1 5 0 0 3 0 4
1 5 4 1 8 6 2 7 3
1 5 4 7 3 6 1 2 8
12 0 2 3 0 0 4 0 1
1 2 1 4 6 8 7 5 3
5 5 3 2 7 8 4 6 1
1 0 1 0 4 3 2 5 0
2 3 5 0 2 0 4 1 0
1 2 4 1 6 8 5 7 3
2 2 5 3 0 0 1 0 4
57 0 4 0 2 0 3 1 0
1 5 6 4 7 3 2 8 1
2 4 2 7 5 6 1 3 8
4 0 3 1 0 0 4 0 2
2 3 2 0 1 0 0 0 0
2 3 1 0 5 0 2 4 0
1 5 1 2 7 8 4 6 3
1 0 1 0 0 0 2 3 4
1 4 0 5 0 0 3 2 1
1 2 7 6 5 4 3 1 8
1 3 5 2 0 6 4 0 1
59 3 0 2 0 0 0 0 1
22 0 1 0 0 0 2 3 0
8 4 0 2 0 0 1 0 3
1 4 2 0 0 1 0 3 0
1 6 2 3 7 4 5 8 1
1 4 5 2 8 6 3 7 1
1 7 3 5 2 6 4 1 8
1 2 6 7 5 3 1 4 8
1 4 5 2 0 6 3 0 1
1 1 6 3 4 0 2 5 0
2 3 2 4 6 7 1 5 8
2 1 0 0 0 3 0 0 2
1 1 0 0 2 3 0 0 0
15 3 0 0 2 0 4 1 0
1 8 3 2 7 4 5 6 1
1 0 1 0 3 2 4 0 0
1 2 0 1 0 0 0 0 0
2 6 5 8 4 7 1 3 2
2 4 2 3 0 0 0 0 1
1 0 0 2 0 3 1 0 4
1 2 1 0 3 0 0 0 0
1 6 5 4 7 3 2 8 1
4 5 3 2 8 6 4 7 1
89 0 2 0 0 0 1 0 0
1 5 3 4 0 6 2 0 1
1 2 1 4 3 5 6 8 7
2 1 0 0 2 0 0 3 0
1 2 5 7 3 8 4 1 6
8 1 0 0 0 0 0 0 2
3 5 4 1 0 0 3 0 2
1 1 3 4 5 6 2 7 8
1 0 1 4 5 0 2 0 3
1 1 0 3 2 0 0 0 0
1 4 2 0 1 0 0 3 0
4 3 4 0 0 0 2 0 1
1 4 1 2 7 3 5 6 8
1 1 5 2 0 0 4 0 3
1 5 4 6 2 0 1 3 0
2 4 3 2 0 5 6 0 1
1 4 6 7 5 8 1 2 3
1 1 7 6 2 5 4 3 8
1 3 0 0 4 0 5 2 1
3 0 1 3 0 0 4 0 2
1 2 4 3 0 0 5 0 1
1 2 5 0 3 0 1 4 0
1 5 4 6 2 8 1 3 7
1 3 4 5 2 7 6 1 8
1 2 3 4 8 5 1 7 6
1 1 6 7 4 3 2 5 8
1 3 2 4 7 6 1 8 5
1 3 2 0 5 0 1 4 0
1 3 4 5 8 1 2 7 6
1 2 3 4 1 5 7 6 8
15 0 1 2 0 0 3 0 0
4 4 3 0 1 0 5 2 0
1 0 4 0 2 0 1 3 5
1 5 3 4 6 8 2 7 1
1 3 0 5 2 0 4 1 0
1 0 0 0 2 4 3 1 0
1 3 5 4 6 8 2 7 1
23 0 2 0 4 0 1 3 0
12 3 0 0 0 0 1 0 2
1 0 1 0 4 0 2 0 3
2 0 0 2 4 0 1 3 0
4 5 2 3 0 0 1 0 4
1 5 1 6 2 7 3 4 8
1 4 0 3 0 5 1 0 2
1 3 0 0 2 0 0 0 1
4 1 0 0 3 0 0 2 0
1 5 4 3 7 8 2 6 1
1 8 6 5 2 7 4 3 1
2 5 0 0 1 3 4 2 0
1 8 7 6 5 4 1 3 2
4 2 0 0 1 0 3 0 0
3 0 0 3 0 4 2 0 1
1 2 0 5 4 0 1 3 6
1 4 5 3 0 0 1 0 2
35 0 3 0 1 0 4 2 0
1 0 5 0 1 3 2 4 0
4 0 2 0 0 0 0 1 0
1 4 5 8 3 7 1 2 6
1 5 3 0 4 0 1 2 0
1 2 1 4 3 5 6 7 8
2 7 3 6 2 5 4 1 8
6 5 2 3 0 0 4 0 1
1 0 0 0 1 3 4 2 0
1 2 5 3 7 8 4 6 1
1 4 2 3 6 8 1 7 5
1 0 0 3 0 0 1 4 2
2 6 4 7 2 5 3 1 8
1 7 2 6 3 5 4 1 8
1 4 6 1 7 3 5 8 2
19 0 1 0 3 0 0 2 0
1 0 0 0 0 2 3 0 1
2 0 3 0 2 0 0 0 1
1 7 1 4 3 0 6 2 5
1 1 4 5 7 8 3 6 2
14 1 0 0 0 0 3 0 2
2 1 2 0 0 3 0 0 0
1 1 4 0 0 0 2 3 0
2 5 2 0 3 0 1 4 0
2 1 4 2 0 0 0 0 3
3 3 4 2 6 8 5 7 1
2 2 0 0 0 3 0 0 1
1 3 2 1 0 0 0 0 0
2 0 2 5 4 0 1 3 0
2 6 4 3 7 5 2 8 1
1 4 2 1 0 0 5 0 3
2 0 2 0 0 0 0 3 1
1 5 3 4 6 7 1 8 2
1 6 4 0 3 5 1 2 0
11 0 1 0 2 0 4 3 0
1 0 1 6 5 4 2 3 0
1 0 2 0 0 1 0 3 0
1 4 5 0 3 6 1 2 0
5 3 0 4 0 0 2 0 1
1 6 3 5 1 7 4 2 8
1 3 2 4 7 8 5 6 1
10 0 1 0 3 0 2 4 0
2 0 0 3 0 0 2 1 0
1 5 3 2 7 4 6 8 1
5 3 0 1 0 0 4 0 2
3 4 5 3 6 7 1 8 2
2 4 2 0 0 3 1 0 0
1 7 2 6 3 8 1 4 5
1 2 4 3 0 0 1 0 5
5 4 3 0 2 0 0 1 0
1 6 2 0 5 3 1 4 0
1 3 2 4 6 7 5 8 1
1 0 2 4 0 5 1 0 3
1 2 3 8 4 7 6 5 1
1 3 2 5 6 8 1 7 4
1 0 3 0 1 0 2 4 5
1 5 2 6 3 7 1 4 8
1 3 5 6 1 8 2 4 7
1 4 2 3 5 8 1 6 7
2 5 1 3 0 0 2 0 4
1 7 1 4 3 2 6 5 8
1 0 5 0 4 3 2 1 0
3 5 4 8 2 6 3 1 7
1 5 2 1 0 0 3 0 4
2 5 2 0 4 0 1 3 0
1 4 5 1 6 0 3 7 2
1 8 7 5 4 1 6 2 3
1 4 1 5 8 6 2 7 3
1 0 5 0 4 1 2 3 0
1 0 2 4 0 3 1 0 0
3 3 4 1 0 0 5 0 2
1 8 4 5 3 6 1 2 7
2 0 4 0 2 5 3 1 0
1 7 6 5 4 8 1 2 3
1 0 2 0 0 4 1 0 3
7 1 3 2 0 0 0 0 0
1 5 4 1 6 8 3 7 2
4 2 1 3 0 0 0 0 0
1 4 1 0 5 0 2 3 0
11 0 0 0 2 3 0 1 0
1 2 4 3 8 7 5 6 1
40 2 0 0 0 0 1 0 0
1 8 7 6 1 5 2 3 4
1 4 1 0 2 0 3 0 0
12 2 1 0 0 0 0 0 0
1 3 4 2 0 0 1 0 5
1 4 1 3 6 8 2 5 7
1 2 4 1 6 8 3 7 5
1 1 0 0 5 4 3 2 0
11 2 0 0 0 0 1 3 0
1 0 1 4 3 0 0 2 0
2 3 5 2 8 6 4 7 1
1 0 5 4 1 3 0 2 0
2 4 2 3 7 8 5 6 1
2 0 0 3 1 0 2 0 0
1 5 3 4 1 6 7 2 8
2 0 0 2 0 0 1 3 0
1 6 1 3 7 5 4 8 2
1 6 5 2 7 3 4 8 1
2 0 0 1 2 0 3 0 0
1 0 0 1 3 0 0 4 2
1 6 4 7 1 3 5 2 8
1 0 3 4 2 5 0 1 0
1 5 1 2 7 8 3 6 4
1 4 2 5 6 8 1 7 3
1 0 0 0 0 0 0 2 1
1 1 2 4 6 7 3 8 5
18 0 1 3 0 0 2 0 0
7 4 3 0 1 0 0 2 0
1 3 1 7 5 6 2 4 0
1 7 8 4 5 6 1 2 3
1 7 2 5 4 6 3 1 8
3 0 2 0 0 0 3 1 0
1 3 1 0 2 0 0 0 0
2 5 1 4 0 0 2 0 3
1 3 4 0 1 0 2 0 0
1 3 0 2 0 1 0 0 0
1 7 6 5 3 4 1 2 8
34 0 2 0 0 0 0 0 1
11 4 0 0 2 0 3 1 0
6 4 3 2 0 0 0 0 1
1 5 4 3 7 2 6 8 1
1 6 4 8 1 3 5 2 7
3 1 0 0 2 0 3 0 0
1 4 1 5 0 0 3 0 2
1 6 4 0 2 0 1 3 5
1 4 0 2 5 0 3 0 1
3 5 4 7 1 6 3 2 8
24 4 0 0 1 0 3 2 0
1 4 7 3 1 8 2 5 6
1 0 3 0 0 0 2 4 1
3 0 2 0 0 1 3 0 0
1 3 6 2 7 5 4 8 1
1 3 4 1 0 0 2 0 0
5 2 4 3 0 0 0 0 1
8 0 3 0 0 0 1 2 0
1 3 1 2 0 0 4 0 0
5 1 0 2 0 0 0 0 0
2 1 2 0 3 0 0 0 0
1 2 7 1 5 3 4 6 8
1 3 2 6 5 7 1 4 8
1 3 1 0 0 2 0 0 0
1 1 0 0 3 0 2 0 0
1 6 2 1 7 5 4 8 3
1 6 4 5 3 0 2 1 0
1 1 0 2 0 0 3 4 0
1 4 7 6 2 5 3 1 0
24 0 2 0 0 0 3 0 1
8 3 0 0 0 0 2 1 0
1 5 2 3 8 6 1 7 4
1 2 1 5 6 8 3 7 4
1 2 3 4 7 8 1 6 5
2 5 6 4 1 7 3 2 8
2 0 0 0 0 0 1 3 2
1 6 5 3 7 4 1 8 2
1 1 4 5 6 3 2 7 8
1 1 0 0 0 3 4 0 2
1 4 3 5 8 6 2 7 1
1 4 5 3 7 6 2 8 1
1 5 7 1 3 8 2 4 6
2 4 2 1 0 0 0 0 3
2 6 1 7 3 8 5 2 4
1 4 3 5 7 8 1 6 2
2 0 1 0 0 3 2 0 0
1 0 0 3 0 1 0 0 2
1 7 3 2 4 5 1 6 0
2 3 0 0 2 0 1 0 0
1 3 0 0 4 0 2 1 0
3 1 0 3 0 0 2 0 4
3 2 0 0 0 0 0 3 1
3 0 0 0 0 2 0 0 1
4 4 5 2 6 8 3 7 1
3 5 2 4 0 0 1 0 3
1 3 4 1 0 6 5 0 2
1 0 0 0 1 5 3 2 4
1 6 4 7 3 5 2 1 8
4 0 3 2 0 0 1 0 4
1 0 0 2 3 0 1 4 0
1 0 2 1 0 3 0 0 4
21 0 0 0 3 0 2 1 0
2 0 0 0 1 0 0 2 3
2 0 0 2 1 0 0 3 0
1 6 5 8 2 7 4 1 3
1 2 0 0 1 0 3 4 0
1 2 5 6 3 8 1 4 7
1 5 1 6 3 7 4 2 8
8 4 0 3 0 0 2 0 1
2 5 4 0 3 0 1 2 0
1 6 5 7 2 4 1 3 8
1 7 6 4 3 8 2 5 1
1 5 4 1 6 0 3 7 2
