9 Almond and Earn
3 6 332 3960
Lynda DAVIS, UKIP
Michelle FRAMPTON, SNP
David ILLINGWORTH, Con
Tina Jane NG-A-MANN, SLD
Frank SMITH, Con
Paul VALLOT, Grn
1 5 2 1 4 3 6
6 2 0 1 0 3 0
1 0 5 1 3 2 4
1 1 6 3 2 4 5
7 0 0 2 1 0 0
3 0 2 3 0 0 1
1 1 4 3 2 5 6
2 4 3 5 2 6 1
1 1 4 3 5 2 6
5 0 0 3 0 2 1
1 1 4 5 3 6 2
8 0 1 2 3 0 0
136 0 0 2 3 1 0
1 1 6 5 3 4 2
222 0 1 0 3 0 2
4 3 0 0 1 0 2
47 0 0 0 1 0 2
16 4 6 1 3 2 5
4 6 5 1 4 2 3
1 0 3 2 1 0 4
9 6 2 5 3 4 1
1 0 1 5 3 4 2
2 3 0 0 0 1 2
1 5 1 2 6 3 4
2 0 2 1 3 0 0
3 3 1 4 5 6 2
1 2 6 5 1 4 3
20 6 1 4 3 5 2
7 0 1 0 0 2 3
1 0 0 4 2 3 1
1 5 6 1 2 3 4
27 0 0 2 0 1 3
1 2 0 0 3 0 1
19 0 3 0 1 0 2
245 0 0 1 3 2 0
1 1 0 2 4 3 0
3 0 0 2 3 0 1
1 1 2 3 4 5 6
2 6 3 2 5 1 4
2 1 0 2 3 0 0
1 6 5 1 2 4 3
2 6 2 1 4 3 5
3 0 0 1 4 2 3
3 1 0 3 0 2 0
1 4 5 1 0 2 3
6 0 2 0 0 1 0
21 0 0 1 2 0 0
1 1 5 6 3 4 2
1 6 5 3 2 4 1
1 2 1 0 3 0 4
1 4 2 3 6 5 1
3 4 2 5 3 6 1
5 3 1 6 4 5 2
1 6 4 3 1 5 2
3 0 0 1 0 3 2
1 2 1 3 0 0 4
9 1 0 0 0 0 0
1 4 6 3 1 2 5
1 6 1 2 4 5 3
2 0 2 1 0 0 0
14 0 2 0 1 0 3
22 3 1 0 0 0 2
4 6 4 2 3 1 5
3 3 6 2 4 1 5
1 4 1 5 6 3 2
1 3 6 5 1 4 2
1 6 2 1 5 3 4
1 4 2 0 1 0 3
1 1 2 5 3 6 4
30 0 1 0 2 0 0
7 4 1 5 2 6 3
8 0 0 0 1 3 2
1 6 2 3 4 5 1
4 0 0 0 1 2 3
4 0 3 2 0 1 0
1 5 6 3 1 2 4
14 0 0 3 1 2 0
5 4 1 6 2 5 3
4 0 0 0 2 3 1
4 4 5 2 3 1 6
2 3 6 4 2 5 1
10 0 0 0 2 1 0
1 3 1 2 5 4 6
356 0 1 0 0 0 2
1 6 2 5 4 1 3
49 0 0 1 0 2 3
1 1 5 3 2 4 6
1 0 3 1 0 0 2
10 5 6 2 3 1 4
1 4 2 6 3 5 1
27 0 3 0 2 0 1
1 3 5 1 0 2 4
2 6 1 3 2 5 4
1 3 1 2 6 5 4
8 0 0 0 1 2 0
2 1 0 0 0 2 0
6 3 6 1 4 2 5
1 0 3 1 2 0 0
1 4 5 6 2 3 1
1 5 4 2 1 3 0
3 6 5 1 3 2 4
301 0 1 0 0 0 0
5 6 5 2 3 1 4
84 3 0 1 0 2 0
1 3 1 5 2 4 6
35 0 0 2 1 3 0
62 0 0 0 0 1 0
14 2 1 0 0 0 3
17 4 1 6 3 5 2
2 6 3 5 2 4 1
3 4 1 0 3 0 2
2 3 0 1 4 2 5
1 0 1 0 3 2 0
2 5 1 4 3 6 2
1 3 1 5 4 0 2
1 3 4 1 6 5 2
3 6 1 5 2 4 3
3 0 3 0 0 2 1
1 5 4 2 3 1 6
1 4 1 2 5 3 6
9 0 1 2 0 3 0
1 6 1 2 5 4 3
1 0 3 2 0 1 4
3 0 1 3 0 2 0
1 2 0 0 1 3 0
1 0 4 2 1 3 0
10 0 0 1 3 2 4
18 5 6 1 3 2 4
4 0 2 1 0 0 3
6 3 0 2 4 1 0
1 1 2 0 0 0 0
2 0 0 2 1 0 3
22 0 2 0 1 0 0
2 2 1 0 4 0 3
1 0 3 0 1 2 0
4 0 3 0 2 1 0
1 1 2 6 3 4 5
9 0 0 3 2 0 1
4 3 1 5 2 6 4
1 0 5 2 3 4 1
1 6 3 2 5 4 1
88 0 1 0 2 0 3
3 0 0 1 3 0 2
1 2 1 0 3 4 0
1 2 3 4 1 0 0
1 2 5 1 4 3 6
1 3 1 0 2 0 4
1 6 1 2 4 3 5
1 4 2 0 3 5 1
1 6 3 2 4 1 5
11 3 0 1 4 2 0
4 6 4 1 5 2 3
1 1 0 0 2 0 0
1 3 5 1 4 2 6
4 0 2 1 0 3 0
1 6 5 3 4 1 2
1 0 2 0 3 1 0
2 6 3 1 4 2 5
1 5 1 3 2 4 6
1 2 1 3 5 6 4
2 2 1 6 4 5 3
1 0 4 3 0 1 2
97 0 0 0 1 0 0
3 0 0 2 0 3 1
9 0 1 2 0 0 0
1 1 0 4 3 5 2
1 4 3 1 5 2 6
5 0 0 2 3 1 4
2 3 6 2 5 1 4
1 0 1 4 2 5 3
1 4 5 1 2 3 6
8 0 1 0 0 2 0
3 2 0 0 1 0 0
1 3 1 2 4 6 5
2 1 0 2 0 0 3
10 0 0 3 2 1 0
8 0 1 3 2 0 0
11 4 0 2 3 1 0
68 0 2 0 3 0 1
2 6 2 3 5 4 1
1 3 5 6 2 1 4
2 3 1 2 4 5 6
374 0 0 2 0 1 0
2 3 0 0 2 1 0
1 1 0 2 0 3 4
1 0 0 1 2 4 3
23 4 1 5 3 6 2
3 0 0 3 0 1 2
2 0 0 2 0 0 1
4 1 0 2 0 3 0
1 1 4 2 5 3 6
3 0 0 4 1 3 2
1 6 1 5 3 2 4
3 2 1 0 0 3 0
5 6 3 4 2 5 1
2 3 0 2 1 0 0
2 0 3 1 0 2 4
438 0 0 1 0 2 0
2 5 3 2 6 1 4
1 3 1 2 0 0 0
1 4 2 3 6 1 5
1 4 3 0 1 0 2
4 0 0 2 1 3 4
2 6 2 5 1 4 3
1 4 2 1 6 5 3
1 0 1 4 0 2 3
3 0 0 1 0 0 2
2 0 0 3 1 2 4
2 3 0 0 1 2 0
4 2 0 3 0 1 0
1 1 4 0 3 0 2
1 6 3 4 1 2 5
2 3 0 1 2 0 0
4 0 0 0 0 1 2
1 2 3 0 0 1 0
3 6 5 2 1 3 4
2 0 0 2 4 1 3
10 3 1 5 4 6 2
11 0 3 1 0 2 0
1 0 3 1 5 2 4
1 2 1 5 4 3 0
1 0 2 1 3 4 5
3 5 4 1 3 2 6
4 5 6 2 4 1 3
1 0 3 2 4 1 5
1 0 1 5 3 2 4
2 4 6 1 5 2 3
1 6 1 5 4 3 2
1 2 3 1 4 0 0
5 6 5 3 1 4 2
1 0 4 1 3 2 5
1 3 0 1 0 0 2
2 3 1 6 2 5 4
1 5 6 4 2 3 1
1 1 0 3 0 0 2
39 0 0 0 2 0 1
2 2 0 0 0 1 0
1 5 0 2 4 1 3
2 6 1 2 5 3 4
27 0 0 0 0 0 1
1 0 0 3 2 1 4
2 0 0 0 3 1 2
2 2 4 5 1 6 3
1 1 0 0 0 0 2
2 0 0 0 2 1 3
2 6 5 2 1 4 3
57 0 0 1 0 0 0
2 6 1 5 2 3 4
1 5 1 2 0 3 4
2 6 4 2 1 3 5
2 3 4 5 1 6 2
1 2 3 1 0 0 0
1 3 2 0 0 0 1
1 1 0 0 0 2 3
11 4 0 1 3 2 0
2 2 1 5 3 4 0
7 6 2 4 3 5 1
2 0 3 0 0 1 2
1 4 1 6 3 2 5
2 6 4 1 3 2 5
6 0 2 3 0 1 0
4 6 1 3 2 4 5
1 0 0 0 3 2 1
3 5 1 6 3 4 2
2 2 0 3 1 0 0
3 0 0 3 2 4 1
2 3 1 0 4 0 2
8 5 6 1 4 2 3
1 2 1 6 3 5 4
1 5 2 1 3 4 6
15 6 1 5 3 4 2
1 3 2 0 1 0 0
2 5 6 2 1 3 4
16 4 6 2 3 1 5
1 0 5 4 2 3 1
1 0 1 0 3 2 4
1 0 0 4 3 2 1
1 6 2 4 5 3 1
8 2 1 0 3 0 0
2 0 2 0 1 3 0
2 3 5 2 4 1 6
1 5 0 2 1 3 4
57 0 2 0 0 0 1
1 0 1 3 2 4 0
2 2 1 3 6 4 5
5 4 5 1 3 2 6
6 6 1 4 2 5 3
2 6 5 3 1 2 4
6 0 1 2 0 0 3
1 4 5 1 2 6 3
3 2 0 0 1 0 3
1 6 5 4 3 2 1
1 6 1 4 5 3 2
1 3 1 4 5 2 6
1 4 5 2 3 1 0
1 6 4 3 5 2 1
8 0 1 0 2 3 0
1 5 3 4 2 1 6
1 5 3 1 4 2 6
2 6 5 4 2 3 1
2 6 5 3 4 2 1
25 0 0 1 2 3 0
3 2 1 3 0 0 0
1 6 1 3 4 5 2
1 2 1 5 3 6 4
1 6 4 1 2 3 5
3 4 1 0 2 0 3
1 4 3 5 2 1 6
4 2 1 0 0 0 0
1 6 1 5 4 2 3
5 0 0 3 1 0 2
1 0 1 3 2 0 4
1 6 2 3 4 1 5
2 0 0 1 2 0 3
4 6 5 1 2 3 4
43 3 0 2 0 1 0
11 0 1 3 0 0 2
9 3 1 0 2 0 0
1 5 3 4 2 6 1
3 1 0 0 2 0 3
4 0 2 0 0 1 3
3 0 0 0 0 2 1
1 3 4 1 0 0 2
2 3 1 0 0 2 0
1 6 1 3 5 2 4
2 1 0 0 3 0 2
3 1 2 0 3 0 0
8 0 1 0 0 3 2
1 3 5 2 4 1 0
1 3 6 2 5 4 1
1 0 1 2 3 0 4
1 2 0 0 0 1 3
