2 Bearsden North
3 6 674 6906
Duncan CUMMING, Ind
Duncan EVANS, Con
Craig MUNCIE, Lab
Alan REID, SLD
"Neill John SIMPSON" "Scottish Greens – Think Global Act Local", 
Calum SMITH, SNP
6 5 0 4 3 2 1
1 1 5 2 3 6 4
1 5 2 1 4 3 6
3 1 6 4 3 5 2
2 1 0 2 0 4 3
22 2 0 1 0 3 0
14 1 6 3 2 4 5
1 1 2 6 3 5 4
29 0 0 2 1 0 0
31 0 2 3 1 0 0
3 1 0 4 2 5 3
3 3 4 5 1 2 6
1 0 2 0 0 3 1
4 0 2 3 0 0 1
1 3 2 5 1 4 0
29 1 4 3 2 5 6
8 1 0 4 5 2 3
1 4 3 5 2 6 1
95 0 0 3 0 2 1
5 3 0 4 5 1 2
3 1 4 5 3 6 2
1 0 3 1 4 2 0
44 0 1 2 3 0 0
2 2 4 3 1 5 0
2 1 0 2 3 4 5
3 1 5 2 4 3 6
2 5 0 4 2 3 1
3 1 2 0 3 4 0
1 4 5 6 3 2 1
2 1 0 5 4 2 3
2 2 6 5 3 4 1
5 1 3 0 0 2 0
4 1 0 0 4 2 3
9 3 0 4 0 2 1
1 3 1 4 2 6 5
3 4 0 2 0 3 1
1 5 3 4 1 2 6
10 3 2 4 1 5 6
1 0 4 1 5 2 3
3 2 0 4 1 3 0
11 1 6 5 3 4 2
7 0 0 2 3 1 0
1 6 1 3 5 4 2
6 3 0 0 1 0 2
4 0 1 0 3 0 2
1 4 0 5 3 1 2
8 0 0 0 1 0 2
3 4 6 1 3 2 5
3 2 6 4 3 1 5
2 4 3 2 1 6 5
2 3 4 5 6 2 1
19 3 0 0 0 1 2
8 5 6 2 4 3 1
15 0 2 1 3 0 0
1 5 6 2 1 4 3
1 2 1 4 5 3 6
3 4 5 2 1 3 6
4 1 2 3 4 5 0
5 5 0 2 4 3 1
2 2 6 5 1 4 3
1 2 0 1 3 4 5
1 0 1 0 0 2 3
5 5 6 1 2 3 4
3 1 6 2 5 4 3
3 2 0 3 1 4 0
4 0 0 4 2 3 1
2 2 5 1 3 4 6
1 3 2 5 1 6 4
23 2 0 0 3 0 1
14 0 0 2 0 1 3
5 3 0 1 2 4 0
2 2 4 1 3 6 5
1 1 5 6 4 3 2
2 0 3 0 1 0 2
22 1 2 3 4 5 6
15 0 0 2 3 0 1
13 0 0 1 3 2 0
7 1 0 2 4 3 0
1 5 2 1 3 6 4
2 3 0 4 2 1 5
98 1 0 2 3 0 0
5 1 0 3 2 4 5
13 2 6 4 5 3 1
4 1 0 4 5 3 2
1 5 1 2 3 6 4
2 1 4 5 2 6 3
12 1 3 2 4 5 6
1 3 4 1 2 5 0
1 3 2 1 4 5 6
1 6 5 1 2 4 3
1 0 0 1 4 2 3
1 2 4 0 0 3 1
2 2 0 3 0 4 1
1 5 2 3 4 6 1
1 2 5 4 3 1 6
18 1 0 3 0 2 0
8 4 1 2 3 5 6
11 3 0 4 0 1 2
1 3 1 0 2 4 0
39 0 0 1 2 0 0
1 1 5 6 3 4 2
1 0 2 0 0 1 0
1 4 2 1 3 6 5
1 1 5 3 4 6 2
53 1 2 4 3 0 0
1 6 5 3 2 4 1
4 2 4 3 1 6 5
2 2 0 4 0 3 1
1 4 0 3 1 2 0
1 4 0 2 1 3 0
3 1 0 0 3 4 2
1 0 0 3 1 4 2
1 5 0 1 3 2 4
1 1 4 3 0 0 2
3 1 2 4 3 6 5
1 2 3 1 4 6 5
60 1 0 0 0 3 2
4 2 0 4 5 3 1
12 1 3 2 4 0 0
1 4 5 3 0 2 1
1 2 6 1 3 5 4
21 0 0 1 0 3 2
8 1 6 5 2 3 4
4 0 0 1 2 3 4
1 1 3 2 0 0 4
342 1 0 0 0 0 0
3 2 6 4 1 3 5
2 2 0 3 4 0 1
2 1 0 5 4 3 2
1 4 6 3 1 2 5
2 0 2 1 0 0 0
1 6 1 2 4 5 3
3 0 2 0 1 0 3
2 3 1 0 0 0 2
1 5 3 6 1 4 2
8 3 1 2 4 0 0
1 4 1 5 6 3 2
4 4 2 1 3 5 6
2 3 6 5 1 4 2
9 2 4 3 1 0 0
3 5 0 3 4 2 1
3 2 1 5 4 3 6
34 2 1 4 3 0 0
1 6 2 1 5 3 4
38 1 2 4 3 5 6
3 3 6 5 1 2 4
2 1 2 5 3 6 4
33 0 1 0 2 0 0
1 4 0 3 0 1 2
2 1 0 4 2 3 5
1 5 4 3 6 2 1
1 2 6 3 5 1 4
42 1 2 3 4 0 0
10 1 0 4 0 2 3
1 2 0 0 4 3 1
4 0 0 0 1 3 2
4 6 5 1 3 4 2
1 6 2 3 4 5 1
11 0 0 0 1 2 3
35 0 3 2 1 0 0
4 1 5 4 3 2 6
2 1 0 0 2 3 4
1 2 4 0 1 3 0
4 4 6 5 3 1 2
1 3 0 0 4 1 2
12 0 0 3 1 2 0
18 0 0 0 2 3 1
1 3 6 4 2 5 1
2 1 0 3 2 5 4
3 1 0 0 4 3 2
1 1 5 4 6 2 3
11 0 0 0 2 1 0
5 3 0 0 4 2 1
3 0 0 4 3 1 2
1 1 0 2 3 0 4
2 0 1 0 0 0 2
3 5 6 1 2 4 3
3 1 0 3 5 4 2
10 0 0 1 0 2 3
4 2 4 1 3 0 0
9 1 5 3 2 4 6
2 0 3 1 0 0 2
1 4 3 5 1 6 2
1 5 6 2 3 1 4
2 1 5 3 4 2 6
2 2 5 4 6 3 1
3 0 3 0 2 0 1
2 1 3 4 5 2 6
1 6 1 3 2 5 4
1 4 6 3 2 5 1
1 2 5 3 6 4 1
21 2 1 3 4 0 0
7 2 5 3 1 4 6
13 0 0 0 1 2 0
47 1 0 0 0 2 0
2 3 6 1 4 2 5
2 1 6 2 5 3 4
1 4 6 5 2 3 1
22 0 3 1 2 0 0
3 5 6 4 1 3 2
1 2 0 5 1 4 3
1 1 0 5 2 4 3
8 1 3 4 2 6 5
27 1 3 4 2 5 6
3 3 4 2 1 5 6
1 5 3 4 1 2 0
1 1 0 2 4 0 3
2 3 5 1 2 4 6
2 2 5 3 4 6 1
5 2 1 5 3 4 6
1 4 0 2 1 3 5
6 1 3 0 0 0 2
14 0 0 3 4 2 1
3 1 6 3 5 2 4
2 3 0 2 0 4 1
4 2 3 1 4 5 6
157 0 1 0 0 0 0
6 3 0 1 0 2 0
7 4 3 2 1 5 6
4 3 1 5 2 4 6
29 0 0 2 1 3 0
1 5 2 3 1 4 6
1 4 5 3 6 2 1
1 5 0 1 2 3 4
2 2 0 5 1 3 4
2 6 5 4 3 1 2
33 0 0 0 0 1 0
2 2 1 0 0 0 3
3 5 0 1 4 3 2
2 1 0 2 5 3 4
3 3 5 2 1 4 6
1 6 3 5 1 4 2
1 6 3 5 2 4 1
1 1 2 5 4 6 3
1 3 0 1 4 2 5
6 0 1 0 3 2 0
2 2 6 1 5 3 4
12 3 2 4 1 0 0
39 1 3 4 2 0 0
60 2 0 0 0 3 1
8 1 6 2 3 5 4
1 1 0 4 2 0 3
1 3 4 2 1 6 5
1 5 1 4 3 6 2
3 2 1 4 3 6 5
1 5 0 3 2 1 4
2 1 5 2 3 4 6
8 1 2 0 0 0 3
5 0 3 0 0 2 1
2 1 0 4 3 2 5
1 5 4 3 1 6 2
20 3 1 4 2 0 0
1 1 4 5 6 2 3
1 0 1 2 0 3 0
7 4 1 3 2 5 6
2 0 1 3 0 2 0
5 2 3 0 0 0 1
27 2 0 0 1 3 0
3 3 1 5 4 2 6
1 2 0 1 0 3 4
1 2 5 3 4 1 6
1 4 3 5 1 2 6
29 5 6 3 4 2 1
6 2 0 1 0 0 3
3 2 6 3 5 4 1
1 4 0 2 3 1 5
5 0 2 1 0 0 3
1 1 0 2 3 5 4
2 1 0 3 4 0 2
2 5 6 1 3 2 4
6 4 2 3 1 0 0
10 3 6 5 4 1 2
1 1 4 0 2 0 3
1 2 0 4 1 0 3
161 1 2 0 0 0 0
1 2 3 1 6 5 4
3 5 0 3 4 1 2
10 0 0 2 1 0 3
1 0 4 1 2 3 5
31 0 2 0 1 0 0
4 3 4 2 1 0 0
5 1 3 5 2 4 6
2 0 3 0 1 2 0
1 3 5 4 6 2 1
1 6 2 3 1 4 5
4 1 2 6 3 4 5
1 2 6 3 1 4 5
1 3 1 6 2 4 5
57 2 3 0 1 0 0
5 1 3 4 5 6 2
9 0 0 3 2 0 1
5 1 0 4 3 2 0
1 3 5 2 1 6 4
5 2 6 1 4 3 5
9 0 0 1 3 0 2
1 3 4 6 5 2 1
8 1 6 5 4 2 3
2 0 1 0 2 0 3
14 2 3 4 1 0 0
1 2 1 0 3 4 0
22 2 6 5 4 3 1
1 1 5 2 4 3 0
1 0 0 2 1 4 3
1 2 1 4 6 5 3
2 1 6 3 4 2 5
2 2 5 1 4 3 6
3 1 0 0 3 2 4
1 3 1 0 2 0 4
1 1 3 0 4 0 2
7 1 4 2 3 0 0
1 4 3 0 0 2 1
1 5 3 1 0 2 4
133 1 0 0 2 0 0
4 5 6 3 2 1 4
1 3 0 1 4 2 0
3 0 2 1 0 3 0
1 6 5 3 4 1 2
4 0 0 2 4 3 1
2 4 0 1 0 3 2
1 3 0 4 2 5 1
3 5 1 3 2 4 6
2 3 6 4 1 2 5
2 1 5 6 2 3 4
7 4 3 1 2 5 6
2 2 0 1 5 3 4
1 2 0 4 0 1 3
2 1 2 5 3 4 0
2 4 5 3 1 2 6
1 5 4 2 1 3 6
1 4 0 2 3 5 1
1 6 2 3 1 5 4
27 2 1 4 3 5 6
90 0 0 0 1 0 0
1 3 4 2 1 5 0
2 4 1 5 3 2 6
9 1 2 5 3 4 6
2 3 0 2 1 4 0
38 0 0 2 0 3 1
1 5 2 3 4 0 1
1 3 4 1 0 2 5
1 4 6 2 1 5 3
8 0 0 3 4 1 2
1 0 5 1 4 3 2
1 5 1 3 4 2 6
27 3 6 5 4 2 1
3 5 6 1 3 4 2
7 4 2 1 3 0 0
21 0 1 2 0 0 0
1 3 4 5 2 6 1
1 1 0 4 3 5 2
1 2 3 4 6 5 1
3 1 6 3 2 5 4
1 4 1 2 3 5 0
1 2 6 1 5 4 3
1 4 3 1 5 2 6
2 3 6 2 5 1 4
1 0 0 2 3 1 4
1 1 2 4 3 5 0
2 4 5 1 2 3 6
2 1 2 6 4 3 5
66 2 0 0 1 0 0
1 3 1 2 4 6 5
3 1 3 2 5 4 6
3 0 1 0 0 2 0
21 1 0 2 0 0 3
12 2 3 4 1 5 6
1 3 0 4 5 2 1
56 0 1 3 2 0 0
10 0 0 3 2 1 0
13 1 0 3 2 4 0
2 2 0 4 5 1 3
37 1 0 0 3 2 0
1 6 4 2 3 5 1
5 4 2 3 1 5 6
2 1 2 4 5 3 6
6 1 0 4 0 3 2
1 3 4 1 2 0 0
2 4 0 2 3 1 0
4 3 1 2 4 5 6
7 0 0 2 0 1 0
1 4 1 2 3 6 5
8 4 0 3 0 2 1
2 3 0 0 2 1 0
4 1 0 2 0 3 4
7 5 1 2 3 4 6
2 4 6 1 3 5 2
5 2 4 1 3 5 6
1 3 0 4 1 2 0
27 0 0 3 0 1 2
1 0 0 1 2 4 3
1 0 1 3 4 2 5
16 4 1 3 2 0 0
26 0 0 2 0 0 1
5 4 6 1 2 3 5
1 5 0 1 4 2 3
1 0 4 3 1 2 0
2 1 4 3 6 5 2
41 1 0 2 0 3 0
2 1 4 3 5 6 2
1 0 4 3 2 1 0
1 6 5 2 4 3 1
6 4 6 2 5 3 1
2 0 0 4 1 3 2
4 2 6 5 1 3 4
3 4 0 1 0 2 3
2 4 1 3 2 6 5
34 3 0 2 1 0 0
6 2 1 0 0 3 0
3 1 3 4 2 5 0
3 4 6 2 1 3 5
2 4 0 1 2 3 0
1 6 3 4 2 5 1
11 0 0 1 0 2 0
2 6 2 5 4 3 1
12 5 6 3 4 1 2
22 3 1 2 0 0 0
1 3 0 2 1 4 5
2 0 0 2 1 3 4
9 5 6 2 3 4 1
1 4 3 0 1 0 2
24 1 4 2 3 5 6
1 0 5 4 3 1 2
1 6 2 5 1 4 3
1 4 0 2 5 3 1
1 1 3 6 2 5 4
32 2 0 1 3 0 0
135 3 0 0 0 2 1
8 0 0 1 0 0 2
101 1 2 3 0 0 0
17 3 0 0 1 2 0
3 2 0 3 0 1 0
36 3 0 1 2 0 0
48 0 0 0 0 1 2
2 1 4 0 2 3 0
2 1 2 3 5 4 6
2 6 5 2 1 3 4
2 0 0 2 4 1 3
4 1 6 4 2 5 3
2 1 3 6 2 4 5
1 2 3 0 0 1 0
8 1 0 4 2 3 0
1 2 0 1 4 0 3
2 1 3 5 2 4 0
2 2 4 5 1 3 6
10 4 6 5 3 2 1
2 4 6 3 2 1 5
2 1 4 2 3 6 5
5 5 6 2 4 1 3
1 5 1 4 2 3 6
1 2 3 4 1 5 0
13 3 0 2 0 0 1
2 4 6 1 5 2 3
2 5 1 4 3 2 6
1 3 2 0 1 4 0
7 3 0 1 0 0 2
5 4 3 1 2 0 0
1 1 2 0 4 0 3
11 2 4 3 1 5 6
1 0 5 3 2 4 1
1 4 0 1 5 2 3
16 1 0 3 0 0 2
4 5 6 4 2 3 1
3 3 6 1 5 4 2
3 3 2 1 4 0 0
2 3 6 5 2 1 4
12 1 6 4 5 2 3
5 5 6 3 2 4 1
1 1 3 5 4 6 2
2 2 0 0 3 4 1
10 0 0 0 2 0 1
1 0 1 4 3 2 0
2 3 6 2 4 5 1
1 5 3 1 4 6 2
9 2 0 0 0 1 0
1 2 1 6 3 4 5
4 5 0 4 3 1 2
1 5 0 2 4 1 3
1 1 4 3 2 5 0
171 0 0 0 0 0 1
6 2 6 3 4 5 1
11 1 5 4 2 3 6
1 0 0 3 2 1 4
2 1 0 3 4 5 2
1 3 5 4 2 6 1
2 4 6 1 5 3 2
12 0 0 0 3 1 2
2 3 4 1 2 5 6
1 4 6 1 2 5 3
50 3 6 4 5 2 1
51 1 0 0 0 0 2
1 2 4 5 1 6 3
1 1 3 4 6 5 2
2 3 0 2 1 5 4
2 2 1 3 5 4 6
1 1 3 4 2 0 5
7 0 0 0 2 1 3
1 2 0 3 4 1 5
8 4 3 2 1 0 0
105 0 0 1 0 0 0
2 3 5 6 4 2 1
2 4 0 3 2 1 0
10 3 6 4 5 1 2
7 3 0 5 4 2 1
3 2 0 3 0 1 4
3 4 0 0 3 2 1
2 2 0 1 3 4 0
1 0 3 2 1 4 0
4 5 1 3 2 4 0
9 2 3 1 0 0 0
4 2 6 1 3 4 5
2 6 4 2 1 3 5
1 4 0 0 1 2 3
1 3 4 2 0 0 1
42 1 0 0 0 2 3
2 0 3 2 0 0 1
3 3 2 0 0 0 1
1 2 5 4 1 3 0
1 4 0 1 3 2 0
14 2 1 3 4 5 6
11 2 0 3 0 0 1
1 6 2 4 3 5 1
1 6 3 1 5 4 2
3 4 0 2 0 1 3
1 3 6 5 2 4 1
1 3 4 6 1 5 2
3 5 3 2 1 4 6
1 2 3 5 4 6 1
2 0 5 3 4 2 1
4 3 6 2 1 4 5
4 4 0 3 5 2 1
1 0 2 3 0 1 0
1 0 0 1 4 3 2
1 0 1 3 2 5 4
1 0 2 3 0 1 4
2 5 2 6 1 3 4
2 1 5 4 3 6 2
51 0 0 0 3 2 1
37 2 0 3 1 0 0
1 5 6 1 4 3 2
1 3 0 2 1 0 4
4 2 6 5 4 1 3
5 1 6 4 2 3 5
4 5 6 1 4 2 3
3 1 6 2 4 5 3
2 5 2 1 3 4 6
1 0 5 4 3 2 1
6 1 3 2 4 6 5
2 4 1 5 2 3 6
8 4 6 3 5 1 2
7 1 0 3 4 2 0
1 6 5 1 4 3 2
1 1 0 3 5 2 4
2 3 2 4 1 6 5
26 3 2 0 1 0 0
1 2 0 1 0 4 3
1 1 0 4 3 0 2
2 4 2 3 1 6 5
2 2 3 6 1 4 5
1 4 6 2 5 1 3
4 4 6 2 3 5 1
1 4 1 0 2 3 0
69 1 0 0 2 3 0
1 1 5 2 3 4 0
1 4 6 5 1 3 2
1 1 4 5 2 3 0
33 2 0 1 0 0 0
2 4 6 2 3 1 5
6 0 0 4 3 2 1
1 5 0 2 3 4 1
123 2 1 0 3 0 0
15 0 2 0 1 3 0
2 5 0 2 1 3 4
3 5 6 4 3 1 2
1 1 0 0 2 4 3
1 2 0 3 1 4 5
122 1 0 3 2 0 0
1 1 0 2 5 4 3
1 1 3 6 4 5 2
1 2 0 4 3 1 0
1 3 0 2 5 4 1
1 4 0 5 3 2 1
1 4 5 1 3 2 6
1 3 0 5 2 4 1
1 6 1 4 2 5 3
1 4 5 1 2 6 3
4 0 1 2 0 0 3
1 1 5 4 2 3 0
3 1 6 3 4 5 2
3 1 6 4 3 2 5
3 0 0 2 3 4 1
1 5 4 1 3 6 2
1 3 2 6 1 5 4
5 2 0 0 1 0 3
1 5 2 4 3 6 1
1 1 4 2 3 0 5
4 6 5 4 3 2 1
17 5 6 4 3 2 1
3 1 0 5 2 3 4
2 4 1 2 3 0 0
2 6 3 2 1 4 5
5 1 6 5 3 2 4
4 3 2 5 1 4 6
128 1 3 0 2 0 0
11 1 2 0 0 3 0
2 3 6 1 4 5 2
9 0 1 0 2 3 0
9 3 2 1 0 0 0
3 5 6 4 2 1 3
1 6 5 2 4 1 3
1 3 2 1 6 4 5
18 4 6 3 5 2 1
2 2 3 5 1 4 6
2 2 0 1 4 3 0
1 5 0 4 1 3 2
1 3 4 6 5 1 2
4 1 6 3 5 4 2
5 6 5 3 4 2 1
1 6 3 1 4 5 2
1 1 4 0 2 3 5
33 0 0 1 2 3 0
2 0 0 4 2 1 3
33 1 4 3 2 0 0
1 2 0 3 5 1 4
2 1 0 3 0 4 2
1 3 1 5 2 4 0
57 2 1 3 0 0 0
34 1 3 2 0 0 0
5 1 6 5 2 4 3
2 3 0 5 4 1 2
3 2 1 5 3 6 4
38 2 0 0 0 0 1
165 2 1 0 0 0 0
1 5 0 3 1 4 2
5 3 6 1 2 4 5
2 2 5 4 1 3 6
5 1 4 5 2 3 6
1 4 5 2 1 6 3
14 1 6 5 4 3 2
5 2 0 0 3 1 0
9 0 0 3 1 0 2
1 0 1 3 2 0 4
11 1 6 4 5 3 2
1 1 4 6 5 2 3
14 0 0 1 2 0 3
15 1 0 2 3 4 0
5 1 2 3 4 6 5
1 4 0 3 5 1 2
1 6 5 1 2 3 4
57 3 1 0 2 0 0
7 3 0 2 0 1 0
4 0 1 3 0 0 2
1 5 3 4 2 6 1
29 1 0 0 2 0 3
169 0 0 0 0 2 1
3 1 2 5 4 3 6
6 1 6 2 3 4 5
6 1 4 3 2 6 5
175 1 2 0 3 0 0
76 1 0 2 0 0 0
3 3 1 0 0 2 0
24 1 0 0 3 0 2
1 6 1 3 5 2 4
2 4 0 0 1 3 2
1 3 0 0 2 4 1
1 3 0 1 5 4 2
1 0 1 0 0 3 2
15 3 1 4 2 5 6
1 0 2 5 3 4 1
9 3 0 0 2 0 1
3 3 6 2 5 4 1
2 5 6 3 1 4 2
2 3 4 1 5 2 6
19 2 0 0 0 1 3
1 1 2 4 0 5 3
