6 Paisley Southeast
3 9 1226 4080
Eddie DEVINE, Lab
Allan HERON, SLD
David Richard LAFFAN, Grn
Bruce MACFARLANE, SNP
Paul MACK, Ind
Stuart Alexander MCAUSLAND, Lab
Marie MCGURK, SNP
Jim MCILROY, Con
Sandra Amelia WEBSTER, SSP
1 1 7 2 5 9 3 6 8 4
1 3 4 7 8 1 2 0 5 6
1 3 4 5 0 0 1 0 0 2
1 1 0 0 0 2 0 0 3 4
2 5 0 3 2 0 4 1 0 0
2 4 3 0 0 0 1 0 2 0
1 5 8 4 1 9 6 2 3 7
1 4 0 0 1 3 5 2 6 0
1 1 5 4 2 0 0 3 0 0
1 0 5 4 2 3 0 1 0 0
1 0 1 0 2 0 0 3 0 0
1 5 0 1 2 0 6 4 0 3
5 0 2 3 0 0 1 0 0 0
10 0 0 2 1 0 0 0 0 0
1 0 5 3 1 6 0 2 0 4
1 6 8 4 1 3 5 2 9 7
3 0 2 0 0 3 1 0 0 0
1 1 6 4 0 5 3 0 0 2
1 4 3 0 0 2 5 0 1 0
1 0 0 0 0 3 2 1 0 0
1 6 5 3 2 0 7 1 0 4
1 0 0 0 0 2 0 1 3 0
1 5 0 3 1 7 6 2 8 4
1 0 0 3 0 2 1 0 0 0
1 1 0 0 0 4 3 0 2 0
1 0 0 0 1 4 3 2 0 0
1 4 0 1 2 0 5 3 0 0
1 1 0 0 0 5 2 0 3 4
1 7 2 9 5 3 8 4 6 1
3 0 1 2 3 0 0 0 0 0
2 0 0 0 0 0 1 0 0 2
1 0 0 0 0 0 3 0 1 2
1 2 5 6 4 3 7 1 8 9
1 4 5 9 2 8 3 1 6 7
1 1 3 4 6 7 2 5 8 9
1 5 2 3 1 6 7 4 9 8
2 0 1 0 0 0 3 0 2 0
1 2 3 8 9 5 4 6 1 7
1 4 0 2 3 0 5 1 0 0
1 6 7 3 1 9 5 2 8 4
1 3 4 0 0 2 5 0 1 0
29 3 0 0 2 0 0 1 0 0
7 1 0 0 0 0 3 2 0 0
3 1 3 0 0 2 0 0 0 0
1 4 0 2 0 3 1 0 0 0
5 0 0 4 2 3 0 1 0 0
1 5 2 0 0 3 4 0 1 0
1 4 5 3 1 0 6 2 7 8
1 0 6 0 1 3 5 2 0 4
1 0 4 5 1 3 0 2 6 0
1 5 3 2 1 0 0 6 4 0
1 0 5 3 1 4 0 2 0 6
1 3 7 5 1 9 4 2 8 6
10 0 0 3 2 0 0 1 0 4
1 6 3 4 1 7 5 2 9 8
1 2 0 5 1 0 4 3 0 0
1 0 0 2 3 1 0 0 0 0
1 4 0 3 2 5 6 1 0 0
1 1 0 3 2 0 6 4 0 5
4 3 0 0 1 0 2 0 0 0
1 1 2 4 0 3 5 0 0 0
1 1 4 5 7 8 2 9 3 6
1 0 1 0 3 0 2 0 0 0
1 2 5 6 7 1 4 8 3 9
1 1 4 0 0 0 2 5 3 0
6 0 0 0 1 0 2 0 0 0
1 5 4 1 3 0 6 2 0 0
1 2 0 4 0 1 3 0 0 5
1 1 0 0 0 4 2 0 3 0
1 0 0 1 4 5 0 2 0 3
1 3 7 4 5 0 2 6 0 1
1 5 4 3 1 9 6 2 8 7
1 5 0 4 2 0 6 1 0 3
1 1 5 6 9 3 2 8 4 7
123 0 0 0 0 0 0 0 1 0
3 0 2 0 0 1 0 0 3 0
1 0 2 0 3 0 0 1 0 0
1 4 0 0 1 5 3 2 0 0
5 1 0 0 4 0 2 3 0 0
1 4 6 5 0 0 1 0 2 3
1 0 0 0 0 1 3 2 0 0
1 4 1 0 0 0 3 0 2 5
2 0 3 0 0 0 2 1 0 0
2 4 0 5 2 0 3 1 0 0
1 2 1 5 6 9 3 7 4 8
3 0 0 3 0 1 0 0 0 2
7 3 0 0 0 1 2 0 0 0
1 4 7 3 1 9 5 2 8 6
1 3 5 2 8 6 4 7 1 9
1 0 2 0 0 1 4 3 0 0
1 3 4 5 2 9 6 1 7 8
1 1 3 4 6 7 2 8 9 5
7 2 4 0 0 0 1 0 3 0
1 2 3 0 0 0 0 1 0 0
4 0 2 1 3 0 0 0 0 0
2 3 4 0 0 5 1 0 2 0
1 0 1 0 2 0 4 3 5 6
1 2 6 5 1 4 3 7 0 0
12 2 0 0 0 0 1 0 3 0
1 0 0 1 4 0 0 2 0 3
1 0 0 2 0 1 0 3 0 0
1 5 4 0 0 1 3 0 2 0
1 0 0 3 0 1 0 0 4 2
1 4 7 3 1 9 6 2 8 5
1 1 2 3 4 5 0 0 0 0
1 5 0 4 1 0 6 2 0 3
4 0 0 0 1 0 2 3 0 0
18 0 3 0 0 0 2 0 1 0
3 0 1 0 0 2 3 0 0 0
1 1 5 0 0 3 2 0 0 4
1 3 2 0 0 0 0 1 0 0
1 1 0 4 0 0 2 3 0 0
3 0 0 0 0 1 0 0 2 3
1 2 6 1 4 7 3 5 0 8
1 6 1 3 4 2 5 8 9 7
1 0 4 3 0 2 0 0 1 0
1 0 0 4 0 1 3 2 0 0
3 2 0 0 3 0 1 0 0 0
1 1 5 0 4 0 2 3 0 0
1 1 7 6 4 0 3 2 0 5
2 0 4 0 3 1 0 2 0 0
1 5 4 3 2 6 0 1 8 7
3 0 0 2 0 1 3 0 0 0
1 1 9 6 2 5 4 3 7 8
1 0 3 0 1 0 2 0 0 0
1 0 0 0 0 1 0 3 2 0
1 0 5 4 6 1 0 3 0 2
1 4 6 5 2 8 3 1 0 7
1 0 0 1 2 0 0 0 0 3
1 0 0 1 3 2 0 0 0 0
1 6 7 8 9 1 2 3 4 5
1 2 0 0 0 0 0 0 1 3
1 2 5 6 1 8 4 3 7 9
3 2 3 6 7 9 1 8 4 5
1 0 0 1 4 2 0 0 0 3
1 9 2 3 7 1 8 6 4 5
3 0 0 1 3 0 0 2 0 4
1 3 4 6 0 0 2 0 1 5
1 7 6 3 1 8 5 2 9 4
1 4 5 2 1 0 0 3 0 0
1 2 9 8 7 3 4 5 1 6
1 3 0 4 0 2 0 1 0 0
1 0 0 5 2 1 0 3 0 4
1 0 2 3 0 4 0 0 1 0
1 3 4 0 0 0 1 0 2 0
1 0 0 0 3 0 0 2 1 0
1 4 0 5 1 0 3 2 0 0
4 1 0 2 3 0 0 0 0 0
1 1 2 9 8 5 3 7 4 6
4 0 0 0 0 1 2 0 0 3
1 2 3 0 0 4 0 0 1 0
1 2 9 8 1 7 6 3 4 5
1 8 6 3 2 4 7 1 9 5
1 7 8 1 3 4 6 2 9 5
2 0 0 0 0 1 0 2 3 0
1 2 7 6 4 8 1 3 9 5
1 1 3 4 7 9 2 8 6 5
1 1 3 4 5 2 0 0 0 0
1 1 3 7 8 5 2 9 4 6
2 0 0 0 0 3 1 0 2 0
1 1 4 0 0 0 2 3 5 0
5 0 1 3 0 0 0 0 2 0
1 9 8 7 1 3 6 2 5 4
1 2 4 0 0 3 1 0 0 0
1 2 1 0 0 0 3 0 4 5
2 0 1 0 0 2 0 0 0 3
1 0 2 3 0 1 0 4 0 0
1 1 0 3 0 2 0 0 0 0
1 4 7 5 1 8 6 2 3 9
1 0 1 4 0 3 2 0 0 0
2 0 0 1 2 0 0 0 0 0
12 0 2 0 0 1 0 0 0 0
1 4 2 3 5 1 7 6 9 8
1 1 3 5 7 6 2 8 9 4
1 4 0 0 0 1 2 0 3 0
2 3 1 0 0 0 0 0 2 0
1 0 4 6 1 3 0 2 0 5
1 1 0 3 2 0 0 4 0 0
1 3 2 7 8 6 4 9 1 5
5 0 0 0 0 1 3 0 2 0
1 3 2 5 4 1 6 7 9 8
2 0 4 2 1 0 0 3 0 0
1 2 0 4 0 3 1 0 0 0
1 3 7 8 1 9 4 2 6 5
1 8 5 3 2 6 7 1 9 4
1 0 0 4 3 1 0 5 0 2
1 1 0 0 3 4 2 0 0 0
1 1 5 0 0 0 2 0 3 4
1 2 1 0 3 0 4 0 0 0
1 1 0 3 6 4 2 7 8 5
1 3 2 4 9 6 1 8 7 5
4 1 4 3 0 0 2 0 0 0
1 1 5 4 0 0 2 0 3 6
9 0 2 0 0 3 0 0 1 0
3 1 3 0 0 4 2 0 0 0
1 1 3 0 0 2 4 0 0 0
1 8 6 3 1 7 5 2 9 4
1 0 3 0 2 1 0 4 0 0
1 9 5 2 1 8 4 7 6 3
20 1 0 0 0 3 2 0 0 0
1 3 1 0 0 5 4 0 2 0
1 1 7 5 2 8 4 3 0 6
1 0 0 3 1 5 0 2 0 4
1 2 6 3 7 9 1 4 8 5
2 0 0 4 1 3 0 2 0 5
1 1 7 8 4 5 2 3 9 6
2 1 0 0 0 3 2 0 4 0
1 6 8 7 3 4 5 2 9 1
6 0 0 0 2 0 1 3 0 0
1 1 2 3 7 6 4 8 9 5
1 7 6 5 4 3 8 1 9 2
1 1 8 5 2 7 4 3 9 6
1 6 1 2 5 8 7 4 9 3
1 6 7 4 3 0 5 2 0 1
2 0 0 3 0 2 0 0 1 0
1 2 1 3 0 0 4 0 0 0
101 1 0 0 0 0 0 0 0 0
16 0 0 0 2 0 3 1 0 0
10 0 0 0 2 1 0 3 0 0
2 3 0 0 0 0 0 2 1 0
4 0 2 1 0 0 0 0 0 0
1 6 5 4 2 8 7 1 3 9
1 1 4 2 0 0 3 0 0 0
1 8 5 3 1 4 7 2 0 6
1 6 7 3 2 8 5 1 0 4
1 4 8 5 1 9 2 3 7 6
1 0 0 5 3 2 0 1 0 4
4 3 1 0 0 0 2 0 0 0
1 5 3 6 8 1 4 7 2 9
1 4 6 3 2 7 5 1 8 9
1 0 0 4 0 2 1 0 0 3
3 1 0 0 0 0 0 0 2 3
1 1 0 0 0 3 4 0 0 2
1 1 0 2 0 0 4 0 0 3
1 9 3 4 1 6 7 2 5 8
2 0 0 2 3 0 0 0 0 1
1 4 5 0 0 3 1 0 2 0
1 7 3 4 1 2 8 6 9 5
1 5 4 3 2 0 6 1 0 0
1 0 0 3 0 0 1 2 0 0
1 4 3 5 9 6 2 8 1 7
2 4 0 0 0 3 1 0 2 0
2 0 0 3 2 1 0 4 0 0
1 5 2 4 8 9 6 7 3 1
1 0 3 0 0 1 0 4 2 0
14 0 3 0 0 2 0 0 1 0
5 4 0 3 1 0 5 2 0 0
1 0 0 1 0 3 4 2 0 5
1 3 0 0 0 1 4 0 2 0
30 2 0 0 0 0 3 0 1 0
1 2 9 6 1 5 3 4 8 7
1 0 3 5 6 1 4 2 0 0
1 5 6 3 2 0 4 1 0 0
1 1 0 4 0 2 3 0 0 0
1 8 1 9 3 4 2 6 7 5
1 1 4 3 5 9 2 6 8 7
1 5 8 2 3 7 6 1 9 4
113 0 0 3 1 0 0 2 0 0
2 1 3 0 0 0 2 0 4 5
1 0 3 4 1 0 0 2 0 0
1 6 7 3 2 8 5 1 9 4
5 0 3 2 1 0 0 0 0 0
4 0 3 2 0 1 0 0 0 0
1 1 3 4 5 0 2 6 7 8
2 3 6 5 1 7 4 2 9 8
1 7 5 3 1 4 8 2 9 6
1 3 6 1 2 0 4 5 0 0
1 3 0 0 0 1 4 2 0 0
1 1 0 0 3 2 0 4 0 0
1 5 1 7 2 9 6 3 4 8
1 6 7 2 1 5 8 3 9 4
1 4 5 2 1 7 6 8 9 3
2 0 0 5 2 4 0 1 0 3
1 4 0 0 2 3 0 1 0 0
1 1 6 2 3 9 4 5 8 7
1 0 0 4 3 0 1 2 0 0
29 1 0 0 0 0 2 0 3 0
1 0 2 0 1 0 0 0 0 3
8 0 0 0 3 2 0 1 0 0
1 5 0 1 3 0 4 2 0 0
1 1 7 5 3 9 2 4 6 8
13 0 0 0 2 0 0 1 0 3
1 0 6 4 3 2 0 1 5 0
2 0 0 3 1 2 0 0 0 0
12 0 0 2 3 0 0 1 0 0
1 0 3 0 0 2 4 0 1 0
1 4 3 0 0 0 2 0 1 0
1 5 8 1 3 7 4 2 9 6
2 0 2 0 0 0 0 1 3 0
5 0 0 2 0 1 0 0 0 3
1 1 3 4 9 6 2 8 7 5
2 0 5 3 2 0 0 1 0 4
1 7 8 3 1 5 6 2 9 4
1 2 0 0 0 1 0 3 4 0
1 0 5 3 2 4 0 1 0 0
1 1 5 8 3 7 2 4 6 9
1 3 7 2 1 5 6 4 9 8
1 8 6 4 3 1 7 2 9 5
6 0 4 3 1 0 0 2 0 0
1 2 3 4 5 7 1 6 8 9
1 3 6 5 2 8 4 1 9 7
2 0 0 3 0 2 0 1 0 0
2 0 0 0 2 1 0 0 0 0
1 1 8 7 2 3 6 4 5 9
1 0 0 1 3 0 0 0 2 0
1 7 3 2 6 4 8 1 9 5
1 6 0 3 2 5 0 1 0 4
1 3 5 2 1 4 0 0 0 0
1 7 5 6 3 2 1 4 9 8
2 4 0 0 0 2 3 0 1 0
1 3 0 1 0 0 2 0 0 4
1 1 0 0 0 2 0 0 3 0
1 3 5 6 0 1 2 4 0 0
1 1 0 0 3 4 0 2 0 0
4 0 1 0 0 0 2 0 0 0
2 0 0 1 0 3 0 2 0 0
3 0 0 2 1 0 0 4 0 3
1 2 7 6 3 8 1 4 9 5
1 4 7 3 1 8 5 2 9 6
1 0 0 1 0 2 3 0 0 0
2 2 0 1 3 0 4 0 0 0
2 1 0 3 0 0 0 0 0 2
1 0 0 0 3 0 0 2 0 1
10 3 0 0 1 0 4 2 0 0
1 0 1 0 0 0 0 2 3 0
1 4 8 7 5 3 2 1 9 6
1 2 0 0 0 3 0 0 1 4
5 3 0 2 0 0 0 1 0 0
2 2 0 0 0 0 0 0 0 1
1 0 5 2 1 0 0 3 0 4
1 4 3 0 0 2 0 0 1 0
1 8 6 3 1 5 7 2 9 4
1 1 3 5 0 0 2 0 4 0
1 2 5 7 8 4 3 9 1 6
3 0 0 0 0 1 3 0 0 2
1 2 7 1 4 6 3 5 9 8
1 0 2 0 4 0 0 1 3 0
1 0 4 0 0 3 0 2 0 1
1 4 9 6 1 3 5 2 8 7
1 0 0 0 0 3 0 0 2 1
3 4 0 3 2 0 0 1 0 0
1 0 0 1 0 0 2 3 0 0
1 7 5 3 1 9 6 2 8 4
1 6 7 1 2 4 5 3 0 8
1 1 6 0 0 3 2 0 4 5
1 9 8 7 2 6 3 1 4 5
1 5 3 4 8 6 2 1 9 7
1 0 2 0 0 0 0 4 1 3
3 0 0 0 1 2 0 0 0 0
1 8 4 3 2 7 6 1 9 5
4 1 0 0 0 2 0 0 0 0
2 2 3 4 0 0 1 0 0 0
2 0 1 3 0 0 0 2 0 0
1 6 5 2 0 0 3 4 0 1
1 5 6 3 1 9 4 2 8 7
29 0 0 0 1 3 0 2 0 0
1 1 0 4 0 0 2 0 0 3
1 2 4 5 3 7 1 6 9 8
1 1 5 0 0 6 2 0 3 4
1 7 6 5 2 4 8 1 0 3
1 0 1 0 4 3 0 2 0 0
1 5 2 0 0 4 3 0 1 6
1 4 2 6 7 3 5 8 1 9
1 3 6 5 1 0 4 2 0 0
2 0 1 0 0 0 0 0 2 3
1 6 7 2 3 0 5 1 0 4
1 0 4 1 0 2 0 3 0 0
1 0 0 0 1 0 0 3 0 2
1 5 3 4 2 0 6 1 0 0
2 2 0 0 0 0 3 1 0 0
1 3 0 0 1 5 4 2 0 0
1 2 3 6 1 7 4 5 0 0
1 0 1 0 3 0 0 0 2 0
2 0 0 3 0 1 0 4 0 2
1 2 1 6 5 0 4 3 0 0
1 4 0 0 2 0 1 3 0 0
2 9 5 3 2 7 8 1 6 4
51 1 3 0 0 0 2 0 0 0
2 4 7 6 1 8 5 2 9 3
1 4 2 1 0 0 0 3 0 0
1 0 0 3 4 2 1 0 0 0
1 0 0 0 0 0 1 2 3 0
1 0 0 1 0 0 0 0 2 0
1 2 0 5 4 0 6 3 0 1
26 0 1 0 0 0 0 0 0 0
1 0 3 0 0 0 0 1 0 2
2 2 0 0 3 0 4 1 0 0
1 1 6 7 5 4 3 2 8 9
2 3 0 1 0 2 0 0 0 0
1 2 3 0 0 4 5 0 1 0
2 1 0 2 0 0 0 3 0 0
1 0 5 1 2 0 4 3 0 0
4 0 0 2 1 3 0 0 0 0
2 5 6 3 1 7 4 2 9 8
1 0 2 3 4 1 0 5 0 0
1 3 0 0 2 4 5 1 0 0
89 0 0 0 0 1 0 0 0 0
1 3 2 0 0 4 0 0 1 0
1 5 4 3 2 0 6 1 8 7
1 1 7 6 2 5 3 4 9 8
1 7 4 3 1 0 6 2 0 5
4 2 1 0 0 0 3 0 0 0
1 0 0 1 0 2 0 0 0 3
1 2 3 0 4 0 1 0 0 0
1 0 3 0 2 0 4 1 0 0
1 4 2 6 9 3 5 8 1 7
2 0 0 3 0 1 0 2 0 0
1 0 4 3 2 0 1 5 0 0
5 0 2 3 0 0 0 0 1 0
1 2 0 0 1 0 0 0 3 0
1 7 2 3 4 6 5 8 1 9
1 2 0 0 0 3 1 4 0 5
1 6 5 3 2 4 7 1 9 8
1 0 0 2 1 3 0 4 0 0
1 5 7 3 2 6 4 1 9 8
1 2 6 7 3 8 1 4 5 9
1 1 0 0 5 0 2 4 0 3
1 7 4 3 1 8 6 2 9 5
1 8 7 3 2 4 5 1 6 9
1 0 3 6 1 4 5 2 0 7
1 0 5 1 4 3 0 2 0 0
1 2 7 6 1 8 4 3 9 5
2 0 1 0 0 3 0 0 2 0
1 4 7 3 2 9 5 1 8 6
1 1 5 4 2 9 3 6 8 7
1 1 6 7 3 0 2 4 0 5
1 2 4 3 1 0 6 5 8 7
2 5 4 3 1 0 6 2 0 0
1 4 1 5 0 0 2 0 3 0
1 5 7 3 2 8 6 1 9 4
3 3 0 0 0 0 1 2 0 0
10 2 0 0 0 3 1 0 0 0
1 5 7 6 2 8 4 1 0 3
2 2 0 3 0 0 0 0 1 0
1 4 5 1 2 0 0 3 0 0
1 4 0 0 1 3 0 2 0 0
1 0 2 3 0 1 0 0 0 4
1 0 0 2 1 4 3 5 0 0
2 0 2 3 0 0 0 1 0 0
1 0 1 0 0 0 3 2 0 0
3 1 0 3 0 0 0 2 0 0
173 0 0 0 1 0 0 2 0 0
1 2 3 0 0 4 1 0 5 6
3 1 0 0 4 0 3 2 0 0
1 1 7 5 3 6 2 4 8 9
1 5 4 6 3 1 7 2 9 8
1 5 4 3 2 7 6 1 9 8
2 0 0 3 0 2 1 0 0 4
18 1 2 0 0 0 3 0 0 0
13 2 0 0 0 0 0 0 1 0
16 2 3 0 0 0 0 0 1 0
1 0 0 5 2 3 0 1 0 4
1 7 4 3 1 5 8 2 0 6
1 0 0 0 2 0 4 1 0 3
1 2 7 5 1 6 4 3 9 8
1 7 6 3 1 5 8 2 9 4
3 0 1 2 0 3 0 0 0 0
22 1 0 0 0 0 2 0 0 3
9 0 0 0 1 2 0 3 0 0
5 0 0 4 1 0 0 2 0 3
2 0 0 1 0 0 0 2 0 3
1 6 7 3 2 4 9 1 8 5
1 1 5 4 6 3 2 7 8 9
1 5 8 2 3 7 4 1 9 6
1 0 0 0 4 0 3 2 1 0
1 5 6 2 1 7 4 3 9 8
1 6 4 3 2 8 5 1 9 7
9 2 0 0 1 0 0 3 0 0
4 4 0 3 2 0 5 1 0 0
1 0 0 2 4 1 0 3 0 5
1 3 0 0 0 0 1 0 0 2
1 4 3 0 0 5 2 0 1 0
1 0 0 2 1 0 5 3 0 4
1 4 6 3 1 7 8 2 9 5
1 7 4 3 2 5 6 1 8 9
32 2 3 0 0 0 1 0 0 0
1 4 2 0 5 0 3 1 0 0
2 2 0 0 1 3 0 0 0 0
1 0 2 3 0 4 0 0 1 5
4 2 0 1 0 0 3 0 0 0
1 1 2 0 0 0 0 3 0 0
5 1 0 0 3 0 2 4 0 0
1 0 0 0 1 0 0 0 0 2
2 0 0 1 0 3 0 0 0 2
2 0 2 1 0 0 3 0 0 0
3 7 3 4 8 9 2 1 5 6
1 2 5 7 8 6 3 9 1 4
1 1 5 0 0 4 2 0 3 0
1 2 3 4 1 7 6 5 8 9
1 1 2 0 0 0 3 0 4 0
1 2 6 1 5 9 3 4 7 8
1 6 7 4 1 0 5 2 0 3
1 0 0 0 2 0 0 0 1 0
1 7 6 4 3 5 8 1 9 2
10 1 2 0 0 0 0 0 0 0
9 0 0 0 3 1 0 2 0 0
1 3 9 8 1 7 6 2 5 4
1 4 6 3 1 7 5 2 9 8
1 0 0 2 1 0 3 0 0 0
1 5 7 1 6 8 4 2 9 3
1 6 5 0 0 1 4 0 3 2
1 4 6 1 3 9 5 2 8 7
1 7 2 3 4 1 6 5 9 8
1 3 0 0 0 1 4 0 0 2
1 0 3 0 0 1 0 0 4 2
1 0 2 0 1 0 0 0 0 0
1 5 8 6 2 3 4 1 9 7
14 0 0 0 0 0 2 0 1 0
20 0 0 0 0 0 0 1 0 0
1 7 6 8 1 2 9 3 5 4
4 2 3 0 0 0 4 0 1 0
1 0 0 1 3 2 0 4 0 0
1 0 4 3 2 5 0 1 0 0
1 9 6 5 4 1 2 3 8 7
1 5 6 3 2 8 7 1 9 4
1 0 3 2 0 0 0 0 0 1
1 2 5 6 7 0 4 3 1 0
1 6 7 4 2 3 8 1 9 5
2 0 3 0 2 1 0 0 0 0
1 3 2 4 0 0 1 0 0 0
1 2 0 0 0 1 0 0 3 0
1 1 3 6 5 4 2 7 9 8
3 1 3 0 0 0 2 0 0 4
25 0 0 1 2 0 0 3 0 0
1 3 0 5 1 0 4 2 0 0
4 0 0 0 0 0 2 1 0 0
1 7 8 2 4 6 5 3 9 1
1 0 0 0 0 0 1 3 0 2
1 7 4 3 2 5 0 1 8 6
1 3 1 2 9 4 5 8 6 7
1 0 2 0 0 1 0 0 0 3
1 5 6 4 1 8 7 2 9 3
1 0 4 2 3 1 0 0 0 0
1 0 0 2 3 1 0 4 0 0
2 5 7 3 1 8 6 2 9 4
1 3 5 4 1 0 7 2 0 6
2 2 3 0 1 0 0 0 0 0
1 7 5 4 1 3 6 2 9 8
131 0 0 3 2 0 0 1 0 0
1 0 0 3 2 0 1 0 0 0
1 3 4 5 7 2 6 1 8 9
1 0 2 5 0 4 1 0 3 0
1 5 8 6 1 3 4 2 9 7
1 0 1 0 0 4 0 3 2 0
3 1 3 0 0 0 0 2 0 0
1 3 0 0 2 4 0 1 0 0
1 7 6 3 1 4 8 2 9 5
1 3 6 5 1 7 4 2 8 9
1 4 0 0 0 3 1 0 0 2
1 4 2 0 0 0 3 0 1 0
1 2 5 0 0 4 1 0 3 0
2 0 0 2 1 0 0 0 0 3
1 2 0 0 4 0 3 1 0 0
1 9 8 7 6 1 4 5 3 2
1 0 1 0 2 0 3 0 0 0
3 1 0 0 0 2 0 3 0 0
1 0 0 2 0 0 0 1 0 3
1 1 9 8 7 2 3 4 5 6
1 0 2 0 3 0 0 0 0 1
1 6 5 1 2 0 4 3 0 0
1 3 5 1 0 0 4 0 2 0
1 1 4 7 8 6 2 3 5 9
1 0 0 2 1 4 3 0 0 0
1 1 0 0 2 0 0 0 3 0
1 0 0 3 0 2 4 0 0 1
1 3 4 2 1 0 6 5 0 0
1 3 5 4 6 8 2 7 1 9
7 0 3 0 2 0 0 1 0 0
1 3 0 4 2 0 0 1 0 0
3 0 0 0 0 2 1 0 3 0
1 1 2 7 9 6 3 8 4 5
1 2 7 6 1 8 5 3 4 9
1 0 0 0 0 2 0 3 0 1
1 0 0 1 0 0 3 0 2 0
1 9 2 4 8 3 6 1 5 7
1 7 4 5 1 3 6 2 9 8
1 9 5 4 1 3 8 2 6 7
1 0 0 0 1 2 0 0 0 3
10 1 0 0 2 0 0 0 0 0
22 3 0 0 0 0 2 0 1 0
1 6 4 3 1 5 7 2 9 8
3 1 0 0 2 0 3 4 0 0
1 2 3 9 5 8 1 6 4 7
13 0 0 0 0 1 0 0 0 2
1 0 0 3 0 0 1 0 2 0
1 4 7 5 2 6 3 1 9 8
1 1 2 0 0 0 3 0 0 4
1 3 4 2 7 6 1 8 9 5
1 0 0 1 0 0 0 3 0 2
1 3 4 6 0 5 1 0 2 0
1 1 0 3 0 0 0 0 2 0
1 4 5 7 2 6 3 1 9 8
1 0 2 0 3 1 0 0 0 0
3 2 4 7 8 5 1 9 3 6
1 5 4 3 1 7 6 2 0 0
5 0 0 4 3 1 0 2 0 0
2 0 0 2 3 0 0 1 0 4
1 1 0 0 3 0 2 0 0 4
1 0 1 3 0 4 0 0 2 0
1 5 4 3 1 8 6 2 0 7
1 0 2 0 0 0 1 3 0 0
1 1 0 2 6 0 3 5 0 4
1 8 6 4 2 3 7 1 9 5
1 0 3 0 0 0 0 2 1 0
1 5 6 3 2 7 4 1 8 9
1 7 8 1 4 5 6 3 0 2
1 9 4 3 8 1 7 6 2 5
1 9 8 7 1 6 5 2 3 4
1 2 0 5 0 0 3 0 1 4
1 3 4 5 1 2 7 6 9 8
4 2 0 0 0 3 0 1 0 0
1 6 7 4 2 8 5 1 9 3
1 0 0 2 0 0 3 1 0 0
1 1 7 2 5 6 3 4 9 8
49 0 0 0 1 0 0 0 0 0
1 0 4 1 3 0 0 2 0 0
1 0 4 0 0 0 1 0 3 2
1 0 1 0 0 0 0 0 0 2
1 0 0 0 0 0 0 1 2 0
1 0 5 2 4 1 0 3 0 0
5 0 0 0 0 0 1 2 0 0
1 1 2 9 3 8 4 5 6 7
2 1 2 0 0 0 0 0 3 0
1 9 3 8 6 1 5 4 2 7
1 4 5 2 6 0 3 7 0 1
1 0 0 0 0 0 2 0 0 1
2 0 2 0 0 0 1 0 0 3
5 0 0 0 1 3 0 2 0 4
1 8 6 3 2 7 5 1 9 4
1 7 5 3 2 8 6 1 9 4
1 0 0 2 0 3 1 0 0 0
3 0 0 0 0 0 0 1 0 2
1 2 3 0 0 0 1 4 0 0
1 0 0 0 0 3 0 0 1 2
4 0 0 2 1 0 0 3 0 4
3 2 3 0 0 0 1 0 4 0
1 0 0 4 5 1 0 2 0 3
1 1 0 5 0 2 4 0 3 0
1 2 3 6 7 9 4 8 1 5
6 0 1 2 0 0 0 0 0 0
2 1 0 0 3 0 0 2 0 4
1 3 2 1 0 4 0 0 0 0
1 0 0 4 2 5 0 1 0 3
1 6 4 3 8 1 7 2 9 5
1 3 0 4 0 0 2 1 0 0
3 3 2 0 0 0 4 0 1 0
1 5 6 3 2 8 4 1 9 7
1 8 5 4 1 3 7 6 9 2
1 0 3 2 1 0 0 4 0 0
1 9 5 8 2 6 4 1 7 3
7 2 4 0 0 0 3 0 1 0
1 1 3 4 0 0 2 0 5 0
1 5 7 4 2 3 6 1 9 8
7 1 0 0 0 0 0 2 0 0
1 0 5 0 3 0 4 2 1 0
1 1 0 2 3 0 4 5 0 0
2 3 4 0 1 0 0 2 0 0
1 2 6 3 1 9 5 4 8 7
1 2 0 5 3 0 1 4 0 6
1 0 4 3 2 7 1 6 8 5
1 6 5 3 1 4 7 2 9 8
1 7 4 3 1 5 6 2 8 9
4 0 1 0 0 0 2 0 3 0
1 4 0 0 0 1 3 0 2 0
7 2 0 0 1 0 0 0 0 0
1 2 1 7 9 6 3 8 4 5
2 0 1 0 0 2 0 0 0 0
1 5 7 4 2 3 6 1 0 0
1 1 0 0 2 0 4 3 0 0
2 3 0 1 0 0 0 2 0 0
5 1 0 2 0 0 3 0 0 0
1 2 4 5 6 8 1 7 3 9
3 0 0 1 2 0 0 3 0 4
1 3 5 6 0 2 1 4 0 0
1 4 6 5 1 9 3 2 7 8
39 3 0 0 1 0 0 2 0 0
1 4 5 6 3 1 2 7 8 9
1 0 3 2 0 0 0 1 0 0
1 2 6 8 3 5 1 4 9 7
3 0 0 3 2 1 0 0 0 0
1 2 0 1 0 0 0 0 0 3
1 4 5 3 1 7 6 2 8 9
2 0 1 3 2 0 0 0 0 0
3 0 3 4 2 0 0 1 0 0
1 8 7 6 1 5 4 2 9 3
1 3 5 6 2 9 4 1 7 8
3 3 2 0 0 1 0 0 0 0
2 0 3 0 0 0 0 0 1 2
1 0 0 1 3 0 0 4 0 2
1 7 8 3 1 4 6 2 9 5
1 9 4 2 1 5 6 3 7 8
1 9 2 4 8 7 1 6 3 5
1 1 5 6 4 7 2 3 8 9
1 4 0 3 1 0 0 2 0 0
2 2 0 0 3 0 1 4 0 0
2 0 2 0 3 0 1 0 0 0
2 2 0 3 0 0 0 1 0 0
1 1 0 5 0 3 2 0 0 4
1 3 6 4 2 8 5 1 9 7
1 7 5 3 1 0 6 2 0 4
1 3 0 4 5 2 0 0 0 1
1 5 0 1 4 0 0 2 3 0
1 1 2 5 8 6 7 9 3 4
11 0 0 2 0 1 0 0 0 0
1 3 0 0 1 0 0 0 2 0
1 3 0 1 2 0 4 5 0 0
1 6 5 3 2 8 7 1 0 4
1 0 2 0 3 0 0 0 1 0
1 2 0 0 0 1 3 4 0 0
1 0 0 0 1 2 0 4 3 0
1 0 4 3 1 5 7 2 0 6
1 8 6 3 1 5 7 4 9 2
1 4 2 1 9 3 5 8 6 7
3 0 3 1 0 0 0 2 0 0
3 0 0 3 0 1 2 0 0 0
1 0 1 3 4 2 5 0 0 0
1 1 6 9 8 5 2 7 3 4
2 0 0 2 0 0 0 3 1 0
4 0 0 2 0 0 1 0 0 0
1 0 3 0 0 4 2 0 1 5
6 0 0 2 0 0 0 1 0 0
2 0 3 0 0 1 4 0 2 5
1 0 4 3 1 0 5 2 0 0
2 0 0 0 0 0 0 0 0 1
1 6 8 3 2 5 7 1 9 4
1 3 1 0 0 0 2 0 4 0
1 3 6 2 4 8 5 1 7 9
6 1 3 0 0 0 0 0 2 0
1 8 0 3 1 6 5 2 7 4
1 8 5 3 1 6 7 2 9 4
2 1 5 9 7 8 2 6 3 4
1 3 4 7 1 9 5 6 8 2
2 0 0 0 3 0 0 1 0 2
1 1 4 3 0 5 2 0 0 0
3 2 0 0 1 0 4 3 0 0
10 3 0 2 1 0 0 0 0 0
1 3 2 4 5 0 6 1 0 0
1 2 1 0 0 3 0 0 0 0
1 0 1 3 4 2 0 0 0 0
1 7 4 1 3 9 6 2 5 8
1 2 4 6 8 5 1 9 3 7
3 0 0 4 1 3 0 2 0 0
1 1 0 0 0 3 0 2 0 0
4 0 0 1 0 2 0 0 0 0
1 0 0 0 2 0 3 4 1 0
3 0 3 0 0 4 1 0 2 0
1 3 6 7 2 8 9 1 4 5
1 1 7 8 2 3 4 5 9 6
1 4 1 5 8 6 7 9 3 2
1 1 0 2 3 0 0 4 0 0
1 6 7 1 3 8 5 2 9 4
1 3 1 2 0 0 0 0 0 0
1 4 0 2 1 0 3 5 0 0
1 3 7 1 2 4 5 6 9 8
1 0 0 0 0 1 0 0 3 2
1 0 0 4 3 2 5 1 0 0
1 2 4 7 8 3 1 9 5 6
1 0 4 0 0 3 2 5 1 6
1 5 4 3 1 9 6 2 7 8
8 0 0 0 0 3 2 0 1 0
2 0 0 0 0 1 2 0 3 0
1 7 2 3 4 5 6 1 8 9
1 6 0 3 1 5 0 2 0 4
1 5 0 2 1 0 4 3 0 0
1 1 6 0 5 0 2 3 4 0
1 0 0 4 1 2 0 0 0 3
7 1 4 0 0 0 2 0 3 0
1 3 5 6 2 9 4 1 8 7
1 4 2 1 5 3 0 0 0 0
1 0 1 2 0 0 0 3 0 0
2 0 0 0 1 0 2 0 0 3
3 0 0 2 0 0 0 0 1 0
7 2 1 0 0 0 0 0 3 0
1 2 4 0 6 3 1 5 0 0
1 1 4 0 0 0 3 0 2 0
2 2 0 1 3 0 0 0 0 0
1 1 3 4 5 7 2 6 9 8
1 2 3 0 0 4 1 0 5 0
1 3 0 0 0 0 4 0 1 2
4 3 0 0 0 2 1 0 0 0
1 2 3 4 9 5 1 8 7 6
1 0 0 1 0 0 2 0 0 0
1 0 0 5 4 1 0 2 0 3
1 8 6 7 1 9 5 2 3 4
1 2 0 0 0 0 0 1 0 0
7 1 2 3 0 0 0 0 0 0
1 5 4 2 1 7 6 3 0 0
2 8 7 3 2 5 6 1 9 4
1 0 2 0 0 3 0 1 0 0
1 4 0 0 0 3 0 0 1 2
1 3 2 4 5 0 0 0 1 0
3 3 0 0 1 2 0 0 0 0
1 3 4 5 2 0 0 1 0 0
1 2 4 6 3 0 5 1 0 0
133 0 0 0 2 0 0 1 0 0
1 2 8 6 7 1 5 4 9 3
1 0 0 3 4 0 1 2 0 0
1 1 2 8 9 5 3 7 4 6
2 0 0 1 3 4 0 2 0 0
1 5 6 8 7 9 2 3 1 4
18 1 0 0 0 0 2 3 0 0
13 0 0 0 0 1 2 0 0 0
1 3 0 1 2 0 0 0 0 0
1 1 4 0 0 5 6 0 2 3
1 1 0 0 0 0 0 2 0 3
1 1 2 5 0 4 3 0 0 0
2 9 4 3 2 6 8 1 7 5
1 0 0 0 3 1 4 2 0 0
1 5 7 1 2 8 6 3 9 4
1 0 0 3 1 4 0 2 0 5
6 1 3 0 0 0 2 0 4 0
1 5 2 3 8 4 1 7 6 9
3 2 3 0 0 1 0 0 0 0
8 0 3 0 0 0 1 0 2 0
1 4 6 5 3 8 1 2 9 7
3 0 0 5 1 3 0 2 0 4
1 0 5 3 1 2 0 4 0 0
1 4 8 3 2 7 5 1 9 6
1 0 0 0 0 1 0 3 0 2
1 1 5 4 6 9 2 7 8 3
1 3 0 4 2 5 6 1 0 0
1 2 1 0 0 4 5 0 3 0
1 0 4 0 1 0 2 3 0 0
1 1 6 5 4 0 2 3 0 0
1 1 4 5 3 9 2 6 8 7
1 2 1 0 0 0 4 0 3 0
1 6 4 3 1 8 5 2 9 7
1 0 5 4 1 3 0 2 0 6
1 1 0 0 2 3 4 5 0 0
1 5 4 3 0 1 6 0 2 7
4 3 2 0 0 0 0 0 1 0
1 5 3 7 2 4 6 1 9 8
1 3 0 1 6 0 2 5 0 4
2 3 2 0 0 0 1 0 4 0
1 9 3 2 6 1 8 7 5 4
1 7 6 4 1 3 8 2 9 5
2 6 7 3 1 8 5 2 9 4
1 3 0 1 4 7 5 6 0 2
3 3 0 2 0 0 1 0 0 0
2 2 4 0 0 0 1 0 0 3
3 0 2 0 0 0 1 0 3 0
1 6 4 3 1 0 5 2 0 0
1 0 3 0 2 4 0 1 0 0
1 1 4 3 5 0 2 0 0 0
1 4 5 0 0 2 3 0 1 0
1 5 7 3 2 8 4 1 9 6
1 0 0 2 4 0 0 3 0 1
2 3 0 1 0 0 2 0 0 0
1 7 5 3 2 6 8 1 9 4
1 5 8 2 3 6 7 1 9 4
1 1 4 5 8 7 2 9 3 6
1 2 6 7 5 3 1 4 9 8
1 0 4 3 2 0 0 1 0 5
1 0 0 3 4 1 0 2 0 0
1 0 0 4 2 1 0 3 0 5
5 2 0 0 3 0 0 1 0 0
1 3 5 1 7 6 2 8 9 4
21 1 0 3 0 0 2 0 0 0
3 1 0 0 0 0 2 0 3 4
1 3 1 0 2 0 4 5 0 0
1 0 5 3 1 6 4 2 0 0
1 5 4 2 1 0 6 3 0 0
1 3 2 1 4 0 0 0 0 0
1 2 0 0 0 4 1 0 3 0
1 2 3 5 8 9 1 7 6 4
1 0 0 0 3 0 1 0 2 0
1 7 5 3 2 9 6 1 8 4
1 0 2 0 0 0 4 1 3 0
21 0 0 0 1 0 3 2 0 0
1 2 0 0 3 4 1 0 0 0
1 5 4 3 1 0 6 2 8 7
2 0 0 0 2 0 0 3 1 0
2 0 0 0 2 0 1 0 0 0
1 6 4 3 1 9 5 2 8 7
13 0 4 3 2 0 0 1 0 0
1 0 1 5 0 4 0 0 3 2
1 4 3 6 0 0 2 0 1 5
1 5 2 4 9 6 3 8 1 7
1 0 0 1 0 2 0 3 0 0
1 0 3 0 0 1 2 0 4 0
1 1 3 4 6 0 5 2 0 0
4 0 0 3 1 0 0 0 0 2
14 2 0 0 0 1 0 0 0 0
1 5 8 2 1 4 6 3 9 7
2 0 0 2 3 1 0 5 0 4
2 1 2 0 0 4 3 0 0 0
1 2 5 0 0 0 4 3 1 0
32 0 0 0 0 0 1 0 0 0
1 6 5 3 1 4 8 2 9 7
1 0 4 2 3 0 0 1 0 0
1 0 4 0 1 3 0 2 0 0
2 0 0 0 3 1 2 0 0 0
3 1 0 0 2 0 0 0 0 3
1 0 6 5 4 1 0 3 0 2
150 1 0 0 0 0 2 0 0 0
1 0 3 2 1 0 5 4 0 0
3 6 5 3 2 8 7 1 9 4
1 2 5 7 9 4 3 8 1 6
1 4 3 6 1 9 5 2 8 7
1 4 3 5 7 2 6 8 9 1
1 0 2 0 1 0 0 3 0 0
1 4 5 1 0 0 3 2 0 6
1 5 6 2 3 7 4 1 9 8
2 0 0 0 2 1 3 0 0 0
1 4 5 3 1 0 0 2 0 0
1 4 3 2 1 0 0 0 0 0
15 0 0 1 0 0 0 0 0 0
2 1 4 0 0 5 2 0 3 0
1 1 0 0 5 3 2 4 0 0
1 0 0 0 3 0 1 2 0 0
1 5 7 4 1 6 8 2 9 3
1 9 4 3 8 1 2 7 5 6
1 6 4 3 2 7 5 1 9 8
1 9 6 3 1 4 7 2 8 5
1 1 7 6 4 0 2 3 0 5
1 0 0 0 0 0 3 4 1 2
1 2 5 0 0 0 3 4 1 0
1 8 6 4 2 3 7 1 0 5
15 0 3 0 0 1 0 0 2 0
3 1 3 4 0 0 2 0 0 0
2 7 6 4 2 3 8 1 9 5
3 0 0 2 0 0 0 3 0 1
1 2 3 1 0 0 0 0 0 0
14 1 0 0 0 2 3 0 0 0
1 0 3 2 0 0 1 0 0 0
1 1 5 8 7 4 2 9 6 3
1 3 2 0 0 0 1 0 0 0
1 0 2 1 0 0 0 3 0 0
1 0 4 3 1 2 5 0 0 6
1 2 1 5 3 4 0 0 0 0
1 2 3 8 1 5 4 6 9 7
1 1 0 2 0 0 3 0 4 0
1 0 0 0 2 1 0 3 4 0
1 0 5 0 2 1 0 4 3 0
11 2 0 3 0 0 1 0 0 0
1 6 8 1 2 7 5 4 9 3
1 0 0 0 2 0 1 0 3 0
1 8 4 2 3 1 6 7 9 5
1 0 4 0 0 2 1 0 3 0
1 1 5 6 3 8 2 4 9 7
2 0 0 3 2 0 4 1 0 0
1 6 3 4 2 7 8 1 9 5
1 6 7 2 3 1 5 4 8 9
1 4 6 1 3 8 7 2 9 5
16 0 3 0 1 0 0 2 0 0
5 0 3 0 0 1 2 0 0 0
1 0 1 0 0 0 4 0 3 2
1 4 5 6 1 9 3 2 8 7
1 0 5 2 3 1 0 4 0 0
2 0 0 0 0 2 1 3 0 0
1 0 0 1 2 4 0 3 0 0
1 1 3 4 6 8 2 5 7 9
2 0 2 3 4 0 0 1 0 0
1 0 2 0 0 0 3 0 1 4
1 1 0 0 3 5 2 4 0 0
1 2 3 0 1 0 0 0 4 0
1 5 0 2 0 0 0 1 3 4
1 1 3 2 7 8 4 5 9 6
1 0 0 0 0 2 3 0 1 4
3 0 2 3 0 1 0 0 0 0
1 0 0 0 0 0 2 1 3 0
1 0 2 3 0 1 4 0 0 0
1 5 3 4 2 8 6 1 9 7
1 0 3 0 0 2 4 5 1 0
1 0 0 4 1 0 3 2 0 0
9 2 0 3 1 0 0 0 0 0
1 3 0 0 0 2 4 0 1 0
4 0 0 0 0 0 1 0 2 0
1 9 6 3 2 5 7 1 8 4
1 4 3 7 8 6 2 9 1 5
6 0 1 0 0 0 0 0 2 0
1 2 0 0 4 0 1 3 0 0
1 5 6 3 2 0 4 1 0 7
1 2 6 7 3 0 1 4 5 8
17 0 0 0 1 0 0 2 0 3
2 7 6 3 2 4 8 1 9 5
3 0 4 0 0 1 2 0 3 0
1 6 2 1 7 8 4 9 5 3
1 8 2 4 7 5 3 6 1 9
1 1 2 4 5 3 6 9 7 8
1 4 5 7 6 1 2 8 9 3
1 0 0 2 1 0 3 4 0 0
1 9 5 4 2 1 6 3 7 8
1 5 4 0 0 2 3 0 1 0
1 5 2 6 9 7 4 8 1 3
1 6 3 7 1 8 9 2 5 4
2 3 0 0 0 2 0 0 1 0
1 2 5 0 0 1 3 4 0 0
1 3 0 0 0 2 0 1 0 0
33 0 0 0 0 1 0 0 2 0
6 0 0 1 0 0 3 2 0 0
1 4 5 3 1 9 6 2 7 8
1 8 3 5 7 1 6 9 4 2
2 3 2 0 1 0 0 0 0 0
2 6 4 3 2 0 5 1 0 0
1 0 4 0 2 0 3 1 0 0
1 2 0 0 0 1 0 0 0 3
1 3 0 2 0 0 0 0 1 0
1 0 1 0 0 0 2 3 0 0
1 0 0 0 0 0 0 2 0 1
1 3 5 6 0 7 1 0 2 4
1 0 0 0 3 1 0 2 0 4
1 1 5 3 8 7 2 9 4 6
1 0 2 3 0 0 0 0 1 4
1 7 6 3 4 5 1 2 8 9
2 1 0 0 0 3 0 0 2 0
5 0 0 4 2 0 0 1 0 3
9 3 0 0 2 0 4 1 0 0
1 1 0 0 2 3 0 0 0 0
1 1 4 0 3 0 0 0 2 0
1 1 4 7 8 2 3 9 5 6
1 0 0 2 3 4 0 1 0 0
1 6 7 3 1 4 5 2 8 9
2 2 0 1 0 0 0 0 0 0
2 2 0 0 3 0 0 0 0 1
1 1 6 5 2 0 4 3 0 7
2 0 0 2 0 0 0 0 0 1
1 2 1 0 3 0 0 0 0 0
1 0 2 0 1 3 0 0 0 0
1 7 6 5 2 8 9 1 3 4
10 1 0 0 2 0 0 3 0 0
1 5 3 0 0 4 2 0 1 0
1 2 7 5 3 0 4 1 8 6
11 0 2 0 0 0 1 0 0 0
1 4 6 5 1 0 3 2 0 0
1 2 4 0 0 1 3 0 0 0
1 3 8 1 2 6 7 5 9 4
4 1 0 3 2 0 0 0 0 0
3 1 0 0 0 0 0 0 2 0
1 1 4 5 6 7 2 9 3 8
1 0 3 0 1 2 0 4 0 0
2 3 0 0 0 1 0 0 0 2
7 3 4 0 0 0 2 0 1 0
1 0 3 2 0 1 0 0 5 4
1 1 3 4 0 5 2 0 0 0
1 2 3 4 8 9 1 7 6 5
1 3 4 7 8 5 2 9 1 6
1 3 2 0 4 0 0 1 0 0
6 0 3 0 0 1 0 0 0 2
2 3 5 0 0 1 4 0 2 0
1 3 5 7 8 1 2 9 4 6
3 3 0 0 0 4 2 0 1 0
1 0 1 0 0 0 4 3 2 0
1 3 2 4 6 1 5 7 8 9
1 7 4 3 8 1 6 9 2 5
3 1 4 0 0 6 2 0 3 5
2 1 3 0 0 0 4 0 2 0
1 3 0 0 0 0 1 0 2 0
2 3 0 0 2 0 0 0 1 0
1 8 1 6 5 4 2 7 9 3
1 1 3 4 8 2 5 9 6 7
4 1 0 0 3 0 0 2 0 0
1 1 2 0 0 6 3 0 4 5
2 0 2 0 0 0 0 0 1 3
1 9 6 5 4 1 7 3 8 2
1 0 0 4 3 0 0 2 0 1
2 2 0 0 1 0 3 0 0 0
1 4 2 5 1 7 6 3 9 8
8 0 0 3 1 4 0 2 0 0
2 0 5 4 2 0 0 1 0 3
1 2 1 6 5 9 3 7 4 8
1 3 0 1 4 0 6 2 0 5
1 0 2 0 0 0 0 1 0 0
2 7 8 3 2 5 6 1 9 4
1 3 0 2 6 5 0 1 4 0
1 3 0 0 0 0 2 0 0 1
1 1 5 3 0 4 2 0 0 0
7 0 0 0 0 2 3 0 1 0
1 0 3 0 2 0 0 0 1 0
1 0 0 3 4 1 0 2 0 5
9 1 0 0 0 0 3 0 2 0
1 1 4 0 0 0 2 3 0 0
1 5 6 3 1 8 7 2 9 4
2 1 3 0 2 0 0 0 0 0
4 1 2 0 0 3 0 0 0 0
16 0 0 3 1 0 0 2 0 4
2 4 5 3 1 7 6 2 9 8
2 2 0 0 0 3 0 0 1 0
1 3 2 1 0 0 0 0 0 0
1 8 6 3 2 5 7 1 9 4
1 0 1 0 2 3 0 0 0 0
1 3 0 0 1 2 0 4 0 0
6 0 0 0 0 1 0 2 0 0
2 1 4 7 8 5 2 9 3 6
2 0 0 1 0 0 2 0 0 3
1 7 8 4 3 5 6 2 9 1
1 0 0 4 0 2 0 3 0 1
3 0 0 0 2 1 0 0 0 3
2 2 3 0 0 0 1 0 0 4
1 3 7 2 1 6 5 4 8 9
1 3 6 7 2 1 8 4 9 5
1 0 2 0 0 1 0 3 0 0
1 1 4 0 6 2 5 3 0 7
1 0 0 0 3 0 0 1 2 0
1 1 0 0 0 0 0 3 2 0
1 2 0 0 3 0 1 0 0 4
1 3 0 0 4 0 2 0 0 1
1 1 4 7 8 6 2 9 3 5
1 5 0 0 2 0 4 1 0 3
1 0 2 4 0 1 0 0 3 0
1 0 3 0 2 0 0 1 4 0
2 0 0 3 0 0 2 1 0 0
1 0 0 2 1 4 0 3 0 0
1 0 0 1 2 0 0 4 0 3
1 0 4 0 0 2 0 0 1 3
2 0 0 0 0 2 0 1 0 0
17 0 0 1 3 0 0 2 0 0
1 7 8 2 3 5 6 4 9 1
1 2 4 3 0 0 1 0 5 0
1 2 6 3 7 4 5 8 1 9
1 2 4 6 0 5 1 0 3 0
1 0 0 4 2 1 3 0 0 0
1 6 3 5 4 0 1 2 0 7
1 4 0 5 1 0 2 3 0 0
1 1 4 7 3 9 2 5 8 6
1 0 0 1 2 3 0 0 0 0
2 0 1 2 3 0 0 4 0 0
1 0 0 2 3 5 0 4 0 1
1 6 5 1 2 0 7 3 8 4
1 1 0 3 0 4 2 0 0 0
1 5 8 3 1 4 7 2 9 6
26 0 0 0 2 3 0 1 0 0
4 2 1 3 0 0 0 0 0 0
4 0 0 3 2 4 0 1 0 0
1 3 5 6 1 2 4 7 8 9
2 0 3 0 0 1 0 2 0 0
1 0 0 4 0 5 1 2 0 3
1 0 0 3 0 0 0 1 2 0
68 2 0 0 0 0 1 0 0 0
3 1 0 0 0 0 0 0 0 2
4 2 1 0 0 0 0 0 0 0
1 2 0 3 1 0 5 4 0 0
1 5 6 2 3 8 7 1 9 4
1 2 0 0 0 0 0 1 0 3
2 0 5 4 1 3 0 2 0 0
8 2 0 0 0 0 1 3 0 0
1 2 4 0 0 5 3 0 1 6
2 2 0 0 3 1 0 0 0 0
1 1 0 0 2 3 0 0 0 4
1 0 5 4 2 1 7 6 0 3
1 0 0 0 0 2 1 0 0 3
1 6 8 7 2 1 5 3 9 4
2 0 0 0 0 2 0 0 0 1
1 5 8 2 1 4 7 3 9 6
3 0 0 3 1 0 2 0 0 0
2 5 6 3 1 0 4 2 0 0
2 2 5 0 0 4 3 0 1 0
2 1 5 0 0 2 4 0 3 0
1 6 5 4 1 9 8 2 7 3
1 1 0 0 0 0 0 2 3 0
3 0 0 0 0 2 0 0 1 3
1 9 8 6 2 3 7 1 5 4
1 5 3 2 1 4 0 0 0 0
3 0 0 1 2 0 3 0 0 0
1 0 0 0 0 0 0 2 1 0
1 4 3 0 1 0 0 2 0 0
3 0 1 3 0 0 2 0 0 0
2 1 4 0 0 0 2 0 0 3
1 0 0 4 2 1 0 3 0 0
1 3 0 2 0 1 0 0 0 0
32 0 2 0 0 0 0 0 1 0
11 1 0 0 2 0 3 0 0 0
1 4 0 0 1 0 2 3 0 0
1 9 3 4 1 5 7 2 6 8
12 4 0 0 2 0 3 1 0 0
1 4 3 2 0 0 0 0 1 0
1 0 0 0 0 1 4 0 3 2
2 2 0 0 0 3 1 0 0 4
1 0 2 0 0 4 3 0 1 0
3 0 0 0 0 2 1 0 0 0
4 0 2 0 0 1 3 0 0 0
1 5 4 3 1 8 6 2 9 7
1 4 0 0 1 0 3 2 0 0
2 1 4 0 0 3 2 0 0 0
11 1 0 0 3 0 2 0 0 0
3 1 2 0 3 0 0 0 0 0
4 1 0 2 0 0 0 0 0 0
1 7 5 1 3 8 6 2 9 4
1 6 0 3 1 0 5 2 0 4
2 5 0 3 1 0 4 2 0 0
8 0 2 0 0 0 3 0 1 0
1 1 5 4 6 8 7 2 9 3
2 3 0 0 0 0 2 1 0 0
1 1 2 6 9 7 3 8 5 4
1 0 0 0 0 0 0 0 2 1
1 7 4 6 9 2 1 8 3 5
1 0 2 3 4 0 1 0 0 0
1 8 3 5 4 1 6 2 9 7
1 5 4 0 3 0 2 0 1 0
1 5 7 1 4 0 6 2 8 3
2 0 0 0 0 0 1 3 2 0
1 3 6 5 1 9 4 2 8 7
1 6 4 1 2 7 5 3 9 8
1 0 0 0 2 3 0 1 0 4
3 3 4 0 0 1 0 0 2 0
1 1 7 6 3 0 2 4 8 5
1 4 6 1 3 8 5 2 0 7
1 2 3 5 8 7 1 9 4 6
1 2 5 6 1 7 4 3 8 9
6 0 0 3 0 1 0 0 2 0
1 0 1 2 0 3 0 4 0 0
1 4 5 0 2 0 0 1 0 3
4 0 1 0 0 3 2 0 0 0
8 2 0 0 0 0 1 0 0 3
1 0 0 0 3 2 0 0 1 4
1 0 0 1 4 5 0 3 0 2
41 0 0 0 0 2 0 0 1 0
3 3 0 0 2 0 1 0 0 0
1 0 0 4 1 0 0 2 3 0
3 0 0 1 0 0 0 2 0 0
1 4 7 8 2 6 5 1 9 3
1 2 0 0 0 0 0 3 1 0
1 2 0 0 3 0 0 4 1 0
1 9 3 5 1 4 6 2 8 7
18 0 0 2 1 0 0 3 0 0
9 2 0 0 0 1 3 0 0 0
2 2 0 0 1 0 3 4 0 0
3 0 0 0 3 0 2 1 0 0
1 0 6 5 2 3 0 1 0 4
2 0 0 0 1 0 0 2 3 0
1 4 5 6 0 1 3 0 2 0
1 0 6 5 1 4 7 2 0 3
1 5 7 3 2 8 4 1 0 6
1 0 0 1 2 5 0 3 0 4
1 0 4 0 0 1 3 0 2 0
1 2 0 0 0 1 4 0 0 3
