4 Kilmarnock East and Hurlford
4 6 454 5328
Graham BARTON, SNP
Graham BOYD, Ind
Barry DOUGLAS, Lab
Trevor GRANT, SLD
Jon HERD, Con
Neal INGRAM, SNP
3 5 2 1 4 3 6
1 1 5 2 3 6 4
2 1 6 4 3 5 2
8 2 0 1 0 3 0
4 4 2 1 0 0 3
7 0 2 3 1 0 0
6 0 0 2 1 0 0
1 3 0 2 0 1 4
23 0 3 1 4 2 0
14 1 4 5 3 6 2
35 0 1 2 3 0 0
1 3 1 4 6 2 5
1 1 3 5 2 6 4
1 1 2 5 6 4 3
5 4 2 1 5 6 3
3 2 4 3 0 0 1
1 4 5 3 2 1 6
1 5 3 4 1 2 6
1 2 1 3 4 6 5
56 0 0 2 3 1 0
1 1 6 5 3 4 2
1 4 2 1 3 0 5
1 0 3 0 1 2 4
1 4 6 1 3 2 5
6 2 1 4 0 0 3
2 4 3 1 0 2 0
1 4 3 2 1 6 5
12 6 2 1 3 4 5
1 3 0 0 0 1 2
71 0 2 1 3 0 0
1 5 1 2 6 3 4
1 0 2 1 3 5 4
1 4 2 1 5 0 3
1 2 5 1 3 4 6
1 1 6 2 5 4 3
2 5 6 1 2 3 4
1 2 0 3 1 4 0
10 2 0 0 3 0 1
1 0 0 2 0 1 3
2 2 4 1 3 6 5
2 1 5 6 4 3 2
1 2 5 1 0 3 4
58 0 0 1 3 2 0
4 5 2 1 3 6 4
1 0 0 2 3 0 1
1 2 4 1 5 3 6
1 1 2 3 4 5 6
3 1 5 3 4 0 2
9 1 0 2 3 0 0
4 5 1 2 3 6 4
8 3 2 1 5 6 4
2 4 2 1 6 3 5
5 6 2 1 4 3 5
1 2 1 5 6 4 3
2 3 2 1 4 5 6
1 2 0 3 0 4 1
4 3 0 1 2 0 4
1 3 0 4 0 1 2
2 1 0 3 0 2 0
1 4 0 1 2 0 3
56 0 0 1 2 0 0
87 0 2 0 0 1 0
7 2 4 5 3 6 1
1 2 4 1 3 5 0
35 1 5 3 4 6 2
3 4 2 1 3 6 5
1 1 2 4 3 0 0
5 2 5 3 4 0 1
3 3 5 1 4 6 2
1 2 1 0 3 0 4
18 1 4 3 0 0 2
2 2 3 1 4 6 5
2 3 6 1 5 2 4
1 3 1 6 4 5 2
8 1 0 0 0 3 2
2 3 0 1 2 5 4
1 0 0 1 0 3 2
1 2 1 3 0 0 4
1 5 1 2 4 6 3
89 1 0 0 0 0 0
149 0 2 1 0 0 0
12 2 0 3 4 0 1
1 4 6 3 1 2 5
1 1 0 5 4 3 2
5 1 4 2 0 0 3
12 3 1 0 0 0 2
1 0 2 0 1 0 3
1 3 4 1 2 6 5
2 6 4 2 3 1 5
1 2 4 1 6 5 3
7 0 3 4 2 1 0
1 1 3 5 4 0 2
1 2 0 1 3 5 4
1 2 3 5 4 0 1
2 4 2 1 3 5 6
1 5 0 3 4 2 1
14 0 1 0 2 0 0
2 6 2 4 3 1 5
4 5 1 2 4 3 6
1 1 5 3 2 6 4
1 4 0 3 0 1 2
2 4 3 1 5 6 2
11 2 4 3 5 6 1
5 0 3 2 1 0 0
37 0 3 2 0 1 0
1 3 4 2 6 5 1
1 0 0 3 1 2 0
1 1 0 0 4 3 2
2 5 4 3 1 2 6
20 0 0 0 2 1 0
1 4 1 3 5 6 2
4 1 0 2 3 0 4
4 0 1 0 0 0 2
4 0 3 1 0 0 2
3 0 0 1 0 2 3
1 2 4 1 3 0 0
1 3 2 0 0 4 1
2 2 5 4 6 3 1
27 2 4 1 5 6 3
3 3 2 1 4 6 5
1 4 1 2 5 0 3
2 4 1 2 0 0 3
1 3 1 2 6 5 4
3 2 6 4 3 5 1
4 1 2 4 0 0 3
1 3 1 4 0 2 0
1 0 0 0 1 2 0
2 2 3 1 0 0 4
1 2 5 6 4 3 1
4 2 3 4 0 0 1
1 3 6 1 4 2 5
7 5 3 1 2 4 6
61 0 3 1 2 0 0
2 1 0 2 4 0 3
7 2 5 3 4 6 1
138 1 3 0 0 0 2
4 2 3 1 4 5 6
3 2 4 1 5 0 3
1 2 5 6 4 1 3
128 0 1 0 0 0 0
3 3 0 1 0 2 0
5 0 0 2 1 3 0
160 0 0 0 0 1 0
28 2 1 0 0 0 3
2 2 3 0 4 0 1
1 2 4 5 6 3 1
1 3 5 2 1 4 6
1 0 1 4 3 0 2
14 0 1 0 3 2 0
2 2 6 1 5 3 4
1 3 1 2 6 4 5
1 1 6 2 3 5 4
1 4 1 6 2 3 5
1 2 3 4 5 1 6
1 2 0 0 0 3 1
3 2 5 4 3 6 1
1 5 1 4 3 6 2
2 3 4 1 6 5 2
23 1 2 0 0 0 3
1 0 3 0 0 2 1
8 5 4 2 3 1 6
19 0 1 2 0 3 0
3 6 2 1 3 5 4
1 1 4 6 5 3 2
1 3 4 1 6 2 5
1 2 3 1 4 0 5
15 0 2 1 3 4 0
16 0 1 3 0 2 0
36 2 3 0 0 0 1
1 2 0 1 0 3 4
1 3 2 1 6 5 4
119 2 0 1 0 0 3
1 2 6 3 5 4 1
2 0 4 2 1 3 0
9 0 2 1 0 0 3
3 5 1 3 2 6 4
14 1 0 3 4 0 2
1 5 6 1 3 2 4
11 1 2 0 0 0 0
1 0 0 2 1 0 3
6 2 1 0 4 0 3
5 0 2 0 1 0 0
1 0 3 0 1 2 0
3 2 1 5 4 6 3
12 0 3 0 2 1 0
1 5 3 1 2 0 4
1 3 2 4 0 0 1
23 0 4 2 3 1 0
3 2 4 0 3 0 1
42 1 3 4 5 6 2
2 0 0 3 2 0 1
13 6 3 1 2 4 5
1 3 1 5 2 6 4
5 0 0 1 3 0 2
4 0 1 0 2 0 3
1 2 6 5 4 3 1
2 2 1 4 6 5 3
7 1 3 0 4 0 2
2 2 5 4 3 0 1
1 2 4 3 6 5 1
1 5 2 1 6 3 4
4 6 1 2 4 3 5
4 1 3 2 5 6 4
1 1 4 2 3 0 0
1 0 4 1 0 2 3
4 6 3 2 4 1 5
1 5 6 3 2 1 4
1 1 0 0 2 0 0
26 0 2 1 0 3 0
6 1 3 4 5 0 2
26 0 2 0 3 1 0
2 5 1 3 2 4 6
6 6 3 1 4 2 5
3 2 1 3 5 6 4
1 4 3 1 2 5 6
1 2 4 6 3 5 1
1 2 1 6 4 5 3
1 5 4 2 1 3 6
1 0 4 3 0 1 2
15 0 0 0 1 0 0
8 2 4 1 0 0 3
2 2 5 1 3 6 4
6 3 2 1 0 0 4
1 3 2 0 4 0 1
2 5 1 3 4 2 6
49 0 1 2 0 0 0
14 0 3 2 4 1 0
1 4 2 1 3 0 0
1 2 3 4 6 5 1
1 3 2 1 0 4 0
1 1 2 3 5 6 4
1 1 6 3 2 5 4
2 2 6 1 5 4 3
1 3 6 2 5 1 4
38 0 1 0 0 2 0
5 1 2 3 0 0 4
1 3 1 2 4 6 5
1 2 0 0 1 0 0
1 1 3 2 5 4 6
1 4 3 2 0 0 1
1 1 5 4 3 0 2
1 2 1 0 0 3 4
49 1 0 2 0 0 3
6 0 1 3 2 0 0
25 0 0 3 2 1 0
1 1 0 0 3 2 0
1 4 1 2 6 3 5
1 6 1 4 3 2 5
2 3 2 0 0 1 0
18 2 5 1 4 6 3
1 3 4 1 2 0 0
1 1 0 4 0 3 2
4 2 4 3 5 0 1
48 0 0 2 0 1 0
2 4 1 2 3 6 5
1 3 0 0 2 1 0
5 2 3 1 5 6 4
4 5 1 2 3 4 6
1 0 0 3 0 1 2
1 3 4 2 0 1 5
8 0 0 2 0 0 1
2 1 4 3 6 5 2
2 0 4 3 1 2 0
1 4 1 3 2 0 0
1 4 6 1 2 3 5
1 0 1 4 5 3 2
33 1 4 3 5 6 2
9 0 4 3 2 1 0
2 1 0 2 0 3 0
2 4 1 3 2 6 5
1 4 0 1 0 2 3
6 0 1 3 4 2 0
1 2 1 0 0 3 0
1 0 3 1 0 2 4
1 3 0 2 1 0 0
74 0 0 1 0 2 0
2 0 2 1 3 0 4
13 3 1 2 0 0 0
6 5 3 2 4 1 6
2 3 2 1 5 0 4
17 2 0 1 3 0 0
18 0 0 1 0 0 2
3 3 1 4 0 0 2
10 1 2 3 0 0 0
8 5 2 4 3 1 6
1 6 3 4 1 2 5
1 1 4 0 3 0 2
6 3 0 1 2 0 0
1 2 5 1 6 4 3
1 1 2 3 5 4 6
1 2 3 0 0 1 0
1 0 1 4 2 3 0
3 3 1 5 4 6 2
1 4 2 3 0 0 1
49 0 3 1 0 2 0
6 2 0 1 4 0 3
2 3 1 4 5 0 2
1 0 3 1 4 0 2
1 2 4 1 6 3 5
15 5 4 1 3 2 6
18 2 3 4 5 6 1
1 1 4 2 3 6 5
1 0 2 1 3 4 5
1 5 6 2 4 1 3
2 5 1 4 2 3 6
5 3 0 2 0 0 1
2 5 1 4 3 2 6
3 1 4 3 5 0 2
1 2 1 3 5 0 4
2 5 3 1 2 6 4
32 3 0 1 0 0 2
1 0 4 1 3 2 5
2 1 2 4 5 6 3
2 4 3 1 2 0 0
2 1 2 0 4 0 3
1 3 1 6 2 5 4
192 1 0 3 0 0 2
2 5 2 3 4 1 6
3 2 3 4 5 0 1
1 4 0 3 2 1 5
2 3 2 1 4 0 0
3 3 6 1 5 4 2
37 1 3 5 4 6 2
8 0 1 4 3 2 0
4 0 0 0 2 0 1
2 2 0 0 0 1 0
2 2 1 6 3 4 5
1 1 2 0 0 4 3
2 1 0 3 4 5 2
10 0 0 0 0 0 1
2 2 6 3 4 5 1
1 6 1 2 5 3 4
1 4 3 1 0 0 2
1 4 6 1 2 5 3
556 1 0 0 0 0 2
3 1 4 6 3 5 2
2 1 3 4 6 5 2
1 6 2 4 1 3 5
686 0 0 1 0 0 0
3 3 1 2 5 6 4
1 6 1 5 2 3 4
8 0 2 4 3 1 0
1 4 1 0 0 2 3
4 2 6 1 4 5 3
17 1 3 4 0 0 2
24 2 3 1 0 0 0
2 3 4 2 0 0 1
2 2 6 1 3 4 5
2 0 3 2 0 0 1
6 4 3 1 2 6 5
9 0 4 1 2 3 0
2 3 2 0 0 0 1
1 1 0 0 0 2 3
49 2 0 3 0 0 1
1 2 1 3 4 5 6
1 0 3 0 0 1 2
20 2 3 5 4 6 1
6 6 4 1 3 2 5
1 5 3 2 4 6 1
21 0 2 3 0 1 0
34 0 4 1 3 2 0
5 6 1 3 2 4 5
13 1 5 4 3 6 2
1 5 6 1 4 3 2
1 3 1 0 4 0 2
7 5 4 1 2 3 6
1 2 3 1 5 4 6
1 3 4 5 2 0 1
1 1 6 2 4 5 3
7 5 2 1 3 4 6
1 5 1 6 4 2 3
1 2 3 6 5 1 4
4 4 1 2 5 6 3
1 3 2 0 1 0 0
1 0 2 3 1 4 0
13 0 2 1 4 3 0
5 1 0 4 3 0 2
2 1 5 4 2 6 3
1 5 6 2 1 3 4
1 1 0 0 2 3 0
68 2 0 1 0 0 0
1 4 6 2 3 1 5
1 5 1 3 4 6 2
1 4 2 6 1 3 5
3 0 2 0 1 3 0
5 1 4 2 5 6 3
9 2 1 4 5 6 3
3 1 0 3 2 0 0
3 1 3 6 4 5 2
1 2 1 3 6 4 5
4 1 3 6 5 4 2
7 0 1 2 0 0 3
5 1 6 3 4 5 2
7 0 1 2 4 3 0
2 2 0 0 1 0 3
2 4 3 1 6 2 5
16 0 2 3 4 1 0
1 2 3 6 5 4 1
3 3 6 1 4 5 2
7 3 4 1 5 6 2
5 0 1 0 2 3 0
10 0 3 1 2 4 0
13 3 2 1 0 0 0
2 5 3 4 2 1 6
2 3 5 2 4 6 1
1 6 3 4 2 1 5
2 1 2 6 5 4 3
14 5 3 1 4 2 6
2 1 6 3 5 4 2
40 0 0 1 2 3 0
1 4 3 2 5 1 6
1 5 3 1 2 4 0
7 1 3 2 0 0 0
8 2 1 3 0 0 0
1 1 5 2 3 0 4
2 6 4 1 2 3 5
1 2 1 5 4 0 3
212 2 0 0 0 0 1
12 2 1 0 0 0 0
4 5 4 3 2 1 6
2 3 6 1 2 4 5
2 2 0 0 3 1 0
2 1 6 5 4 3 2
2 3 5 1 6 2 4
1 3 1 6 5 4 2
4 6 2 3 4 1 5
1 1 6 4 5 3 2
1 1 4 2 6 5 3
4 6 5 1 2 3 4
11 0 0 1 2 0 3
1 0 1 3 0 0 2
4 3 0 2 0 1 0
2 3 1 0 2 0 0
2 1 0 0 2 0 3
3 3 4 2 5 6 1
1 3 5 1 4 0 2
5 3 4 1 0 0 2
1 1 4 3 2 6 5
2 1 5 2 4 6 3
1 0 0 0 0 2 1
23 1 0 0 3 0 2
28 1 0 2 0 0 0
2 1 2 0 3 0 0
6 3 1 2 0 0 4
1 3 1 0 0 2 0
3 0 1 2 3 4 0
3 3 0 1 4 0 2
1 4 1 6 5 3 2
1 6 4 3 2 1 5
2 4 2 1 0 5 3
1 3 5 2 4 1 0
5 6 1 2 3 4 5
1 3 2 1 4 0 5
1 3 2 1 4 5 0
