5 Kilmarnock South
3 6 340 3036
Robin BAWA, Con
Peter MABON, Lab
Clare MAITLAND, SNP
Stewart John MCLINTOCK, Alba
Jim TODD, SNP
Keyrin James VON-DÖRING, Lib
1 1 4 2 0 3 0
1 5 2 1 4 3 6
1 2 0 1 0 3 0
1 1 2 6 3 5 4
2 0 0 2 1 0 0
1 5 1 4 2 0 3
2 0 0 3 0 2 1
1 0 3 1 4 2 0
1 3 1 4 6 2 5
1 1 5 2 4 3 6
6 0 1 2 3 0 0
1 1 3 5 2 6 4
1 1 2 5 6 4 3
1 5 4 2 0 1 3
1 4 5 1 6 2 3
3 1 3 0 0 2 0
113 0 0 2 3 1 0
1 5 2 3 6 1 4
7 0 1 0 3 0 2
1 3 0 0 1 0 2
1 6 1 3 5 4 2
6 6 5 1 4 2 3
2 0 0 0 1 0 2
2 1 2 6 4 5 3
1 6 2 1 3 4 5
4 4 1 3 6 2 5
1 3 0 0 0 1 2
1 6 4 5 2 3 1
3 5 1 2 6 3 4
2 2 1 4 5 3 6
1 0 2 1 3 0 0
1 0 1 2 0 3 4
4 6 1 4 3 5 2
5 0 1 0 0 2 3
1 1 2 3 6 4 5
1 5 6 1 2 3 4
1 3 2 5 1 6 4
5 4 3 2 6 1 5
15 0 0 2 0 1 3
2 2 0 0 3 0 1
88 0 0 1 3 2 0
1 2 4 1 5 3 6
1 1 2 3 4 5 6
13 6 3 2 5 1 4
4 6 2 3 5 1 4
3 6 2 1 4 3 5
1 2 1 5 6 4 3
1 3 2 1 4 5 6
1 2 5 4 3 1 6
1 3 1 0 2 4 0
8 1 0 3 0 2 0
2 4 1 2 3 5 6
13 0 2 0 0 1 0
2 0 0 1 2 0 0
1 0 5 2 4 1 3
1 4 2 3 5 1 6
1 2 1 0 3 0 4
1 3 1 6 4 5 2
1 1 0 0 0 3 2
1 4 5 3 0 2 1
1 0 0 1 0 3 2
1 0 0 1 2 3 4
1 1 6 5 2 3 4
101 1 0 0 0 0 0
6 0 2 1 0 0 0
22 6 4 2 3 1 5
9 3 1 0 0 0 2
2 0 2 0 1 0 3
2 0 5 2 3 1 4
2 6 2 1 5 3 4
2 1 2 5 3 6 4
1 4 2 0 1 0 3
11 0 1 0 2 0 0
5 5 1 2 4 3 6
2 6 2 4 3 1 5
2 4 1 5 2 6 3
3 0 0 0 1 2 3
158 0 3 2 0 1 0
1 0 3 2 1 0 0
1 6 5 4 1 2 3
3 1 2 4 6 3 5
6 0 0 3 1 2 0
2 4 1 6 2 5 3
1 4 5 2 3 1 6
1 0 0 0 2 1 0
1 4 1 3 5 6 2
1 3 1 2 5 4 6
18 0 1 0 0 0 2
9 0 0 1 0 2 3
10 6 1 3 4 2 5
1 0 3 1 0 0 2
2 5 6 2 3 1 4
1 4 2 6 3 5 1
2 0 3 0 2 0 1
1 1 3 4 5 2 6
1 3 1 2 6 5 4
5 0 0 0 1 2 0
1 6 4 3 1 2 5
4 1 0 0 0 2 0
1 0 3 1 2 0 0
1 0 5 3 1 2 4
13 1 3 0 0 0 2
12 6 5 1 3 2 4
353 0 1 0 0 0 0
27 6 5 2 3 1 4
5 3 0 1 0 2 0
3 0 0 2 1 3 0
56 0 0 0 0 1 0
53 2 1 0 0 0 3
1 5 1 3 6 4 2
2 4 1 6 3 5 2
1 6 3 5 1 4 2
2 4 1 2 0 3 0
4 4 3 2 0 1 0
6 0 1 0 3 2 0
2 3 1 2 6 4 5
1 4 1 6 2 3 5
1 5 1 4 3 6 2
51 1 2 0 0 0 3
1 0 3 0 0 2 1
1 6 1 5 2 4 3
3 4 1 2 5 3 6
8 5 4 2 3 1 6
1 3 0 1 5 2 4
1 2 1 3 4 5 0
55 0 1 2 0 3 0
1 6 2 1 3 5 4
1 3 4 1 6 2 5
1 0 3 2 0 1 4
54 0 1 3 0 2 0
1 2 4 3 5 1 6
1 2 0 0 1 3 0
2 2 3 0 0 0 1
2 0 0 1 3 2 4
1 5 6 1 3 2 4
1 0 2 1 0 0 3
1 4 5 2 6 1 3
105 1 2 0 0 0 0
1 3 0 2 4 1 0
2 6 1 4 2 3 5
1 4 1 3 0 2 0
1 0 4 1 2 3 5
3 2 1 0 4 0 3
1 0 2 0 1 0 0
1 5 1 6 3 2 4
2 5 4 1 6 2 3
5 2 1 5 4 6 3
5 0 3 0 2 1 0
1 1 2 6 3 4 5
7 3 4 2 5 1 6
4 0 4 2 3 1 0
1 4 3 5 6 1 2
12 0 1 0 2 0 3
3 5 3 1 6 2 4
2 2 1 4 6 5 3
1 3 1 0 2 0 4
1 0 4 1 0 2 3
7 6 1 2 4 3 5
2 1 3 5 6 4 2
2 6 5 4 1 3 2
21 6 3 2 4 1 5
3 6 4 1 5 2 3
2 1 0 0 2 0 0
1 3 5 1 4 2 6
20 0 2 1 0 3 0
3 0 2 0 3 1 0
15 6 3 1 4 2 5
7 6 4 2 5 1 3
1 0 3 2 5 1 4
6 2 1 6 4 5 3
1 2 4 6 3 5 1
1 5 4 2 1 3 6
1 5 1 4 6 3 2
1 1 2 5 6 3 4
4 0 0 0 1 0 0
1 6 2 4 5 1 3
1 1 2 5 3 4 6
1 0 0 2 0 3 1
3 5 1 3 4 2 6
1 5 1 6 2 4 3
18 0 1 2 0 0 0
6 0 3 2 4 1 0
1 2 3 4 6 5 1
1 4 1 3 5 2 6
4 4 3 1 5 2 6
2 0 0 2 3 1 4
1 3 6 2 5 1 4
52 0 1 0 0 2 0
1 6 5 4 2 1 3
2 2 0 0 1 0 0
2 5 4 2 6 1 3
8 0 0 3 2 1 0
4 0 1 3 2 0 0
1 1 0 0 3 2 0
3 3 2 0 0 1 0
3 4 1 2 6 3 5
1 6 1 4 3 2 5
1 4 3 0 2 0 1
1 0 2 0 3 0 1
1 4 2 1 0 3 0
360 0 0 2 0 1 0
1 0 3 0 1 4 2
1 2 4 0 1 0 3
1 5 1 2 3 4 6
1 4 1 5 3 6 2
1 0 3 1 4 2 5
1 0 0 3 0 1 2
4 1 0 2 0 3 0
2 1 4 2 5 3 6
8 2 1 0 0 3 0
3 0 3 1 0 2 4
1 0 1 3 4 2 0
1 3 0 2 1 0 0
239 0 0 1 0 2 0
3 3 1 2 0 0 0
4 5 3 2 6 1 4
8 5 3 2 4 1 6
1 0 0 2 1 3 4
1 5 2 1 3 0 4
1 2 0 1 3 0 0
1 0 0 1 0 0 2
5 1 2 3 0 0 0
9 2 0 3 0 1 0
1 3 0 0 1 2 0
2 0 0 0 0 1 2
1 3 0 1 2 0 0
1 6 5 2 1 3 4
1 2 3 0 0 1 0
78 0 3 1 0 2 0
3 3 1 5 4 6 2
2 1 4 3 6 2 5
1 3 1 2 0 4 5
1 2 4 1 6 3 5
3 5 4 1 3 2 6
1 4 6 3 2 1 5
2 5 6 2 4 1 3
1 4 1 5 6 2 3
1 5 1 4 3 2 6
1 0 3 2 4 1 5
1 4 6 1 5 2 3
1 1 3 2 0 4 0
1 3 1 6 2 5 4
1 5 2 3 4 1 6
1 1 0 3 0 0 2
1 0 0 0 2 0 1
2 1 3 5 4 6 2
1 0 1 4 3 2 0
3 2 0 0 0 1 0
1 0 0 3 2 1 4
5 6 1 2 5 3 4
7 0 0 0 0 0 1
1 0 0 0 3 1 2
8 1 0 0 0 0 2
3 2 1 3 5 4 6
1 3 1 2 5 6 4
36 0 0 1 0 0 0
1 6 1 5 2 3 4
1 1 3 4 0 0 2
1 2 3 1 0 0 0
1 4 0 0 1 2 3
1 6 4 2 1 3 5
1 3 4 5 1 6 2
2 1 2 4 6 5 3
3 3 2 0 0 0 1
1 0 4 1 2 3 0
1 2 1 3 4 5 6
1 0 3 0 0 1 2
17 6 4 1 3 2 5
1 2 3 5 4 6 1
5 0 4 1 3 2 0
20 0 2 3 0 1 0
2 6 1 3 2 4 5
1 3 4 2 6 1 5
1 3 1 0 4 0 2
1 5 6 1 4 2 3
4 2 1 6 3 5 4
1 2 3 1 5 4 6
1 5 2 1 3 4 6
1 0 2 1 0 3 4
1 4 1 2 5 6 3
1 6 1 5 3 4 2
2 1 4 2 6 3 5
2 1 3 4 0 2 0
1 1 0 0 2 3 0
9 2 1 0 3 0 0
1 3 5 2 4 1 6
2 0 2 0 1 3 0
4 0 2 0 0 0 1
1 2 1 4 5 6 3
1 6 1 4 2 5 3
1 6 5 3 1 2 4
2 0 1 2 0 0 3
1 3 2 6 1 5 4
4 4 3 1 6 2 5
1 0 2 3 4 1 0
1 3 1 4 5 2 6
2 6 1 4 5 3 2
1 6 3 2 1 4 5
7 1 2 0 0 3 0
1 6 4 3 5 2 1
1 1 3 0 2 0 0
2 3 2 1 0 0 0
5 0 1 0 2 3 0
3 6 5 2 4 1 3
1 2 1 4 0 3 5
4 5 3 1 4 2 6
7 0 0 1 2 3 0
13 4 3 2 5 1 6
11 2 1 3 0 0 0
1 1 6 5 2 4 3
1 6 1 3 4 5 2
3 1 3 2 0 0 0
1 2 1 5 3 6 4
2 6 4 1 2 3 5
1 2 3 6 4 1 5
92 2 1 0 0 0 0
1 6 1 5 4 2 3
1 4 1 0 2 0 3
3 6 2 3 4 1 5
9 6 3 1 5 2 4
1 6 5 1 2 3 4
18 3 0 2 0 1 0
4 3 1 0 2 0 0
2 1 0 0 2 0 3
2 0 0 0 0 2 1
2 0 2 0 0 1 3
1 1 2 5 4 3 6
7 1 2 0 3 0 0
1 1 0 2 0 0 0
8 3 1 0 0 2 0
4 6 1 3 5 2 4
2 1 0 0 3 0 2
1 0 4 0 1 2 3
2 6 4 3 2 1 5
1 6 1 4 5 2 3
3 3 1 4 2 5 6
2 0 1 0 0 3 2
2 3 0 0 2 0 1
2 1 2 0 3 0 4
1 6 1 2 3 4 5
