7 Ballochmyle
4 6 436 4646
Linda HOLLAND, Lab
Claire LEITCH, SNP
William LENNOX, SNP
Stephen MCCARRON, Lab
David SHAW, Ind
Alyson SIMMONS, Con
8 5 2 1 4 3 6
2 2 0 1 0 3 0
1 1 6 3 2 4 5
7 0 2 3 0 0 1
3 3 4 5 1 2 6
4 0 2 3 1 0 0
2 0 0 2 1 0 0
1 0 2 0 0 3 1
1 1 4 3 2 5 6
1 4 2 0 0 1 3
4 5 1 2 4 3 0
4 0 0 3 0 2 1
2 1 4 5 3 6 2
1 1 5 2 4 3 6
34 0 1 2 3 0 0
1 1 0 2 3 4 5
1 2 4 3 1 5 0
1 2 6 5 3 1 4
10 4 5 6 3 2 1
1 1 2 0 3 4 0
5 4 2 1 5 6 3
1 4 5 1 6 2 3
2 1 3 0 0 2 0
2 1 0 0 4 2 3
1 5 3 2 4 1 0
5 2 1 3 4 6 5
2 3 2 4 1 5 6
1 5 3 2 6 4 1
1 0 0 2 3 1 0
2 5 1 2 6 4 3
1 3 0 0 1 0 2
3 0 0 0 1 0 2
4 2 4 5 1 3 0
1 1 2 6 4 5 3
11 3 0 0 0 1 2
4 5 1 2 6 3 4
16 0 2 1 3 0 0
1 3 2 1 5 4 6
1 4 5 2 1 3 6
2 2 6 5 1 4 3
3 0 1 2 0 3 4
1 5 3 6 4 1 2
2 0 1 0 0 2 3
2 0 2 3 0 4 1
1 5 4 3 1 2 0
1 0 0 4 2 3 1
87 2 0 0 3 0 1
1 4 3 2 6 1 5
1 0 0 2 0 1 3
2 2 4 1 3 6 5
1 0 0 1 3 2 0
2 1 2 3 4 5 6
1 2 1 6 5 4 3
1 6 2 3 5 1 4
1 1 3 5 4 2 6
2 1 0 2 3 0 0
1 4 0 0 2 1 3
1 6 4 5 3 2 1
2 6 1 2 3 5 4
5 1 4 5 2 6 3
4 2 5 6 1 3 4
36 3 2 1 4 5 6
1 6 2 1 4 3 5
3 2 5 4 3 1 6
1 4 5 1 0 2 3
21 4 1 2 3 5 6
4 3 4 5 2 1 6
2 5 4 3 6 1 2
7 2 4 5 3 6 1
15 0 2 0 0 1 0
5 0 0 1 2 0 0
2 4 2 1 3 6 5
8 1 2 4 3 0 0
1 2 5 3 1 4 0
7 4 2 3 5 1 6
2 1 0 0 3 4 2
2 1 2 4 3 6 5
1 1 3 2 4 0 0
1 1 0 0 0 3 2
3 1 6 5 2 3 4
9 2 0 0 1 4 3
3 5 1 2 4 6 3
277 0 2 1 0 0 0
70 1 0 0 0 0 0
1 3 1 0 0 0 2
5 3 5 6 2 4 1
1 0 3 4 2 1 0
63 3 1 2 4 0 0
6 2 4 3 1 0 0
6 4 2 1 3 5 6
1 2 3 4 5 1 0
1 2 3 4 1 0 5
1 3 6 5 1 4 2
7 1 2 4 3 5 6
1 2 1 4 3 0 0
1 4 0 3 0 1 2
16 5 1 2 4 3 6
5 0 1 0 2 0 0
1 1 2 4 0 3 0
9 1 2 3 4 0 0
3 2 0 0 4 3 1
1 0 0 0 1 3 2
1 1 0 4 0 2 3
9 1 5 6 2 4 3
3 0 0 0 1 2 3
16 0 3 2 0 1 0
2 4 5 6 3 1 2
21 1 0 0 2 3 4
1 2 4 0 1 3 0
7 3 0 0 4 1 2
2 4 6 5 3 1 2
1 3 4 2 6 5 1
1 1 0 0 4 3 2
1 2 4 5 3 1 0
3 0 0 0 2 3 1
8 0 0 0 2 1 0
22 3 0 0 4 2 1
1 4 1 3 5 6 2
1 3 5 4 2 1 6
3 3 1 2 5 4 6
1 6 2 5 4 1 3
1 0 1 0 0 0 2
1 2 0 1 3 0 4
1 1 5 3 2 4 6
1 6 3 5 4 1 2
1 3 2 0 0 4 1
2 0 3 0 2 0 1
1 3 4 0 2 1 5
1 4 1 2 6 5 3
1 1 5 3 4 2 6
9 3 2 1 4 6 5
10 2 5 6 3 4 1
1 2 4 5 3 0 1
1 3 1 2 6 5 4
11 2 1 3 4 0 0
4 2 4 5 3 1 6
4 0 0 0 1 2 0
2 2 5 6 4 3 1
16 1 0 0 0 2 0
1 5 3 1 2 4 6
3 1 4 5 3 2 6
1 2 3 4 6 1 5
1 2 4 5 6 1 3
2 0 3 1 2 0 0
1 5 6 4 1 3 2
25 1 3 4 2 5 6
8 1 3 4 2 6 5
1 3 4 2 1 5 6
2 4 2 3 5 6 1
1 2 1 5 3 4 6
1 2 3 1 4 5 6
1 1 3 0 0 0 2
1 2 5 6 4 1 3
53 0 1 0 0 0 0
1 3 0 1 0 2 0
1 4 3 2 1 5 6
109 0 0 0 0 1 0
2 6 5 4 3 1 2
3 2 5 6 1 4 3
1 4 2 1 3 5 0
2 3 1 2 4 0 5
7 4 1 2 0 3 0
1 0 1 0 3 2 0
1 3 1 2 6 4 5
1 3 1 2 5 4 0
28 1 3 4 2 0 0
2 2 3 4 5 1 6
12 2 0 0 0 3 1
4 3 2 4 5 1 6
2 2 5 4 3 6 1
1 5 1 6 4 3 2
4 0 3 0 0 2 1
1 1 2 0 0 0 3
36 4 1 2 5 3 6
1 5 4 2 3 1 6
87 0 1 2 0 3 0
3 6 1 2 5 4 3
3 4 1 3 2 5 6
17 0 1 3 0 2 0
2 2 4 3 5 1 6
1 3 5 6 1 4 2
1 0 2 1 3 4 0
45 2 0 0 1 3 0
3 2 3 0 0 0 1
2 2 0 1 0 0 3
6 0 2 1 0 0 3
1 2 0 4 1 0 3
1 3 6 5 4 1 2
23 1 2 0 0 0 0
1 3 0 2 4 1 0
1 4 3 2 5 0 1
2 1 3 5 2 4 6
1 3 4 2 1 0 0
9 0 2 0 1 0 0
1 1 4 3 2 0 5
2 0 3 0 1 2 0
3 0 3 0 2 1 0
1 1 2 6 3 4 5
1 3 4 2 5 1 6
11 2 3 0 1 0 0
2 0 0 3 2 0 1
1 6 3 2 5 4 1
1 3 4 6 5 2 1
1 0 0 1 3 0 2
9 2 3 4 1 0 0
1 2 6 5 4 3 1
3 1 0 0 3 2 4
1 0 4 1 0 2 3
2 1 4 2 3 0 0
1 6 1 2 4 3 5
376 1 0 0 2 0 0
1 3 5 1 4 2 6
42 0 2 1 0 3 0
3 0 2 0 3 1 0
17 1 5 6 2 3 4
1 4 3 1 2 5 6
1 2 1 3 5 6 4
1 5 1 3 6 2 4
2 1 5 6 3 2 4
33 0 0 0 1 0 0
4 2 1 4 3 5 6
2 4 1 5 3 2 6
3 1 2 5 3 4 6
2 0 3 4 0 1 2
1 0 0 2 0 3 1
560 0 1 2 0 0 0
5 4 1 3 5 2 6
6 3 6 5 4 2 1
4 3 4 5 2 6 1
4 4 2 1 3 0 0
4 4 1 2 3 5 0
2 4 3 1 5 2 6
1 1 6 3 2 5 4
1 3 0 4 2 0 1
1 3 6 2 5 1 4
2 1 2 4 3 5 0
178 2 0 0 1 0 0
2 2 0 0 4 1 3
10 3 1 2 4 6 5
14 0 1 0 0 2 0
1 1 2 3 0 0 4
1 1 3 2 5 4 6
2 1 0 2 0 0 3
11 2 3 4 1 5 6
1 2 1 3 5 4 0
3 0 1 3 2 0 0
25 1 0 0 3 2 0
4 3 2 0 0 1 0
2 4 2 3 1 5 6
1 4 1 2 6 3 5
1 6 1 4 3 2 5
2 1 2 4 5 3 6
10 2 0 0 3 1 4
1 0 2 0 3 0 1
3 4 2 1 0 3 0
6 4 0 0 3 1 2
2 3 5 6 2 1 4
2 3 4 1 2 0 0
64 3 1 2 4 5 6
2 4 2 3 5 1 0
6 0 0 2 0 1 0
2 4 1 2 3 6 5
20 3 0 0 2 1 0
8 3 5 6 4 1 2
2 5 1 2 3 4 6
1 4 1 5 3 6 2
3 0 0 3 0 1 2
5 4 1 3 2 0 0
7 0 0 2 0 0 1
1 4 1 2 0 3 5
7 2 6 5 1 3 4
1 2 4 3 1 0 5
3 2 1 0 0 3 0
4 2 0 0 1 3 4
2 1 3 4 2 5 0
2 0 0 1 0 2 0
89 3 1 2 0 0 0
1 5 3 2 4 1 6
1 1 4 2 3 5 6
1 4 2 1 5 3 0
1 4 1 3 2 5 0
1 1 3 6 2 5 4
3 2 0 1 3 0 0
27 3 0 0 0 2 1
1 3 2 4 5 0 1
3 0 0 1 0 0 2
7 1 2 3 0 0 0
7 3 0 0 1 2 0
3 2 0 3 0 1 0
57 0 0 0 0 1 2
2 3 0 1 2 0 0
1 1 4 0 2 3 0
5 2 3 0 0 1 0
4 0 3 1 0 2 0
1 1 0 4 2 3 0
1 4 2 3 0 0 1
3 2 4 5 1 3 6
1 1 4 2 3 6 5
6 4 6 5 3 2 1
1 2 1 5 4 3 0
1 5 3 2 0 1 4
3 3 0 2 0 0 1
2 5 1 4 3 2 6
2 2 3 1 4 0 0
3 4 3 1 2 0 0
1 1 2 0 4 0 3
1 1 2 4 5 6 3
4 2 5 6 3 1 4
3 2 4 3 1 5 6
3 5 2 3 4 1 6
14 3 2 1 4 0 0
2 3 6 5 2 1 4
7 0 0 0 2 0 1
17 2 0 0 3 4 1
1 3 4 5 2 1 0
1 5 4 2 3 6 1
1 5 4 6 3 1 2
6 4 2 1 5 3 6
27 2 0 0 0 1 0
5 3 0 0 2 1 4
217 0 0 0 0 0 1
1 2 5 4 1 0 3
2 6 1 2 5 3 4
4 0 0 0 3 1 2
6 1 0 0 0 0 2
2 2 4 5 1 6 3
2 0 1 2 0 4 3
1 3 6 4 5 2 1
2 2 1 3 5 4 6
4 0 0 0 2 1 3
1 4 3 2 1 0 0
1 3 1 2 0 4 0
20 0 0 1 0 0 0
2 3 1 2 5 6 4
1 5 2 1 4 3 0
4 3 5 6 4 2 1
24 4 0 0 3 2 1
1 0 2 1 0 4 3
3 2 3 1 0 0 0
5 1 0 0 0 2 3
3 0 3 2 0 0 1
7 2 1 3 4 5 6
1 2 0 3 0 0 1
1 1 2 3 0 4 0
3 3 6 5 2 4 1
1 0 3 0 0 1 2
1 5 3 2 4 6 1
39 0 2 3 0 1 0
1 6 1 3 2 4 5
14 0 0 0 3 2 1
2 2 0 3 1 0 0
7 3 1 2 4 5 0
3 3 4 5 2 0 1
1 1 6 4 2 3 5
3 0 3 4 0 2 1
2 5 2 1 3 4 6
2 1 3 2 4 6 5
2 4 1 2 5 6 3
1 3 2 4 1 6 5
1 3 2 0 1 0 0
1 1 5 4 2 6 3
2 0 2 1 4 3 0
2 2 3 0 1 4 0
2 1 4 5 2 3 0
133 1 0 0 2 3 0
3 2 0 1 0 0 0
2 4 0 0 2 3 1
1 2 1 4 0 3 0
3 0 2 0 1 3 0
1 2 4 0 3 1 0
9 2 1 0 3 0 0
1 3 5 2 4 1 6
18 1 0 0 2 4 3
6 0 2 0 0 0 1
14 1 0 3 2 0 0
1 0 1 3 0 4 2
14 0 1 2 0 0 3
3 0 1 2 4 3 0
23 2 0 0 1 0 3
1 0 2 3 4 1 0
20 4 1 2 3 0 0
1 3 1 4 5 2 6
1 3 0 0 1 2 4
2 4 1 2 5 3 0
32 1 3 0 2 0 0
3 1 2 0 0 3 0
1 6 4 3 5 2 1
7 0 1 0 2 3 0
17 3 2 1 0 0 0
1 0 3 1 2 4 0
1 2 3 5 4 1 6
1 3 5 4 1 2 6
1 2 3 5 1 4 6
2 4 2 3 0 1 0
1 0 0 4 2 1 3
3 4 3 2 5 1 6
1 0 0 1 2 3 0
4 1 4 3 2 0 0
4 1 6 5 2 4 3
10 2 1 3 0 0 0
4 1 3 2 0 0 0
1 5 1 2 4 0 3
1 5 4 3 2 1 6
26 2 0 0 0 0 1
11 2 1 0 0 0 0
16 1 4 5 2 3 6
3 2 5 4 1 3 6
1 4 3 5 2 1 6
1 4 1 3 5 2 0
35 2 0 0 3 1 0
1 1 6 5 4 3 2
1 1 4 6 5 2 3
2 1 0 2 3 4 0
1 6 5 1 2 3 4
2 0 1 3 0 0 2
2 3 1 0 2 0 0
89 1 0 0 2 0 3
117 0 0 0 0 2 1
3 0 2 0 0 1 3
2 1 4 3 2 6 5
13 1 0 0 3 0 2
3 4 2 3 5 0 1
4 3 1 0 0 2 0
4 1 2 0 3 0 0
5 1 0 2 0 0 0
11 3 0 0 2 4 1
4 0 1 2 3 4 0
1 4 0 0 1 3 2
1 5 2 1 3 4 0
2 3 1 4 2 5 6
1 0 1 0 0 3 2
56 3 0 0 2 0 1
2 6 1 2 3 4 5
3 2 0 0 0 1 3
2 3 2 1 4 5 0
1 6 2 1 5 4 3
