10 Coatbridge West
3 6 308 3894
Kevin DOCHERTY, Lab
Mary GOURLAY, Lab
Lesley MITCHELL, SNP
Gary ROBINSON, SNP
Laraine SHIELDS, Con
Robert SLAVIN, Alba
1 1 5 2 3 6 4
262 0 0 2 1 0 0
2 0 2 3 1 0 0
1 1 4 3 5 2 6
1 1 4 3 2 5 6
1 1 4 5 3 6 2
1 0 1 2 3 0 0
7 1 2 5 6 4 3
1 5 3 2 1 6 4
1 3 2 5 4 0 1
11 1 3 0 0 2 0
1 4 5 3 2 1 6
13 2 1 3 4 6 5
2 3 2 0 0 1 4
2 0 0 2 3 1 0
2 3 0 0 1 0 2
1 0 1 0 3 0 2
4 0 0 0 1 0 2
15 4 3 2 1 6 5
2 6 2 5 3 4 1
1 3 4 5 6 2 1
1 3 0 0 0 1 2
4 2 1 4 5 3 6
6 5 6 2 1 4 3
2 0 2 1 3 0 0
1 4 5 2 1 3 6
3 1 2 3 4 5 0
2 5 6 1 2 3 4
5 2 0 0 3 0 1
2 3 5 1 2 6 4
3 2 4 1 3 6 5
34 0 0 2 3 0 1
42 1 2 3 4 5 6
1 2 1 6 5 4 3
10 5 4 3 2 6 1
18 1 0 2 3 0 0
1 6 4 5 3 2 1
1 1 4 5 2 6 3
2 3 4 1 2 5 0
1 1 3 2 4 5 6
4 6 5 1 2 4 3
2 1 0 3 0 2 0
3 1 2 3 4 0 5
2 4 1 2 3 5 6
2 3 0 1 2 0 4
1 4 0 1 2 0 3
434 0 0 1 2 0 0
6 0 2 0 0 1 0
1 2 4 5 3 6 1
4 4 2 1 3 6 5
6 1 2 4 3 0 0
1 2 4 3 1 6 5
2 6 5 3 2 4 1
1 2 5 3 4 0 1
4 2 1 5 6 3 4
3 1 2 4 3 6 5
2 0 4 1 2 0 3
1 1 3 0 0 2 4
2 1 0 0 0 3 2
4 5 4 2 1 0 3
1 1 3 2 4 0 0
1 0 0 1 2 3 4
1 2 1 3 0 0 4
1 5 1 2 4 6 3
94 1 0 0 0 0 0
2 0 2 1 0 0 0
78 3 4 1 2 6 5
1 0 2 0 1 0 3
1 3 1 0 0 0 2
1 6 4 2 5 3 1
2 3 1 2 4 0 0
1 2 3 5 4 0 1
4 4 2 1 3 5 6
1 2 3 4 5 1 0
4 1 2 4 3 5 6
2 2 1 4 3 0 0
1 4 5 3 1 6 2
2 1 2 5 3 6 4
2 4 5 3 2 0 1
1 0 1 0 2 0 0
2 0 4 2 3 0 1
1 3 4 0 2 0 1
1 4 3 1 5 6 2
23 1 2 3 4 0 0
1 1 2 5 4 0 3
19 0 3 2 1 0 0
2 0 3 2 0 1 0
2 5 4 3 2 0 1
3 3 4 0 0 1 2
2 1 0 2 3 0 4
2 0 1 0 0 0 2
1 0 3 1 0 0 2
3 5 6 1 2 4 3
1 3 2 0 0 4 1
9 4 5 3 2 6 1
13 2 1 3 4 0 0
1 1 2 4 0 0 3
1 0 0 0 1 2 0
1 2 4 5 3 1 6
2 1 0 0 0 2 0
1 4 0 2 3 0 1
2 2 1 3 4 0 5
57 0 3 1 2 0 0
10 3 4 2 1 5 6
1 1 3 4 2 6 5
1 2 5 3 4 6 1
19 5 4 2 1 6 3
12 1 3 0 0 0 2
21 0 1 0 0 0 0
1 4 3 2 1 5 6
3 0 0 2 1 3 0
88 0 0 0 0 1 0
16 2 1 0 0 0 3
1 2 1 4 5 0 3
2 1 2 5 4 6 3
1 3 2 4 1 0 0
4 1 3 4 2 0 0
2 2 3 4 5 1 6
1 1 6 2 3 5 4
19 3 4 2 1 6 5
3 3 2 4 5 1 6
1 3 4 1 6 5 2
2 4 5 2 3 0 1
4 2 1 4 3 6 5
58 1 2 0 0 0 3
1 2 1 3 4 5 0
2 3 1 4 2 0 0
1 1 4 5 6 2 3
1 3 5 6 1 4 2
17 2 3 0 0 0 1
3 2 0 1 0 0 3
1 5 6 1 3 2 4
484 1 2 0 0 0 0
75 0 0 2 1 0 3
23 3 4 2 1 0 0
1 0 2 0 1 0 0
1 1 2 4 5 0 3
2 0 3 0 2 1 0
1 2 1 5 4 6 3
1 0 4 1 3 0 2
3 2 3 0 1 0 0
5 1 3 4 5 6 2
44 0 0 3 2 0 1
1 4 3 5 6 1 2
12 0 0 1 3 0 2
2 0 1 0 2 0 3
1 5 4 6 3 2 1
1 3 2 5 6 4 1
5 4 5 2 1 0 3
2 1 4 2 3 0 0
6 1 0 0 2 0 0
1 0 2 1 0 3 0
20 4 3 1 2 5 6
1 6 4 1 2 5 3
1 4 5 3 1 2 6
25 1 2 5 6 3 4
3 3 2 4 5 6 1
1 3 4 2 1 5 0
20 0 0 0 1 0 0
2 2 1 4 3 5 6
7 0 1 2 0 0 0
1 3 4 5 2 6 1
1 4 2 1 3 0 0
1 2 3 4 6 5 1
2 1 2 3 5 6 4
1 2 3 0 0 1 4
2 4 5 1 2 3 6
2 0 1 0 0 2 0
4 2 0 0 1 0 0
1 2 1 0 0 3 4
1 3 1 2 4 6 5
1 1 2 3 0 0 4
4 1 0 2 0 0 3
1 2 3 4 1 5 6
1 0 1 3 2 0 0
2 0 0 3 2 1 0
40 3 2 0 0 1 0
7 1 2 4 5 3 6
1 2 5 1 4 6 3
52 3 4 1 2 0 0
1 0 2 0 3 0 1
1 6 4 3 2 5 1
1 3 5 6 4 1 2
1 2 4 1 3 5 6
1 4 1 3 2 0 0
3 0 0 2 0 0 1
3 3 2 5 6 1 4
4 1 0 2 0 3 0
1 5 3 4 1 0 2
1 2 4 3 1 0 5
37 3 0 2 1 0 0
37 2 1 0 0 3 0
1 3 1 2 0 0 0
1 5 6 2 3 4 1
1 6 5 2 3 4 1
6 2 0 1 3 0 0
8 0 0 1 0 0 2
1 3 2 4 5 0 1
61 1 2 3 0 0 0
1 5 2 4 3 1 6
79 3 0 1 2 0 0
5 0 0 0 0 1 2
50 2 3 0 0 1 0
12 3 4 1 2 0 5
2 6 5 2 1 3 4
1 2 1 6 5 3 4
2 1 4 2 3 6 5
5 2 3 4 5 6 1
1 3 0 2 0 0 1
1 2 3 1 4 0 0
1 1 4 3 5 0 2
1 5 3 1 2 6 4
8 4 5 2 3 6 1
1 3 6 2 1 5 4
2 3 0 1 0 0 2
29 4 3 1 2 0 0
14 1 2 4 5 6 3
1 4 3 2 5 6 1
2 1 0 3 0 0 2
6 4 3 1 2 0 5
1 3 2 1 4 0 0
7 0 0 0 2 0 1
1 1 3 5 4 6 2
1 5 4 2 3 6 1
1 4 5 1 3 6 2
8 2 0 0 0 1 0
1 1 2 0 0 4 3
46 0 0 0 0 0 1
1 4 3 2 1 0 5
2 2 6 3 4 5 1
1 2 1 3 6 5 4
19 3 4 1 2 5 6
2 2 4 5 1 6 3
6 1 0 0 0 0 2
12 4 3 2 1 0 0
35 0 0 1 0 0 0
3 6 5 2 1 4 3
23 5 4 1 2 6 3
5 1 2 0 0 3 4
1 3 4 5 1 6 2
7 2 3 1 0 0 0
23 4 3 1 2 6 5
8 1 2 6 5 3 4
5 3 2 0 0 0 1
2 1 0 0 0 2 3
11 2 1 3 4 5 6
1 2 0 3 0 0 1
4 0 3 0 0 1 2
1 0 2 3 0 1 0
1 5 4 2 3 0 1
2 3 0 2 1 0 4
5 2 0 3 1 0 0
6 3 4 2 1 0 5
1 5 4 1 2 3 6
2 0 4 2 1 0 3
2 1 3 2 4 6 5
1 3 2 0 1 0 0
1 1 5 4 2 6 3
8 2 0 1 0 0 0
2 3 4 5 6 1 2
6 2 1 0 3 0 0
6 5 4 1 2 0 3
1 0 2 0 0 0 1
1 2 4 0 0 1 3
4 2 1 4 5 6 3
1 1 0 3 2 0 0
63 4 5 1 2 6 3
2 5 4 1 3 6 2
1 2 0 0 1 0 3
1 6 5 4 3 2 1
3 4 1 2 3 0 0
1 2 3 6 5 4 1
108 1 2 0 0 3 0
2 1 3 0 2 0 0
5 3 2 1 0 0 0
1 2 3 4 1 6 5
8 1 2 6 5 4 3
10 0 0 1 2 3 0
1 1 4 3 2 0 0
22 2 1 3 0 0 0
4 1 3 2 0 0 0
13 4 5 1 2 0 3
168 2 1 0 0 0 0
22 4 5 2 1 6 3
6 2 0 0 0 0 1
1 5 4 3 2 1 6
3 0 0 3 1 0 2
187 0 0 1 2 0 3
30 1 2 3 4 6 5
1 6 5 1 2 3 4
1 3 4 2 5 6 1
1 1 0 0 2 0 3
5 0 0 0 0 2 1
2 1 2 5 4 3 6
1 3 4 1 0 0 2
1 0 2 0 0 1 3
16 1 0 2 0 0 0
20 1 2 0 3 0 0
5 3 1 0 0 2 0
4 1 0 0 3 0 2
1 1 3 6 4 2 5
1 4 0 2 1 0 3
2 3 0 1 4 0 2
1 0 1 0 0 3 2
1 1 3 2 4 5 0
3 2 3 5 6 1 4
4 3 0 0 2 0 1
1 2 0 0 0 1 3
