16 Mossend and Holytown
3 6 304 3796
Beth BAUDO, SNP
Sheila CAMERON, Con
Michael CLARKSON, SNP
John MARSHALL, Alba
Frank MCNALLY, Lab
Jim REDDIN, Lab
10 1 0 2 0 4 3
1 5 0 4 3 2 1
56 2 0 1 0 3 0
2 1 6 3 2 4 5
5 0 2 0 0 3 1
3 0 0 2 1 0 0
2 0 2 3 1 0 0
2 1 0 4 5 2 3
1 4 2 0 0 1 3
12 0 0 3 0 2 1
1 3 0 2 0 1 4
2 3 0 4 5 1 2
18 1 0 2 3 4 5
9 3 5 4 6 1 2
1 1 5 2 4 3 6
1 4 5 1 6 2 3
10 3 0 4 0 2 1
1 4 0 2 0 3 1
1 2 1 3 0 4 5
2 0 3 0 1 2 4
1 5 3 6 4 2 1
1 0 1 0 3 0 2
1 5 2 6 3 4 1
1 4 0 5 3 1 2
6 0 0 0 1 0 2
1 3 4 5 6 2 1
28 3 0 0 0 1 2
1 0 1 0 4 3 2
1 0 3 0 4 2 1
17 2 0 1 3 4 5
157 0 1 0 0 2 3
8 5 3 6 4 1 2
14 1 6 2 5 4 3
1 5 6 1 2 3 4
10 0 0 2 0 1 3
1 2 4 1 3 6 5
2 0 0 1 3 2 0
1 1 0 2 4 3 0
1 3 4 5 0 2 1
3 1 5 2 6 4 3
1 1 3 2 6 5 4
138 1 0 2 3 0 0
2 0 4 0 3 1 2
1 2 6 4 5 3 1
4 1 3 2 4 5 6
1 1 5 3 6 4 2
4 6 4 5 3 1 2
3 1 0 3 0 2 0
18 3 0 4 0 1 2
2 5 4 3 6 1 2
16 0 2 0 0 1 0
2 0 0 1 2 0 0
1 4 0 2 1 3 0
6 3 6 1 5 2 4
1 3 1 6 4 5 2
12 2 6 1 3 5 4
1 4 5 3 0 2 1
1 1 3 2 4 0 0
1 1 6 5 2 3 4
42 1 0 0 0 0 0
2 3 4 1 2 6 5
1 3 1 0 0 0 2
2 4 1 5 6 3 2
1 2 4 3 1 0 0
1 3 0 2 5 1 4
1 2 1 5 4 3 6
16 4 0 3 0 1 2
5 0 1 0 2 0 0
2 2 6 3 5 1 4
1 5 4 3 6 2 1
1 4 1 5 2 6 3
6 0 0 0 1 3 2
2 1 0 4 0 2 3
8 0 0 0 1 2 3
6 4 5 3 6 1 2
6 4 6 5 3 1 2
1 2 6 3 4 1 5
2 0 0 0 2 3 1
4 1 3 2 6 4 5
1 1 5 4 6 2 3
2 0 0 0 2 1 0
12 0 1 0 0 0 2
1 2 6 3 1 5 4
3 5 1 4 6 2 3
1 6 2 5 4 1 3
4 0 0 1 0 2 3
14 6 3 5 4 1 2
1 5 6 2 3 1 4
3 0 3 0 2 0 1
1 2 4 1 5 6 3
1 2 5 3 6 4 1
1 2 1 3 4 0 0
3 0 0 0 1 2 0
5 1 0 0 0 2 0
54 1 6 2 5 3 4
2 3 6 1 4 2 5
3 2 4 5 6 1 3
1 2 0 5 1 4 3
2 1 5 4 6 3 2
4 6 3 5 4 2 1
1 4 0 2 1 3 5
2 1 6 3 5 2 4
3 2 3 1 4 5 6
161 0 1 0 0 0 0
4 3 0 1 0 2 0
3 4 5 3 6 2 1
1 0 0 2 1 3 0
5 6 5 4 3 1 2
86 0 0 0 0 1 0
1 2 1 0 0 0 3
14 1 0 2 5 3 4
3 0 1 0 3 2 0
46 2 6 1 5 3 4
1 3 1 2 6 4 5
1 5 2 4 6 1 3
13 1 6 2 3 5 4
3 2 0 0 0 3 1
5 5 1 6 4 3 2
53 0 3 0 0 2 1
2 3 5 2 6 1 4
1 5 0 2 3 1 4
1 1 4 5 6 2 3
1 6 4 5 1 2 3
1 0 1 2 0 3 0
1 3 6 4 1 5 2
2 0 1 3 0 2 0
25 2 0 1 0 3 4
2 2 0 0 1 3 0
1 4 0 5 1 3 2
15 2 0 1 0 0 3
5 1 0 2 3 5 4
1 4 5 2 6 1 3
1 3 6 5 4 1 2
1 1 2 0 0 0 0
3 0 0 2 1 0 3
2 2 3 1 6 5 4
1 5 6 4 1 2 3
4 0 2 0 1 0 0
3 0 3 0 1 2 0
1 3 5 4 6 2 1
4 1 0 3 0 2 4
11 2 6 3 1 4 5
10 2 5 1 6 3 4
1 0 3 0 2 1 0
4 2 3 0 1 0 0
3 5 3 4 6 1 2
1 0 0 3 2 0 1
12 4 3 5 6 1 2
4 2 6 1 4 3 5
3 5 4 6 3 2 1
5 0 1 0 2 0 3
5 5 3 4 6 2 1
1 4 3 0 0 2 1
4 1 0 0 2 0 0
1 5 6 3 2 1 4
1 6 5 3 4 1 2
1 0 2 1 0 3 0
1 0 2 0 3 1 0
1 3 6 4 1 2 5
9 2 0 1 5 3 4
4 2 0 4 0 1 3
1 6 3 4 5 1 2
1 5 0 1 3 4 2
50 0 0 0 1 0 0
1 3 0 1 0 2 4
1 3 2 4 0 1 5
1 0 3 4 0 1 2
1 0 0 2 0 3 1
1 4 3 6 5 1 2
2 0 1 2 0 0 0
2 2 3 1 6 4 5
8 2 6 1 5 4 3
1 1 6 3 2 5 4
5 1 6 2 4 3 5
24 0 1 0 0 2 0
5 2 0 0 1 0 0
28 1 0 2 0 0 3
2 3 0 4 5 2 1
3 3 2 0 0 1 0
1 2 5 1 4 6 3
2 0 2 0 3 0 1
1 3 5 6 2 1 4
1 3 1 2 4 5 6
7 0 0 2 0 1 0
10 1 5 2 6 3 4
45 1 0 2 0 3 4
9 4 0 3 0 2 1
2 2 4 1 3 5 6
38 0 0 3 0 1 2
1 4 1 5 3 6 2
1 0 0 2 0 0 1
1 5 2 6 4 3 1
101 1 0 2 0 3 0
2 2 6 5 1 3 4
2 4 0 1 0 2 3
23 3 0 2 1 0 0
7 0 0 1 0 2 0
4 3 1 2 0 0 0
1 3 0 2 1 4 5
1 4 3 0 1 0 2
4 1 4 2 3 5 6
72 2 0 1 3 0 0
3 3 0 0 0 2 1
6 1 2 3 0 0 0
8 2 0 3 0 1 0
2 3 0 0 1 2 0
470 0 0 0 0 1 2
2 3 0 1 2 0 0
1 0 3 5 4 1 2
3 2 5 1 6 4 3
2 2 5 4 6 1 3
3 2 3 0 0 1 0
1 0 3 1 0 2 0
1 1 4 2 3 6 5
2 4 6 5 3 2 1
1 4 1 5 6 2 3
7 6 1 5 4 3 2
2 4 6 1 5 2 3
1 3 0 2 0 0 1
2 3 0 1 0 0 2
6 3 6 2 1 5 4
1 4 3 1 2 0 0
1 2 4 3 1 5 6
2 4 0 1 5 2 3
1 1 0 3 0 0 2
2 5 4 6 3 1 2
1 0 0 0 2 0 1
3 2 0 0 0 1 0
2 5 0 4 3 1 2
18 0 0 0 0 0 1
38 0 0 0 3 1 2
1 4 6 1 2 5 3
9 3 6 4 5 2 1
1 1 0 0 0 0 2
2 0 0 0 2 1 3
18 0 0 1 0 0 0
11 3 6 4 5 1 2
3 2 0 3 0 1 4
2 2 0 1 3 4 0
1 1 3 2 0 5 4
27 2 6 1 3 4 5
2 2 3 1 0 0 0
4 1 0 0 0 2 3
1 4 3 6 5 2 1
163 0 3 0 0 1 2
8 4 3 5 6 2 1
10 3 6 2 1 4 5
24 2 0 3 1 0 0
12 0 0 0 3 2 1
1 5 6 1 4 3 2
1 1 6 2 4 5 3
1 4 2 5 6 1 3
1 1 3 2 4 6 5
18 4 6 3 5 1 2
1 5 1 6 4 2 3
4 1 0 3 5 2 4
5 2 0 1 0 4 3
1 4 6 5 1 3 2
243 2 0 1 0 0 0
2 3 4 5 6 1 2
1 5 0 2 1 3 4
2 2 1 0 3 0 0
9 5 6 4 3 1 2
2 0 2 0 0 0 1
1 2 0 3 1 4 5
5 1 0 3 2 0 0
2 1 0 2 5 4 3
1 2 1 3 6 4 5
2 0 1 0 2 3 4
1 1 6 4 3 2 5
2 2 0 0 1 0 3
4 5 6 4 3 2 1
1 6 5 4 3 2 1
3 1 2 0 0 3 0
1 1 3 0 2 0 0
5 0 1 0 2 3 0
1 3 2 1 0 0 0
2 4 6 3 5 2 1
2 2 0 1 4 3 0
1 4 2 3 0 1 0
2 0 0 1 2 3 0
1 2 5 3 6 1 4
14 1 3 2 0 0 0
2 2 1 3 0 0 0
7 6 1 5 4 2 3
2 3 6 1 2 4 5
1 2 0 0 0 0 1
1 2 1 0 0 0 0
2 2 0 0 3 1 0
1 3 5 1 6 2 4
2 1 6 4 5 3 2
2 4 0 3 5 1 2
2 1 0 2 3 4 0
13 3 0 2 0 1 0
1 3 1 0 2 0 0
1 0 1 3 0 0 2
166 0 0 0 0 2 1
41 1 6 2 3 4 5
35 0 2 0 0 1 3
335 1 0 2 0 0 0
1 3 1 0 0 2 0
5 0 3 0 4 1 2
56 0 1 0 0 3 2
7 2 0 0 0 1 3
