18 Motherwell North
4 6 445 5202
Oyebola AJALA, Con
Gerry BRENNAN, SNP
Andrew DUFFY-LAWSON, Lab
Shahid FAROOQ, Alba
Ayeshah KHAN, Lab
Anne THOMAS, SNP
1 0 3 4 5 2 1
53 2 0 1 0 3 0
1 0 5 1 3 2 4
3 0 3 2 0 4 1
1 1 6 3 2 4 5
43 0 2 3 0 0 1
24 0 2 0 0 3 1
4 0 2 3 1 0 0
1 5 1 4 2 0 3
1 4 3 5 2 6 1
1 3 0 2 0 1 4
4 0 0 3 0 2 1
1 1 4 2 0 3 5
9 1 5 2 4 3 6
6 0 1 2 3 0 0
1 6 3 2 1 5 4
1 4 1 0 0 3 2
1 3 2 4 1 5 6
1 0 4 1 5 2 3
14 0 0 2 3 1 0
1 5 3 2 6 4 1
155 0 1 0 3 0 2
60 6 1 3 5 4 2
2 5 1 2 6 4 3
1 5 2 6 3 4 1
2 5 1 3 0 4 2
4 6 5 1 4 2 3
5 0 0 0 1 0 2
1 4 2 5 3 1 6
1 0 4 3 1 0 2
1 4 6 1 3 2 5
33 6 2 5 3 4 1
6 0 1 5 3 4 2
2 0 1 0 4 3 2
6 5 1 2 6 3 4
6 3 2 5 4 6 1
1 0 2 1 3 0 0
9 0 1 2 0 3 4
1 3 1 4 5 6 2
11 0 1 0 0 2 3
55 6 1 4 3 5 2
34 0 2 3 0 4 1
1 2 5 1 3 4 6
18 0 0 2 0 1 3
1 2 0 0 3 0 1
11 0 3 0 1 0 2
1 4 2 6 1 5 3
38 0 0 1 3 2 0
7 1 0 2 4 3 0
1 2 3 5 1 6 4
1 1 2 3 4 5 6
1 1 5 2 6 4 3
7 6 3 2 5 1 4
3 0 1 4 2 0 3
1 1 3 2 6 5 4
6 1 0 2 3 0 0
1 3 4 1 0 2 0
1 6 1 2 3 5 4
1 4 2 1 6 3 5
1 3 2 1 5 6 4
1 6 2 1 4 3 5
1 1 3 2 4 5 6
1 5 2 3 4 6 1
22 1 0 3 0 2 0
1 0 5 1 4 2 3
1 5 4 3 6 1 2
3 0 2 4 5 3 1
46 0 1 4 0 3 2
3 0 0 1 2 0 0
5 0 2 0 0 1 0
2 4 0 2 1 3 0
1 4 5 6 1 2 3
2 4 0 3 1 2 0
1 4 2 3 5 1 6
1 1 2 0 4 3 0
2 4 2 5 3 6 1
1 3 6 1 5 2 4
1 3 1 6 4 5 2
3 0 0 1 0 3 2
189 1 0 0 0 0 0
21 0 2 1 0 0 0
1 1 4 2 0 0 3
2 0 1 5 4 3 2
1 6 1 2 4 5 3
1 4 6 5 2 1 3
25 0 2 0 1 0 3
2 0 2 3 5 4 1
9 3 1 0 0 0 2
2 6 4 2 3 1 5
5 3 6 2 4 1 5
2 4 1 5 6 3 2
6 6 3 4 1 5 2
1 4 2 1 3 5 6
7 6 2 1 5 3 4
1 4 5 3 1 6 2
1 4 2 0 1 0 3
1 3 6 5 1 2 4
9 0 1 0 2 0 0
1 0 1 0 2 4 3
1 0 3 1 0 4 2
1 3 4 0 2 0 1
1 0 4 2 3 0 1
1 6 2 3 4 5 1
1 0 0 0 1 3 2
1 4 1 5 2 6 3
1 4 2 0 3 0 1
4 0 0 0 1 2 3
23 0 3 2 0 1 0
1 6 2 1 4 5 3
9 0 0 3 1 2 0
2 6 2 5 3 1 4
1 4 1 6 2 5 3
1 0 0 0 2 3 1
3 4 5 2 3 1 6
6 4 1 3 5 6 2
2 0 0 0 2 1 0
2 4 2 5 1 6 3
526 0 1 0 0 0 2
2 5 1 4 6 2 3
1 6 2 5 4 1 3
37 0 0 1 0 2 3
3 0 3 1 0 0 2
2 1 5 3 2 4 6
3 0 2 0 3 4 1
2 3 2 0 0 4 1
1 0 1 2 5 3 4
2 0 3 0 2 0 1
1 4 5 3 2 6 1
4 1 5 3 4 2 6
2 2 5 3 1 4 6
8 0 0 0 1 2 0
2 6 4 3 1 2 5
11 1 0 0 0 2 0
12 3 6 1 4 2 5
2 1 6 2 5 3 4
1 3 4 2 1 5 6
1 6 3 5 4 2 1
4 1 3 0 0 0 2
2 1 6 3 5 2 4
4 6 5 1 3 2 4
1 4 2 5 6 3 1
162 3 0 1 0 2 0
100 0 1 0 0 0 0
4 6 5 2 3 1 4
1 2 3 0 1 0 4
13 5 2 3 6 4 1
5 0 0 2 1 3 0
1 0 2 0 4 3 1
56 0 0 0 0 1 0
1 2 1 0 0 0 3
11 5 1 3 6 4 2
13 0 4 2 0 1 3
1 3 2 0 5 4 1
2 6 3 5 1 4 2
4 0 1 4 3 0 2
2 6 3 5 2 4 1
1 1 2 5 4 6 3
5 0 1 0 3 2 0
1 4 1 0 3 0 2
1 4 2 0 5 3 1
2 5 4 1 6 3 2
1 5 1 6 4 3 2
4 0 2 4 3 5 1
9 6 1 5 2 4 3
3 1 2 0 0 0 3
3 0 3 0 0 2 1
1 3 1 4 6 5 2
13 6 1 2 5 4 3
3 6 4 5 1 2 3
8 0 1 2 0 3 0
1 4 1 3 0 5 2
18 0 3 2 0 1 4
15 3 4 1 6 2 5
1 3 6 4 1 5 2
3 0 1 3 0 2 0
2 2 5 3 4 1 6
1 2 0 0 1 3 0
1 3 1 5 4 2 6
2 2 3 0 0 0 1
1 4 0 2 3 1 5
16 0 2 1 0 0 3
1 4 5 2 6 1 3
2 0 2 3 4 5 1
2 1 2 0 0 0 0
4 3 0 2 4 1 0
3 0 4 2 5 1 3
5 0 2 0 1 0 0
12 5 4 1 6 2 3
5 0 3 0 1 2 0
1 5 1 4 0 3 2
1 2 6 3 1 4 5
2 3 4 2 5 1 6
1 0 4 2 3 1 0
1 2 3 0 1 0 0
1 0 1 5 2 3 4
1 5 3 4 6 1 2
1 3 5 2 1 6 4
1 6 3 2 5 4 1
19 0 1 0 2 0 3
11 5 3 1 6 2 4
1 1 5 2 4 3 0
2 3 2 5 6 4 1
2 5 3 4 6 2 1
3 2 5 1 4 3 6
1 0 2 4 1 3 0
1 1 6 3 4 2 5
1 2 4 3 6 5 1
20 0 4 1 0 2 3
1 6 5 4 1 3 2
1 6 1 2 4 3 5
2 6 3 2 4 1 5
20 6 4 1 5 2 3
18 3 5 1 4 2 6
11 1 0 0 2 0 0
7 3 0 1 4 2 0
19 0 2 1 0 3 0
1 0 2 0 3 1 0
3 6 3 1 4 2 5
5 6 4 2 5 1 3
2 0 3 2 5 1 4
1 6 4 1 2 5 3
6 5 1 4 6 3 2
4 0 4 3 0 1 2
1 0 4 2 3 1 5
3 6 2 4 5 1 3
84 0 0 0 1 0 0
1 1 5 6 3 2 4
2 0 3 4 0 1 2
4 0 0 2 0 3 1
1 0 0 3 4 1 2
29 0 1 2 0 0 0
1 2 3 1 6 4 5
1 5 4 1 0 2 3
3 0 1 4 2 5 3
3 3 6 2 5 1 4
3 0 0 2 3 1 4
8 1 6 2 4 3 5
1 4 5 1 2 3 6
1 1 4 6 2 3 5
6 0 1 0 0 2 0
4 2 0 0 1 0 0
1 1 3 2 5 4 6
1 5 2 3 4 1 0
2 1 0 2 0 0 3
1 5 4 2 6 1 3
1 0 4 5 1 2 3
1 4 1 3 6 5 2
3 0 0 3 2 1 0
4 1 0 3 2 4 0
1 1 0 0 3 2 0
2 0 2 5 1 4 3
2 5 2 3 0 4 1
62 0 2 0 3 0 1
48 6 2 3 5 4 1
1 4 0 2 3 1 0
1 2 5 3 1 6 4
201 0 0 2 0 1 0
6 1 5 2 6 3 4
1 0 3 0 1 4 2
1 0 2 3 1 5 4
1 0 1 3 0 2 4
7 4 1 5 3 6 2
2 0 0 3 0 1 2
8 0 0 2 0 0 1
3 0 1 4 5 3 2
171 1 0 2 0 3 0
3 1 4 2 5 3 6
1 1 4 3 5 6 2
1 6 1 5 3 2 4
3 6 3 4 2 5 1
1 3 0 2 1 0 0
42 0 3 1 0 2 4
1 4 0 1 2 3 0
1 4 6 2 1 3 5
1 2 1 0 0 3 0
543 0 0 1 0 2 0
5 6 2 5 4 3 1
2 3 1 2 0 0 0
1 5 3 2 6 1 4
1 4 3 0 1 0 2
1 6 4 1 5 3 2
2 1 4 2 3 5 6
1 0 3 1 2 5 4
10 6 2 5 1 4 3
2 2 0 1 3 0 0
4 0 1 4 0 2 3
4 0 0 1 0 0 2
1 3 1 4 0 0 2
1 3 0 0 0 2 1
4 0 2 4 3 0 1
3 1 2 3 0 0 0
2 0 0 3 1 2 4
9 2 0 3 0 1 0
4 3 0 0 1 2 0
1 3 0 1 2 0 0
4 0 0 0 0 1 2
2 6 5 2 1 3 4
40 0 3 1 0 2 0
2 3 1 5 4 6 2
4 1 4 3 6 2 5
1 0 3 1 5 2 4
1 2 4 1 6 3 5
1 0 1 2 3 4 5
1 4 6 3 2 1 5
1 0 4 3 0 2 1
6 6 1 5 4 3 2
1 4 6 1 5 2 3
2 3 0 2 0 0 1
5 0 1 0 3 4 2
6 6 2 4 1 5 3
1 1 3 2 0 4 0
1 0 4 1 3 2 5
2 3 0 1 0 0 2
1 5 2 1 6 4 3
1 0 4 3 5 2 1
1 1 3 5 4 6 2
1 5 3 1 4 6 2
3 2 0 0 0 1 0
30 0 0 0 0 0 1
8 6 1 2 5 3 4
1 3 4 1 2 5 6
2 0 0 0 3 1 2
21 0 1 2 0 4 3
5 1 0 0 0 0 2
1 6 2 4 1 3 5
1 1 3 4 6 5 2
3 0 0 0 2 1 3
163 0 0 1 0 0 0
1 2 0 3 0 1 4
5 0 2 1 0 4 3
3 2 3 1 0 0 0
1 2 6 1 3 4 5
4 3 2 0 0 0 1
3 0 3 2 0 0 1
1 4 0 1 3 2 0
1 1 2 4 6 5 3
26 6 2 4 3 5 1
1 1 2 3 0 4 0
5 0 3 0 0 1 2
1 4 1 6 3 2 5
6 6 4 1 3 2 5
1 0 5 3 4 2 1
1 0 2 3 0 1 0
2 0 2 3 0 1 4
5 3 4 2 6 1 5
4 2 0 3 1 0 0
1 3 1 0 4 0 2
1 1 6 4 2 3 5
6 0 3 4 0 2 1
1 5 6 1 4 2 3
1 0 4 0 2 3 1
1 0 5 4 3 2 1
1 0 3 2 4 0 1
1 4 1 2 5 6 3
6 0 2 1 0 3 4
1 1 0 3 4 2 0
50 6 1 5 3 4 2
10 0 1 3 5 4 2
1 3 2 0 1 0 0
9 1 4 2 6 3 5
1 0 4 2 0 3 1
1 4 2 3 1 6 5
1 5 4 6 2 1 3
2 1 0 0 2 3 0
18 2 0 1 0 0 0
1 4 6 2 3 1 5
38 6 2 4 5 3 1
1 2 1 0 3 0 0
3 3 5 2 4 1 6
3 0 2 0 1 3 0
259 0 2 0 0 0 1
4 0 1 2 5 4 3
1 1 3 6 4 5 2
1 1 0 3 2 0 0
1 5 1 0 3 4 2
8 4 5 1 3 2 6
1 6 1 4 2 5 3
27 0 1 2 0 0 3
86 0 1 3 0 4 2
4 6 5 3 1 2 4
1 2 4 1 0 3 0
1 0 1 0 2 3 4
1 1 6 4 3 2 5
13 0 1 4 3 5 2
1 0 1 2 4 3 0
1 5 2 4 3 6 1
39 6 1 4 5 3 2
1 2 4 3 6 1 5
1 0 5 1 2 4 3
1 5 6 4 3 2 1
1 3 0 0 1 2 4
6 5 2 4 6 3 1
1 6 3 2 1 4 5
1 6 4 3 5 2 1
1 1 2 0 0 3 0
1 1 3 0 2 0 0
2 3 2 1 0 0 0
2 0 1 0 2 3 0
4 0 1 2 3 5 4
1 3 2 1 6 4 5
1 2 0 1 4 3 0
4 6 3 4 5 2 1
1 5 3 1 4 2 6
1 4 2 0 0 3 1
6 0 0 1 2 3 0
30 0 2 4 0 3 1
12 6 1 3 4 5 2
2 1 3 2 0 0 0
1 6 4 1 2 3 5
1 1 4 5 2 3 6
1 6 1 5 4 2 3
1 5 4 3 2 1 6
5 3 5 1 6 2 4
28 6 3 1 5 2 4
3 0 0 3 1 0 2
1 0 1 3 2 0 4
1 6 2 5 1 3 4
1 0 0 1 2 0 3
1 6 5 1 2 3 4
1 1 0 2 3 4 0
104 0 1 3 0 0 2
32 3 0 2 0 1 0
1 3 1 0 2 0 0
1 1 0 0 2 0 3
4 0 0 0 0 2 1
1 1 6 2 3 4 5
2 0 2 0 0 1 3
46 1 0 2 0 0 0
1 3 1 0 0 2 0
2 6 1 3 5 2 4
1 1 2 0 3 0 0
2 0 1 3 4 5 2
5 6 4 3 5 1 2
2 0 1 2 3 4 0
1 0 2 3 4 0 1
2 6 1 4 5 2 3
1 4 1 6 5 3 2
53 0 1 0 0 3 2
9 0 2 5 3 4 1
1 3 5 2 4 1 0
3 0 4 1 0 3 2
4 3 4 1 5 2 6
2 0 1 2 3 0 4
1 6 1 2 3 4 5
4 6 2 1 5 4 3
