17 Tay Bridgehead
3 8 1321 6280
Keith BARTON, Con
Sean David ELDER, Ind
Louise KENNEDY-DALBY, SNP
Allan McLean KNOX, SLD
Colin Neil Alexander PALMER, Grn
Steven SIMPSON, Alba
Jonny TEPP, SLD
Philip THOMPSON, Lab
1 8 6 3 4 2 7 1 5
2 0 0 1 0 3 0 4 2
1 4 3 7 1 6 8 2 5
1 5 3 7 2 6 8 1 4
1 3 1 8 4 7 6 5 2
1 0 6 5 2 3 0 1 4
3 3 1 0 0 0 0 2 0
3 2 1 0 3 0 0 4 0
1 0 0 1 0 2 3 5 4
2 8 6 2 4 3 7 1 5
1 8 6 2 5 1 3 7 4
1 7 5 1 4 2 8 3 6
1 7 6 5 4 2 8 1 3
1 2 0 1 0 3 0 0 0
1 0 1 0 0 3 0 2 0
1 0 4 2 0 0 0 3 1
1 8 7 1 5 6 4 3 2
1 7 0 3 2 1 6 5 4
1 1 7 8 3 4 6 2 5
2 0 4 1 2 0 0 0 3
1 7 1 8 5 4 6 2 3
3 8 4 1 7 2 3 5 6
1 0 0 1 2 6 5 3 4
17 0 1 0 2 0 0 3 0
1 2 0 0 3 1 0 4 0
1 0 4 2 0 3 0 0 1
1 8 7 1 2 3 6 4 5
1 0 5 4 2 3 0 1 0
2 0 2 0 0 3 1 0 0
3 0 0 2 1 0 0 0 0
2 0 2 3 0 0 1 0 0
1 0 6 3 4 2 0 5 1
1 5 4 7 2 3 8 1 6
1 5 6 0 2 4 7 1 3
1 8 7 1 6 5 4 3 2
1 8 7 1 5 2 6 3 4
1 0 6 5 1 4 0 2 3
1 0 2 1 0 4 3 0 5
5 0 0 0 0 2 0 1 3
3 0 0 3 0 2 1 0 0
1 7 8 6 1 5 4 2 3
1 5 6 1 4 2 7 8 3
2 7 6 1 3 4 8 2 5
1 8 1 3 5 2 7 4 6
1 0 0 3 5 2 0 4 1
1 0 4 2 5 1 7 6 3
1 5 1 0 3 0 0 2 4
1 0 0 1 2 3 4 5 6
3 8 7 1 3 4 6 2 5
30 3 0 0 1 0 0 2 4
12 0 0 1 5 2 0 4 3
1 5 0 0 4 2 0 1 3
1 8 3 1 6 4 2 5 7
1 8 6 2 4 1 3 5 7
1 0 0 2 5 3 4 1 0
1 0 2 1 4 3 0 5 0
1 6 0 3 5 2 0 4 1
1 0 7 3 4 1 6 2 5
2 0 1 2 3 0 0 0 0
1 6 4 8 2 3 5 1 7
1 8 6 3 2 1 7 4 5
1 0 5 2 6 1 0 4 3
1 1 5 0 2 4 0 3 0
1 1 5 6 2 7 8 3 4
1 1 2 8 3 7 6 5 4
1 0 0 1 3 5 0 2 4
1 8 6 4 5 3 7 1 2
1 0 0 1 3 5 4 2 0
1 8 7 1 5 6 2 3 4
1 8 4 3 5 2 7 1 6
1 7 4 1 5 6 8 2 3
221 3 0 0 2 0 0 1 0
8 0 0 4 2 3 0 1 0
1 1 3 0 0 2 0 0 0
15 1 0 0 2 0 0 3 4
5 0 0 0 1 2 0 3 4
1 7 8 5 2 4 6 3 1
1 0 5 4 3 1 0 2 0
10 0 0 2 3 1 0 0 0
1 8 7 1 2 5 6 3 4
1 5 7 3 2 4 8 1 6
1 0 0 1 3 5 6 4 2
2 6 7 8 1 4 5 2 3
1 5 6 1 2 7 8 3 4
1 8 7 4 2 5 6 3 1
2 4 1 0 3 0 0 2 0
1 0 6 2 1 4 5 3 0
5 3 6 8 1 5 7 2 4
1 0 0 1 4 3 0 0 2
3 1 4 0 2 0 0 3 5
1 8 3 2 4 5 7 1 6
1 1 2 0 3 0 0 4 5
1 5 6 8 1 3 4 2 7
1 2 6 1 3 7 8 4 5
1 4 7 8 3 5 1 6 2
36 0 0 0 0 0 0 0 1
7 0 2 0 3 0 0 1 0
2 0 0 4 1 2 0 3 0
1 0 2 0 0 1 0 0 3
1 0 6 2 5 1 0 3 4
1 0 1 0 4 5 0 3 2
2 3 4 8 1 6 7 2 5
1 7 0 5 3 1 6 2 4
1 7 5 8 2 6 3 1 4
3 6 3 8 1 5 7 2 4
1 7 6 2 4 1 8 5 3
11 1 4 0 2 0 0 3 0
1 0 1 2 6 3 0 5 4
1 1 5 4 2 6 7 3 8
1 0 0 5 2 3 4 1 0
1 7 6 1 2 3 8 5 4
1 7 6 4 2 5 8 1 3
2 0 2 1 3 0 0 0 0
1 8 7 2 6 3 1 5 4
2 2 3 0 0 0 0 1 0
1 8 1 5 7 3 2 6 4
1 0 5 1 4 2 0 3 6
4 8 4 2 7 3 1 6 5
4 0 0 4 2 1 0 3 5
14 0 0 2 0 1 0 3 0
1 8 7 1 6 2 5 4 3
2 7 8 1 6 2 3 5 4
1 8 7 2 3 4 6 1 5
1 6 0 7 2 4 3 5 1
3 3 5 8 2 7 6 1 4
1 0 3 2 5 1 0 6 4
1 3 4 7 1 6 8 2 5
1 8 6 3 2 4 7 1 5
1 0 2 3 0 4 1 0 0
2 0 0 2 4 1 0 5 3
2 8 6 1 3 2 7 4 5
1 0 0 0 1 0 2 3 0
3 0 1 2 0 0 0 0 3
1 8 7 2 3 1 5 4 6
1 1 5 8 2 6 7 4 3
1 3 2 0 0 0 0 1 0
2 8 7 1 5 2 6 4 3
1 0 4 1 6 5 0 2 3
2 8 4 1 5 2 3 7 6
2 0 1 0 2 0 0 0 3
1 3 5 0 2 0 6 1 4
1 8 5 1 2 6 7 3 4
1 3 5 8 2 6 7 4 1
12 0 0 2 0 1 3 0 0
3 0 0 4 3 1 0 2 5
4 0 0 1 4 2 0 0 3
1 0 4 0 3 1 0 2 0
1 8 5 7 2 6 4 1 3
1 4 5 7 1 8 6 2 3
1 3 6 1 5 2 4 7 8
1 0 7 1 3 6 5 4 2
1 8 5 7 4 1 2 3 6
1 6 5 8 4 3 7 2 1
3 0 0 0 0 1 0 3 2
3 3 0 0 0 0 0 1 2
4 3 5 8 2 6 7 1 4
1 8 7 2 6 1 4 5 3
1 1 5 8 2 6 7 3 4
1 8 3 1 5 2 4 6 7
2 3 8 7 1 6 5 2 4
1 8 5 2 3 1 7 4 6
31 0 0 1 3 2 0 0 0
1 0 0 5 1 6 3 2 4
1 0 0 2 3 0 1 0 0
1 7 4 1 5 2 8 6 3
2 0 0 5 2 3 0 1 4
2 0 3 2 6 1 0 5 4
2 0 0 1 3 0 4 2 0
1 2 5 8 3 6 7 1 4
1 5 4 8 3 6 7 1 2
30 0 0 0 3 0 0 2 1
2 2 4 0 1 0 0 3 5
1 0 0 2 5 3 0 1 4
1 0 3 5 2 4 0 1 6
1 8 7 2 6 3 1 4 5
1 0 1 0 4 3 0 2 5
1 4 3 8 5 6 7 2 1
1 7 0 1 5 4 6 3 2
1 0 0 4 1 2 0 0 3
3 0 0 0 0 1 0 2 3
1 0 5 1 6 2 3 7 4
1 0 0 5 4 1 0 2 3
1 8 3 1 6 2 4 7 5
1 0 2 3 4 1 0 5 6
1 1 4 7 2 3 5 6 8
1 0 0 1 5 2 3 0 4
1 0 0 5 4 1 0 3 2
1 7 5 8 1 4 6 2 3
1 3 7 8 1 4 6 2 5
1 4 5 2 6 8 1 3 7
1 0 3 2 0 1 5 0 4
1 0 1 3 0 0 0 0 2
150 0 0 0 2 0 0 1 3
1 8 7 2 6 5 1 3 4
1 1 0 3 0 2 0 0 0
1 0 3 1 5 4 0 2 6
19 0 0 1 2 0 0 0 0
1 4 8 1 2 6 7 5 3
3 4 3 8 2 7 6 1 5
2 0 2 0 0 1 0 0 0
1 8 7 1 4 3 6 2 5
1 5 0 2 1 4 0 3 0
1 8 5 6 2 1 7 3 4
1 0 5 0 4 3 0 1 2
2 0 0 1 4 2 6 3 5
1 2 6 7 3 5 4 0 1
1 8 4 3 1 6 7 2 5
2 0 0 2 4 3 0 1 5
2 1 6 8 3 5 7 2 4
1 6 7 1 2 5 8 3 4
1 3 1 0 0 0 0 0 2
1 4 0 3 1 2 0 0 0
1 6 7 1 8 2 3 4 5
1 8 7 3 5 4 1 6 2
2 0 4 2 1 0 0 3 0
1 0 0 0 0 1 3 0 2
1 0 3 1 4 6 5 7 2
6 0 0 0 1 0 0 0 2
1 1 0 0 3 4 2 0 0
1 8 6 5 1 3 7 2 4
2 8 7 1 4 5 2 3 6
2 8 4 2 6 3 1 7 5
3 0 0 3 4 2 0 1 5
1 8 6 2 1 5 7 3 4
1 1 2 8 6 5 7 4 3
1 4 5 2 3 6 8 1 7
1 4 8 5 3 7 6 1 2
6 0 0 1 0 2 0 3 4
1 2 0 4 1 5 0 3 0
1 0 1 4 2 3 0 5 6
1 4 3 0 1 0 0 2 5
6 0 0 0 3 2 0 1 4
1 0 0 1 0 2 3 4 5
1 0 0 1 5 2 6 4 3
1 0 3 0 2 5 0 1 4
1 7 6 8 1 5 4 2 3
1 1 7 8 2 6 5 3 4
44 0 0 1 0 3 2 0 0
1 0 0 0 2 0 1 3 0
1 2 3 1 5 6 4 7 8
1 8 6 2 1 3 7 5 4
5 0 0 3 0 2 0 0 1
2 8 7 1 3 2 6 4 5
1 6 8 5 1 3 7 2 4
1 0 3 2 0 0 0 0 1
3 0 1 0 0 0 0 2 0
91 1 0 0 0 0 0 0 0
9 0 2 1 0 0 0 0 0
1 8 5 2 6 1 7 4 3
2 3 0 0 0 0 0 2 1
11 0 0 0 2 1 0 3 0
6 0 0 0 2 0 3 1 0
1 6 7 5 1 3 8 2 4
2 6 5 0 2 4 0 1 3
1 4 1 0 3 0 0 2 5
1 7 5 6 2 4 8 1 3
1 0 3 0 0 4 2 0 1
1 8 6 1 4 5 7 2 3
3 0 0 2 1 0 0 0 3
1 4 8 1 3 5 6 2 7
1 8 1 6 4 2 7 5 3
1 5 4 8 1 7 6 2 3
2 0 0 2 3 5 0 1 4
4 0 0 4 3 2 0 1 5
1 8 7 1 4 6 3 2 5
1 0 1 5 3 0 0 2 4
1 8 5 1 3 4 7 2 6
1 7 6 1 8 3 5 4 2
1 8 3 4 5 1 2 6 7
1 2 4 0 3 0 0 1 0
1 0 0 3 0 0 1 2 0
1 0 0 3 0 4 0 1 2
1 0 6 2 5 1 0 4 3
2 0 0 3 2 1 0 4 0
4 0 3 1 0 0 0 0 2
5 4 5 8 1 6 7 2 3
1 8 3 2 6 7 1 5 4
1 0 2 3 0 1 0 0 4
2 0 0 1 4 2 5 3 6
2 0 0 2 4 3 0 1 0
1 0 0 3 1 2 0 0 4
1 0 0 1 4 3 0 2 5
1 0 1 0 2 0 0 0 0
2 1 0 0 2 0 0 4 3
1 8 3 1 2 6 7 5 4
1 5 2 1 6 3 7 8 4
1 0 3 0 0 2 0 0 1
5 0 0 0 4 2 0 1 3
2 2 4 0 1 0 0 3 0
1 0 3 1 0 4 2 0 0
1 0 0 0 3 0 2 0 1
1 2 4 8 1 5 6 3 7
1 8 3 1 5 4 2 6 7
2 8 7 1 5 3 6 4 2
1 8 7 1 6 4 5 2 3
1 0 2 1 3 6 0 4 5
36 0 0 3 1 0 0 2 0
2 8 7 2 5 1 6 3 4
1 0 5 6 2 3 0 1 4
1 2 6 8 3 5 7 1 4
1 8 7 6 3 4 5 2 1
2 0 3 4 1 0 0 2 0
1 0 2 1 6 4 3 5 0
6 0 3 2 0 1 0 0 0
1 0 7 2 6 1 5 4 3
1 1 8 2 4 3 5 7 6
1 0 3 2 1 0 0 0 0
6 0 0 1 0 2 0 4 3
10 0 4 0 1 0 0 2 3
1 7 5 1 8 2 3 4 6
3 0 0 0 2 3 0 0 1
1 0 0 0 0 3 1 2 0
1 8 6 1 5 2 7 3 4
1 3 2 8 7 5 6 4 1
1 8 5 6 4 1 7 3 2
1 0 4 2 5 1 0 6 3
3 4 0 0 2 3 0 1 0
1 7 5 3 2 4 8 1 6
8 0 0 0 3 2 0 1 0
2 8 2 1 7 3 4 6 5
2 2 0 1 0 0 0 0 3
1 8 1 2 5 7 3 6 4
1 0 3 2 0 4 0 1 0
1 4 0 1 3 0 0 2 0
16 0 0 2 3 0 0 1 0
2 6 7 1 5 2 8 4 3
4 0 2 0 0 0 0 1 3
1 5 4 7 6 3 8 2 1
6 8 4 1 6 2 3 7 5
1 0 0 0 2 3 4 1 0
5 8 6 1 5 3 2 4 7
1 5 4 1 3 6 8 2 7
7 0 0 3 0 2 0 1 0
7 0 0 1 3 0 0 0 2
1 0 3 1 0 2 4 5 0
1 5 8 6 2 3 7 1 4
1 0 4 1 6 2 0 5 3
1 7 6 2 3 4 8 1 5
1 8 4 6 1 3 7 2 5
3 3 4 8 2 6 7 1 5
1 0 0 1 6 2 3 5 4
1 1 0 0 0 2 0 0 3
2 0 0 1 2 3 0 4 0
1 1 0 0 3 4 0 2 0
1 2 4 3 1 6 5 8 7
91 0 0 1 0 2 3 0 0
20 0 0 1 0 3 0 2 0
1 0 0 1 3 2 0 5 4
3 0 0 2 3 1 0 4 5
1 8 6 2 5 1 7 4 3
3 0 3 1 0 0 2 0 0
1 5 4 8 2 1 7 3 6
1 5 6 7 1 4 8 2 3
1 8 7 4 1 2 5 6 3
2 2 0 0 3 0 0 1 4
5 0 1 0 0 0 0 2 3
1 0 0 5 3 2 6 1 4
1 0 3 1 4 0 0 2 0
1 7 3 1 6 4 5 2 8
1 8 6 1 4 2 5 3 7
1 0 3 2 4 1 0 5 6
2 3 5 7 2 8 6 1 4
6 0 0 1 2 3 0 4 5
3 0 0 2 5 1 0 3 4
2 0 0 1 3 4 0 2 5
1 4 1 7 2 6 8 3 5
3 0 2 1 0 0 0 0 3
1 0 0 3 4 0 0 1 2
1 7 6 3 2 5 8 1 4
1 3 4 0 2 0 5 1 0
3 8 4 1 7 3 2 6 5
1 7 6 2 4 0 5 1 3
1 0 2 0 4 0 0 1 3
1 6 8 1 5 2 7 4 3
1 4 3 1 2 5 6 7 8
1 8 7 1 2 4 5 6 3
7 0 0 1 0 0 2 3 0
1 8 4 1 5 2 7 3 6
1 3 7 6 2 8 5 1 4
2 6 7 1 3 2 8 4 5
1 4 6 0 1 5 0 2 3
1 8 5 6 1 3 7 2 4
1 8 7 3 6 1 2 4 5
3 0 0 0 1 2 0 0 0
1 1 3 2 4 6 8 5 7
1 7 8 1 3 5 6 2 4
1 0 6 1 5 2 0 4 3
1 1 0 0 0 2 0 0 0
1 7 8 2 4 3 1 5 6
1 0 1 3 0 0 0 2 0
2 7 4 1 6 2 3 8 5
72 0 0 0 1 3 0 2 0
1 6 7 8 2 3 4 1 5
1 0 2 4 6 1 0 5 3
3 0 0 3 2 0 0 0 1
1 5 1 7 2 6 8 3 4
3 0 3 1 2 0 0 0 0
1 0 4 1 0 2 0 3 0
1 8 5 1 4 7 6 3 2
1 8 7 4 3 5 6 2 1
3 3 4 0 1 0 0 2 5
2 1 4 7 3 6 8 2 5
1 1 7 8 2 5 4 3 6
1 0 0 5 3 4 0 2 1
1 6 7 1 3 2 8 5 4
1 0 4 0 1 3 0 2 5
1 0 4 1 7 2 3 6 5
1 8 4 2 3 7 6 1 5
1 0 0 4 0 3 0 1 2
5 0 0 3 2 4 0 1 5
3 0 1 0 3 0 0 0 2
5 1 0 0 3 0 0 2 4
2 0 1 0 3 4 0 2 0
5 0 0 2 4 1 0 3 0
1 0 0 0 0 0 1 2 3
1 5 4 2 3 7 8 1 6
1 3 6 4 2 8 7 1 5
1 1 6 0 2 5 0 3 4
13 0 0 1 0 0 0 0 2
1 0 2 1 4 6 7 3 5
1 4 5 7 2 8 6 1 3
1 4 3 8 5 6 1 7 2
2 0 0 5 2 1 0 3 4
2 0 5 1 0 2 4 0 3
3 3 0 1 0 2 0 0 0
1 0 7 1 5 2 3 4 6
1 5 8 7 1 3 6 2 4
24 0 1 0 0 0 0 0 0
2 1 0 2 0 0 0 3 0
1 0 0 1 3 0 2 0 4
1 4 0 0 2 1 0 3 0
7 0 0 2 1 3 0 0 0
1 4 3 8 1 7 6 2 5
1 8 1 2 3 6 5 4 7
2 1 0 0 2 4 0 3 0
20 0 0 0 0 1 0 0 0
2 7 6 5 2 3 8 1 4
1 0 2 5 4 1 0 3 6
1 7 4 1 0 2 3 6 5
1 0 0 2 0 4 0 1 3
1 8 7 1 5 3 4 6 2
7 0 0 3 0 1 0 2 0
5 0 0 1 4 3 0 2 0
1 8 7 3 5 2 6 4 1
1 0 4 2 0 1 3 0 0
1 0 2 0 4 5 0 3 1
1 0 0 2 1 3 0 4 0
4 0 2 3 0 0 0 0 1
4 2 0 0 1 0 0 0 3
1 8 5 3 1 6 7 2 4
1 7 8 2 4 5 6 1 3
2 0 0 4 3 0 0 2 1
4 1 0 0 3 0 0 0 2
8 0 0 2 4 1 0 3 5
1 0 0 0 3 2 0 0 1
3 3 6 8 1 4 7 2 5
3 8 7 1 4 2 6 5 3
1 0 0 2 0 4 3 0 1
1 0 1 0 0 3 0 0 2
1 8 3 1 5 2 6 4 7
1 4 1 6 8 7 2 5 3
1 8 7 2 5 3 6 4 1
1 7 8 1 2 4 6 5 3
1 5 6 8 2 7 4 1 3
11 8 4 1 7 2 3 6 5
4 4 0 0 1 3 0 2 0
14 0 0 1 0 0 0 2 3
1 3 8 1 2 7 6 4 5
1 0 1 0 2 4 0 3 0
1 0 4 1 0 3 0 2 5
1 0 5 6 2 4 0 1 3
1 2 7 1 3 6 8 4 5
2 0 1 0 2 4 0 3 5
1 0 1 3 0 0 0 2 4
1 7 3 1 5 2 8 6 4
1 0 2 0 1 0 0 3 4
1 4 3 5 1 6 8 2 7
1 0 1 4 0 0 2 0 3
358 0 0 0 1 0 0 2 0
4 0 3 0 0 2 0 1 0
1 0 4 0 0 2 0 3 1
3 0 0 2 3 0 0 0 1
3 0 0 0 3 1 0 4 2
1 1 0 3 0 0 0 2 0
1 2 3 0 0 0 0 0 1
3 2 0 0 0 0 0 0 1
4 1 2 0 4 0 0 3 0
1 0 0 1 3 4 5 2 6
1 1 5 8 2 3 7 4 6
1 0 0 1 3 4 5 6 2
1 8 6 2 4 7 1 3 5
2 8 6 5 4 1 7 2 3
2 8 7 1 4 2 5 3 6
1 8 6 1 4 3 7 2 5
1 7 8 3 1 4 5 2 6
1 5 4 8 3 6 1 2 7
1 3 4 0 2 5 0 1 0
6 0 1 2 0 3 0 0 0
8 0 0 0 1 2 0 3 0
2 3 5 8 4 6 7 2 1
1 0 0 2 0 0 1 0 3
1 0 6 1 4 2 0 3 5
1 5 8 7 2 3 6 1 4
1 3 0 0 2 0 0 4 1
1 2 1 7 3 6 5 4 8
1 4 0 0 2 5 0 1 3
1 8 3 6 2 4 7 1 5
1 0 2 1 3 0 0 5 4
1 8 4 1 6 2 7 5 3
4 4 3 8 2 6 7 1 5
1 8 6 1 3 5 7 2 4
2 0 0 2 0 3 4 0 1
1 8 4 3 5 6 7 2 1
1 0 3 2 0 1 4 0 0
1 8 7 1 2 5 6 4 3
28 2 0 0 1 0 0 3 0
1 0 0 4 5 2 0 1 3
1 5 4 0 1 0 0 2 3
1 2 7 8 1 4 5 3 6
1 0 1 3 0 2 0 0 0
1 4 0 0 3 2 0 1 0
2 3 5 7 2 6 8 1 4
1 8 5 6 2 4 7 1 3
1 6 8 3 2 7 4 1 5
1 1 4 8 3 5 7 2 6
2 0 0 3 0 1 0 2 4
2 3 0 0 2 4 0 1 5
8 3 5 0 2 0 0 1 4
1 0 3 2 0 1 0 4 0
1 8 7 2 5 3 1 6 4
1 0 0 0 1 4 0 3 2
7 1 2 0 0 0 0 3 0
1 8 7 4 1 6 5 2 3
1 2 6 7 1 4 5 3 8
1 4 5 6 2 8 7 1 3
1 7 8 1 5 6 2 3 4
1 0 0 2 0 3 0 1 4
2 8 3 1 6 2 5 7 4
2 0 0 1 3 2 4 0 0
1 8 7 1 4 3 6 5 2
4 0 2 1 0 0 3 0 0
1 8 5 2 3 6 7 1 4
3 0 0 0 2 0 0 0 1
1 0 4 1 0 3 0 0 2
4 0 0 2 5 1 0 4 3
11 1 2 0 0 0 0 0 0
1 8 1 2 4 3 5 6 7
1 5 7 1 2 6 8 3 4
1 0 0 2 1 3 5 4 0
7 0 0 0 3 1 0 2 0
1 7 0 5 2 1 6 4 3
1 0 0 3 1 2 0 4 0
1 0 0 5 3 2 0 1 4
3 0 2 0 1 0 0 0 0
1 7 8 6 2 5 3 1 4
4 2 1 0 0 0 0 3 0
1 8 2 1 4 3 5 6 7
1 0 5 6 4 2 0 1 3
1 8 6 5 3 4 7 2 1
13 0 0 1 3 2 0 4 0
36 0 0 0 0 0 0 1 0
3 0 0 4 2 0 0 1 3
1 0 0 3 1 2 0 4 5
2 0 0 0 0 0 2 0 1
1 7 5 2 4 3 6 1 8
1 0 0 1 0 0 4 2 3
1 0 0 2 6 1 4 5 3
1 8 4 3 5 2 1 6 7
3 6 5 7 1 4 8 2 3
13 0 0 0 1 4 0 2 3
1 8 5 1 2 6 7 4 3
3 0 0 1 3 0 0 2 4
34 3 0 0 2 0 0 1 4
51 0 0 1 2 0 0 3 0
9 0 0 2 3 1 0 4 0
3 0 0 1 0 3 2 0 4
2 0 0 2 5 1 3 4 0
1 2 4 0 1 0 0 0 3
5 0 0 0 3 4 0 2 1
1 0 4 2 3 1 0 0 0
1 0 1 2 4 3 0 5 0
4 4 5 0 2 0 0 1 3
1 8 7 2 4 6 5 3 1
2 2 3 0 1 0 0 0 0
2 8 6 5 2 1 7 3 4
1 5 7 6 2 3 8 1 4
64 0 0 3 2 0 0 1 0
2 8 6 5 2 4 7 1 3
1 6 4 1 7 3 2 8 5
2 1 3 0 0 0 0 2 0
1 0 0 1 5 2 4 6 3
1 8 4 7 1 5 6 2 3
2 0 0 2 0 1 0 3 4
2 3 0 0 2 4 0 1 0
1 8 2 1 6 3 7 5 4
1 7 8 1 4 2 5 3 6
1 2 3 4 5 8 7 6 1
3 0 0 1 3 0 2 0 0
1 8 6 1 4 2 7 3 5
1 7 8 2 4 3 6 1 5
1 6 5 1 7 2 4 8 3
1 8 6 1 4 7 2 3 5
1 4 0 5 1 3 0 2 0
1 0 4 0 2 0 0 3 1
3 1 0 0 0 2 0 3 0
1 0 3 0 2 0 0 4 1
1 0 0 2 3 1 0 5 4
1 5 4 0 2 6 0 1 3
1 8 7 2 4 3 1 5 6
1 5 1 0 2 0 4 3 0
1 8 3 6 5 2 7 4 1
18 1 0 0 2 0 0 0 3
1 0 0 2 0 0 3 0 1
1 4 7 5 1 6 8 2 3
1 0 6 1 4 2 7 5 3
1 1 2 8 3 6 7 4 5
1 6 8 1 7 2 3 5 4
59 0 3 0 2 0 0 1 0
6 0 0 0 3 1 0 2 4
1 0 1 0 4 2 0 3 0
1 8 2 1 6 3 4 7 5
1 3 0 1 0 5 0 4 2
8 0 4 1 0 2 3 0 0
1 7 8 1 4 3 5 6 2
5 0 0 1 0 0 3 0 2
1 8 6 1 5 4 7 3 2
1 7 4 1 5 2 3 6 8
1 0 0 1 4 2 0 5 3
18 1 0 0 2 0 0 0 0
1 1 0 0 2 0 3 4 0
1 8 4 3 6 2 1 5 7
5 1 0 0 4 0 0 3 2
1 2 7 8 3 6 4 1 5
4 0 0 5 1 3 0 2 4
1 2 3 7 4 5 8 1 6
1 8 2 1 6 4 3 5 7
27 0 0 2 0 1 0 0 3
10 0 2 1 0 3 0 0 0
1 0 6 2 3 5 0 1 4
1 8 7 1 3 4 2 5 6
1 8 6 2 3 1 7 4 5
1 7 6 1 5 2 8 4 3
3 8 7 1 5 2 3 6 4
1 0 2 0 3 1 0 0 0
2 7 6 1 3 2 8 4 5
3 0 0 4 3 1 0 2 0
21 4 0 0 1 0 0 2 3
1 1 0 0 3 5 0 4 2
1 0 3 2 4 0 0 1 0
21 4 0 0 2 0 0 1 3
1 8 6 1 5 2 3 4 7
1 7 0 1 3 2 5 4 6
1 0 3 0 0 0 0 2 1
1 0 2 0 0 0 1 3 0
3 8 5 1 6 2 3 7 4
3 4 5 8 1 7 6 2 3
1 8 4 6 1 5 7 3 2
6 3 5 0 1 0 0 2 4
1 1 5 0 4 0 0 3 2
3 0 0 1 2 5 0 3 4
1 0 0 4 3 2 0 5 1
5 0 0 1 2 3 0 0 4
4 0 0 1 3 2 0 0 4
4 0 0 1 2 0 0 3 4
1 0 0 1 0 4 5 3 2
2 2 0 0 0 3 0 1 0
1 1 6 8 3 2 7 5 4
1 8 7 2 3 4 5 1 6
1 8 4 1 7 2 5 6 3
1 8 1 3 4 5 7 2 6
1 1 2 0 4 3 0 5 6
30 0 0 0 1 0 0 0 0
10 0 0 0 0 0 0 1 2
1 0 4 1 3 0 0 2 0
1 8 4 1 3 2 7 5 6
1 0 5 3 1 6 0 2 4
1 6 5 1 2 8 4 3 7
2 8 3 1 6 4 2 7 5
1 7 6 2 4 1 0 5 3
1 7 1 8 5 4 2 6 3
3 0 0 0 0 0 1 2 0
3 8 7 1 4 2 6 3 5
2 1 2 0 0 0 0 0 3
10 0 0 2 0 3 1 0 0
1 4 5 0 3 2 0 1 0
1 7 3 1 8 2 6 5 4
1 7 8 1 5 4 6 2 3
1 2 0 0 4 0 0 1 3
1 7 8 1 6 3 5 4 2
1 7 0 1 4 5 6 3 2
6 0 1 2 0 0 0 0 0
1 2 0 0 1 0 3 0 4
1 8 7 5 3 4 6 2 1
2 0 3 2 4 1 0 0 0
1 3 0 0 1 5 0 2 4
3 7 8 1 5 2 3 4 6
7 0 4 0 2 0 0 1 3
1 8 5 2 4 1 3 6 7
7 0 3 0 1 0 0 2 4
1 8 2 1 6 7 3 5 4
1 0 0 3 1 4 0 2 5
1 7 6 5 1 8 4 2 3
7 1 2 0 3 0 0 4 0
1 6 7 4 2 3 8 1 5
2 4 0 5 2 0 0 1 3
1 8 6 4 5 1 2 3 7
24 1 0 0 0 0 0 2 0
13 3 4 0 2 0 0 1 0
1 0 0 2 0 3 4 1 0
1 6 7 8 3 4 5 2 1
4 0 0 3 0 0 0 2 1
1 8 6 7 4 2 5 3 1
1 8 3 2 7 1 5 6 4
1 0 0 5 3 1 0 4 2
1 8 5 1 6 3 4 7 2
7 3 4 0 1 0 0 2 0
1 0 5 0 2 1 0 3 4
2 0 4 1 0 2 3 0 5
14 2 0 0 1 0 0 0 0
6 0 0 1 0 2 3 0 4
1 1 0 0 2 0 4 3 0
1 2 3 8 1 4 7 5 6
2 0 1 0 0 0 2 0 3
2 0 1 0 0 2 0 0 0
2 3 4 8 2 5 7 1 6
1 0 0 5 2 6 4 1 3
1 5 7 2 4 8 6 1 3
149 3 0 0 1 0 0 2 0
1 3 0 0 0 1 0 2 0
1 7 5 6 2 3 8 1 4
4 0 0 3 2 1 0 0 0
1 7 5 6 3 2 0 1 4
1 8 7 1 4 6 5 3 2
1 7 0 1 6 2 3 5 4
1 6 4 8 1 5 7 2 3
1 5 4 8 3 6 7 2 1
1 0 0 1 4 0 0 3 2
1 0 5 2 7 1 4 6 3
1 0 2 1 6 3 0 5 4
1 1 7 2 8 5 6 4 3
1 0 3 4 2 0 0 1 0
1 7 2 8 4 1 6 5 3
1 3 2 0 0 1 0 0 0
16 0 0 1 0 0 2 0 3
1 8 3 2 6 1 5 4 7
9 3 4 0 2 0 0 1 5
1 0 0 5 1 4 0 2 3
1 0 0 1 4 5 0 2 3
4 0 0 2 0 3 0 0 1
1 8 7 4 3 1 6 2 5
1 8 7 2 1 5 6 4 3
1 7 3 8 5 6 1 4 2
2 3 0 4 1 0 0 2 5
1 7 8 1 4 3 2 5 6
1 6 0 2 5 1 0 4 3
2 7 6 1 4 3 8 5 2
1 6 8 1 2 5 7 3 4
1 5 8 7 2 4 6 1 3
1 1 2 0 3 0 0 0 4
2 1 5 0 3 0 0 2 4
1 6 3 7 2 5 8 1 4
40 0 0 2 0 1 0 0 0
2 3 0 0 1 4 0 2 0
1 8 4 6 1 5 7 2 3
1 0 0 2 0 1 3 0 4
1 1 7 8 2 6 4 3 5
1 0 0 5 2 4 0 1 3
1 3 0 0 2 1 0 0 0
1 8 4 1 7 2 6 5 3
2 0 4 0 3 0 0 2 1
1 4 1 0 0 3 0 0 2
1 8 4 1 3 2 6 5 7
2 0 2 0 3 0 0 0 1
1 0 7 2 3 4 6 1 5
2 0 0 4 1 5 0 2 3
1 7 2 3 6 1 5 8 4
2 0 4 0 1 2 0 3 5
1 0 1 3 0 2 4 0 0
6 0 0 0 1 2 0 0 3
2 0 0 2 0 0 0 3 1
1 0 0 3 0 1 2 0 0
3 0 3 1 0 0 0 2 0
1 8 5 1 4 6 2 3 7
1 0 7 1 4 3 6 2 5
8 0 0 2 0 0 0 1 0
3 0 0 2 0 0 1 0 0
2 1 0 2 0 3 0 0 0
5 8 7 1 6 3 2 5 4
1 7 8 3 1 2 6 5 4
1 8 5 1 7 3 2 4 6
1 5 4 7 2 6 8 1 3
2 5 4 8 2 6 7 1 3
4 1 3 0 0 0 0 0 2
1 8 7 2 1 3 4 5 6
1 8 7 1 6 4 2 5 3
1 7 8 1 4 6 5 2 3
1 0 2 4 3 0 0 1 0
1 0 3 1 0 2 0 4 0
1 4 0 1 0 2 3 0 0
1 7 8 6 4 3 5 2 1
1 6 1 7 3 4 8 2 5
1 6 5 8 2 4 7 1 3
1 3 0 2 1 0 0 0 0
1 1 0 0 0 3 0 2 0
4 0 0 4 1 3 0 2 0
8 0 3 1 0 2 4 0 0
1 5 7 1 3 4 8 2 6
250 0 0 1 0 2 0 0 0
2 8 7 2 5 1 6 4 3
1 1 0 2 0 0 0 0 3
1 5 4 0 1 3 0 2 0
1 5 6 1 7 2 4 8 3
1 0 3 1 0 2 0 0 4
1 6 5 2 3 4 7 1 8
1 7 4 8 1 5 6 2 3
2 0 0 1 0 4 0 3 2
1 8 5 4 3 6 7 2 1
1 3 1 2 0 0 0 0 0
1 8 5 4 1 6 7 3 2
1 4 6 7 1 8 5 2 3
1 6 7 5 3 1 8 4 2
1 3 7 8 2 4 6 1 5
1 3 5 7 4 2 6 1 0
1 7 1 5 3 2 8 4 6
4 0 3 0 1 4 0 2 0
6 3 5 8 1 6 7 2 4
1 7 3 1 5 2 4 6 8
1 0 1 2 4 3 0 6 5
5 0 0 1 5 2 0 3 4
1 0 3 1 5 2 0 4 0
1 2 4 8 1 7 6 3 5
87 0 0 1 0 2 0 0 3
1 3 0 5 2 0 0 1 4
1 8 6 2 7 1 5 3 4
1 8 6 5 2 4 7 3 1
9 0 0 2 0 0 0 0 1
2 8 7 1 4 2 3 5 6
3 0 1 2 0 0 0 3 0
1 0 5 0 3 4 0 2 1
1 7 2 1 4 3 8 5 6
3 0 0 0 4 3 0 1 2
1 0 0 1 5 4 2 6 3
2 2 0 1 3 0 0 0 0
1 0 4 0 1 3 0 5 2
2 2 1 0 0 0 0 0 3
32 0 0 1 0 0 2 0 0
3 1 5 0 2 0 0 3 4
1 0 2 3 4 1 0 0 5
1 5 2 1 3 4 6 8 7
1 8 7 3 4 1 6 2 5
1 3 4 0 2 0 6 1 5
2 0 3 0 0 0 0 1 2
1 0 0 4 5 1 0 3 2
30 0 0 1 0 3 0 0 2
1 8 6 1 5 2 3 7 4
1 8 7 3 6 2 1 5 4
7 2 0 0 0 0 0 1 0
1 4 7 1 5 3 6 8 2
1 1 2 3 0 0 0 0 0
1 0 5 3 4 1 0 2 6
2 7 5 1 3 2 8 4 6
1 7 6 4 3 2 8 1 5
1 4 5 1 6 2 7 3 8
1 1 0 0 3 0 0 4 2
1 0 4 2 0 1 0 0 3
1 8 6 1 5 2 4 3 7
1 2 0 3 0 1 0 0 0
436 0 0 0 2 0 0 1 0
5 0 0 1 3 4 0 2 0
1 0 0 1 0 4 2 0 3
1 0 0 3 4 1 0 2 5
1 3 8 4 1 5 6 2 7
3 8 7 1 6 2 3 4 5
1 4 3 1 2 5 6 8 7
26 0 0 0 2 3 0 1 4
1 7 8 5 2 3 6 1 4
1 0 0 4 3 2 0 1 0
1 0 0 0 4 3 2 1 0
1 0 0 4 2 6 5 1 3
1 8 3 7 4 6 5 2 1
1 0 4 0 0 0 1 2 3
4 2 0 0 0 0 0 1 3
1 8 5 1 2 4 7 3 6
1 8 7 2 5 1 4 3 6
1 0 0 3 4 2 0 1 0
1 5 6 4 1 7 8 2 3
23 0 3 1 0 2 0 0 0
1 6 8 1 4 3 7 2 5
1 1 0 4 2 3 0 0 0
1 0 3 0 0 0 1 0 2
1 5 4 6 1 7 8 2 3
1 6 7 8 2 5 4 3 1
1 0 4 1 5 0 2 3 0
1 3 6 8 2 7 5 1 4
8 8 7 1 6 2 3 5 4
1 5 4 8 1 6 7 2 3
10 0 0 0 0 3 0 2 1
1 6 8 2 1 4 7 5 3
1 5 7 4 1 8 6 2 3
2 0 0 1 5 3 0 4 2
1 0 0 1 2 4 0 0 3
1 3 2 8 4 6 7 5 1
1 3 2 0 0 0 0 0 1
1 7 4 5 1 6 8 2 3
1 8 5 1 3 2 7 4 6
8 0 0 1 2 0 0 0 3
1 0 6 2 4 1 0 5 3
4 8 7 1 5 2 3 4 6
1 2 5 7 4 8 6 1 3
1 6 7 2 3 1 8 4 5
1 0 4 3 0 2 1 0 0
1 1 3 7 4 6 8 2 5
1 0 5 2 0 4 3 1 0
1 6 0 1 4 2 0 3 5
2 0 2 0 0 0 1 0 3
1 8 7 1 3 6 5 4 2
1 3 4 7 1 5 8 2 6
1 0 2 4 1 0 0 3 0
1 7 4 1 5 3 2 8 6
1 0 5 1 3 4 0 2 0
1 0 0 2 3 0 1 0 4
1 6 8 1 2 5 4 3 7
2 0 3 0 2 4 0 1 0
1 3 8 4 5 6 7 2 1
2 4 1 8 3 7 5 2 6
1 3 2 8 4 5 1 6 7
6 0 0 0 4 2 0 3 1
2 8 5 1 4 2 7 3 6
2 3 6 0 2 5 0 1 4
1 5 8 1 6 2 4 7 3
1 1 4 0 5 0 0 3 2
1 0 5 0 1 3 0 2 4
1 3 0 0 2 0 4 1 5
1 8 7 1 4 3 5 2 6
1 8 3 4 2 6 7 1 5
1 0 0 3 4 1 0 2 0
1 1 2 3 5 4 8 7 6
1 8 3 1 7 5 2 6 4
1 7 2 1 6 4 8 3 5
43 2 0 0 3 0 0 1 0
1 8 7 4 2 6 5 1 3
1 8 5 1 7 2 4 3 6
1 8 7 4 1 2 3 5 6
1 0 0 2 4 5 6 1 3
1 8 6 2 3 1 5 4 7
1 3 4 5 2 8 7 6 1
1 8 4 1 6 3 5 7 2
1 6 5 8 3 4 7 2 1
1 4 0 0 3 0 0 2 1
1 7 6 4 2 3 8 1 5
5 4 5 0 1 0 0 2 3
1 5 6 7 2 4 8 1 3
4 0 0 0 1 0 3 2 0
18 0 0 0 2 0 0 3 1
1 0 7 1 6 2 3 5 4
2 0 3 0 4 0 0 1 2
1 0 0 0 2 0 1 0 0
1 7 0 1 2 5 6 3 4
1 3 6 0 2 5 0 4 1
53 0 0 1 0 2 0 3 0
2 0 4 3 2 0 0 1 0
2 0 4 1 3 5 0 2 0
1 8 1 7 4 5 2 6 3
1 0 5 3 1 4 0 2 0
22 0 0 0 2 4 0 1 3
1 7 4 2 1 3 8 5 6
7 0 0 0 1 3 0 2 4
1 2 0 0 0 1 0 0 0
1 8 3 2 6 4 1 5 7
1 8 5 4 1 3 6 2 7
7 0 0 0 0 0 1 0 0
1 0 0 3 5 2 0 1 4
1 0 4 1 2 0 0 3 0
1 0 0 1 3 4 0 0 2
1 8 5 2 4 6 7 3 1
1 8 6 3 5 1 7 2 4
2 0 4 0 1 3 0 2 0
1 0 0 0 3 1 2 0 0
1 7 6 4 3 5 8 1 2
1 3 8 5 2 7 6 1 4
3 1 0 0 0 0 2 0 0
1 6 7 4 1 5 8 2 3
6 0 2 0 1 0 0 3 0
1 8 6 4 2 5 7 1 3
2 0 0 1 0 2 3 4 0
1 0 1 4 2 6 0 3 5
1 7 5 4 2 3 8 1 6
1 5 2 0 1 6 0 3 4
1 2 0 1 0 0 0 3 0
1 4 5 0 1 6 0 2 3
266 0 0 1 0 0 0 0 0
1 0 0 0 3 0 1 2 0
1 6 7 2 1 0 3 4 5
3 3 4 7 2 6 8 1 5
1 0 0 6 2 3 5 1 4
1 7 4 2 8 1 3 5 6
1 8 3 1 7 4 2 6 5
1 0 2 3 4 0 1 5 0
1 6 5 4 2 7 8 1 3
2 0 0 0 4 1 0 3 2
2 0 6 1 3 2 0 4 5
1 0 0 4 0 1 2 0 3
1 0 2 4 3 1 0 0 0
1 8 6 3 4 2 1 5 7
1 8 7 6 2 3 5 1 4
1 1 0 4 2 0 0 3 0
1 0 3 0 0 1 0 0 2
3 2 0 0 3 0 0 0 1
1 0 2 0 1 3 0 0 4
1 0 4 2 5 1 0 3 0
1 0 3 0 1 4 0 2 5
1 8 7 6 5 1 4 3 2
1 2 5 7 4 6 8 1 3
4 0 3 2 0 0 1 0 0
1 0 2 1 0 0 0 3 0
1 0 3 0 4 0 0 2 1
7 0 0 0 2 1 0 3 4
1 0 0 3 0 2 0 4 1
1 8 2 3 5 1 7 6 4
6 2 0 0 1 0 0 3 4
64 0 3 0 1 0 0 2 0
1 0 1 3 6 5 7 2 4
1 0 3 1 5 2 4 6 7
1 8 6 3 5 1 7 4 2
1 3 6 8 7 1 4 5 2
1 6 7 1 3 4 8 2 5
2 0 7 5 3 4 2 1 6
12 0 0 1 2 4 0 3 0
1 0 0 4 2 3 0 1 5
6 8 6 1 4 2 7 5 3
1 0 1 3 4 0 0 2 0
7 0 0 3 2 0 0 1 4
1 3 4 8 1 5 6 2 7
4 0 2 3 0 1 0 0 0
1 0 0 1 4 3 2 0 0
1 8 7 1 6 2 5 3 4
1 6 5 1 7 3 2 8 4
1 0 4 1 3 2 0 0 0
1 3 4 1 5 6 8 7 2
1 0 0 3 1 0 0 0 2
2 8 7 3 1 5 6 2 4
3 6 4 7 1 5 8 2 3
1 0 0 2 4 3 0 5 1
1 8 7 1 3 2 6 5 4
7 0 0 1 4 2 0 3 0
16 0 0 1 0 0 0 3 2
3 0 0 1 0 2 4 0 3
1 0 6 4 5 2 0 1 3
1 0 5 1 3 2 0 4 0
1 2 0 3 1 0 0 0 0
1 4 0 0 2 3 0 1 5
1 6 7 8 1 3 5 2 4
2 0 1 0 0 0 0 0 2
1 5 0 3 2 0 0 4 1
4 0 0 0 3 2 0 4 1
1 0 0 0 1 3 0 0 2
1 0 6 1 4 2 0 5 3
1 0 0 0 1 0 2 0 3
1 3 5 6 1 7 8 2 4
1 0 6 5 4 2 0 3 1
1 8 7 2 5 1 3 4 6
3 0 0 1 2 4 0 3 5
1 6 5 7 2 3 8 1 4
1 0 6 1 5 4 7 3 2
1 1 8 7 2 6 3 4 5
1 8 2 1 5 3 7 6 4
1 4 0 0 2 0 0 3 1
2 8 6 1 2 5 7 3 4
1 2 8 1 3 5 7 4 6
2 0 2 0 3 0 0 4 1
3 2 5 0 3 0 0 1 4
1 4 5 7 2 6 8 1 3
1 0 5 6 4 1 0 3 2
1 8 6 1 4 3 2 5 7
2 0 2 1 0 3 4 0 0
2 8 4 1 6 2 3 5 7
1 0 5 1 4 2 0 3 0
8 1 4 0 3 0 0 2 0
5 0 0 0 0 1 0 0 2
8 0 0 1 0 0 3 2 0
1 8 7 2 4 1 6 5 3
2 1 4 8 2 6 7 3 5
2 8 7 1 4 3 2 5 6
2 8 5 6 2 3 7 1 4
1 6 5 1 8 2 4 7 3
1 0 4 0 2 3 0 1 0
1 2 7 8 1 5 6 3 4
1 8 7 5 1 6 4 2 3
1 8 4 2 5 1 7 3 6
1 0 1 0 2 3 0 4 0
1 8 7 1 6 3 2 4 5
1 5 1 6 8 4 2 7 3
1 8 3 7 1 6 4 2 5
1 8 7 1 6 5 4 2 3
5 1 0 0 2 3 0 0 0
1 1 0 0 0 3 0 0 2
1 3 4 0 1 5 0 2 6
1 0 3 0 2 4 0 1 5
5 0 0 2 3 4 0 1 0
4 2 0 1 0 0 0 0 0
6 8 6 1 5 2 7 4 3
1 3 7 8 1 5 6 2 4
1 7 4 1 2 5 8 3 6
4 2 1 0 3 0 0 0 0
10 0 0 2 0 3 0 1 0
2 3 4 7 2 5 8 1 6
3 0 0 1 4 2 0 3 5
1 4 8 5 1 6 7 2 3
2 0 0 3 1 5 0 2 4
1 0 0 2 0 3 1 0 4
108 1 0 0 2 0 0 3 0
9 0 2 0 0 0 1 0 0
1 6 0 4 1 3 7 2 5
1 4 2 0 3 0 0 1 5
1 0 5 2 6 1 7 4 3
9 1 0 0 0 0 0 0 2
3 3 5 0 1 0 6 2 4
1 5 6 2 1 7 8 3 4
1 1 0 3 2 0 0 0 0
1 0 0 4 3 2 0 0 1
3 0 0 3 1 0 0 2 4
1 8 4 1 5 2 7 6 3
7 0 0 1 3 2 0 4 5
1 0 0 1 4 2 3 5 0
1 1 5 0 3 0 0 4 2
1 5 6 0 2 4 0 1 3
1 8 6 2 5 3 1 7 4
1 8 7 5 6 3 1 4 2
1 3 2 0 4 0 0 1 0
1 5 8 3 1 4 7 2 6
2 4 5 8 2 6 7 1 3
1 3 8 1 4 7 5 2 6
1 3 0 0 4 0 0 1 2
1 4 6 7 1 3 8 2 5
1 5 6 8 2 3 7 4 1
3 8 4 1 7 3 2 5 6
1 0 1 3 5 2 0 4 6
1 7 8 1 3 4 5 2 6
2 0 0 1 2 0 0 4 3
2 0 1 2 0 0 3 0 0
1 8 2 3 7 4 5 1 6
1 0 0 0 2 4 3 1 0
1 3 6 7 1 5 8 2 4
2 0 0 5 3 1 0 2 4
1 0 0 2 1 4 0 3 5
1 0 0 3 6 1 5 4 2
1 3 6 0 1 4 5 2 0
56 1 0 0 3 0 0 2 0
1 0 6 1 7 2 3 5 4
2 3 5 8 2 4 7 1 6
2 4 5 6 3 7 8 1 2
1 2 4 0 3 0 0 1 5
1 0 0 2 6 1 5 4 3
1 0 0 2 1 0 0 3 4
2 8 7 1 3 2 5 4 6
5 0 2 0 0 0 0 1 0
2 5 3 0 2 0 0 1 4
1 5 3 0 4 0 1 2 0
5 0 0 3 1 4 0 2 0
1 4 1 2 3 5 7 6 8
2 3 0 0 2 5 0 1 4
8 0 1 0 3 0 0 2 0
1 2 5 0 1 0 6 3 4
1 0 0 0 4 3 0 2 1
1 0 3 0 2 0 0 0 1
1 0 0 3 4 2 0 5 1
1 5 6 8 2 3 7 1 4
2 0 0 2 0 3 0 4 1
1 0 3 2 4 1 5 6 7
1 0 7 1 4 2 6 5 3
1 0 2 4 0 3 1 0 5
5 1 3 0 2 0 0 0 0
2 1 2 0 0 3 0 0 0
1 5 0 0 1 0 4 2 3
1 0 1 0 2 3 0 0 0
1 5 0 0 2 3 0 1 4
2 0 0 0 3 1 0 0 2
1 0 4 1 5 3 2 6 7
1 5 3 7 1 6 8 2 4
1 2 8 6 1 3 7 4 5
1 0 0 2 1 0 0 4 3
1 8 6 3 4 5 7 1 2
1 0 3 1 0 2 0 4 5
1 4 7 8 1 5 6 2 3
1 8 4 2 3 6 7 1 5
1 3 7 8 2 5 6 1 4
5 0 0 0 0 2 0 3 1
7 0 0 0 0 1 0 2 0
1 3 0 0 1 2 0 4 0
1 0 0 2 0 1 0 4 3
2 0 2 0 0 0 0 3 1
1 8 2 1 3 5 6 4 7
1 0 0 2 5 1 6 3 4
1 2 6 7 1 5 0 3 4
1 7 6 3 4 2 8 5 1
1 0 3 1 6 2 0 5 4
1 7 8 5 1 6 4 2 3
6 0 0 4 1 3 0 2 5
14 0 0 0 3 0 0 1 2
5 1 0 0 0 0 0 3 2
7 0 3 0 2 0 0 1 4
1 0 3 2 5 1 0 4 0
1 8 6 1 2 3 7 4 5
1 0 0 1 3 2 6 5 4
1 3 4 8 2 5 6 1 7
1 6 0 1 2 4 0 3 5
6 0 0 0 0 2 0 1 0
3 0 0 2 1 4 0 3 0
26 0 0 1 3 0 0 2 0
5 0 0 2 0 0 0 1 3
1 1 5 8 4 7 6 3 2
1 7 6 1 2 3 8 4 5
1 7 1 2 6 5 8 3 4
1 0 1 3 6 2 0 5 4
27 0 0 1 2 3 0 0 0
1 8 7 2 4 5 6 1 3
1 0 1 0 3 5 0 2 4
1 8 5 1 6 4 3 7 2
2 8 3 1 6 2 4 5 7
1 1 3 0 2 4 0 0 0
1 7 4 1 8 2 3 6 5
1 8 2 4 3 7 6 1 5
1 0 2 0 4 1 0 3 0
1 0 4 3 7 1 2 5 6
1 0 5 1 2 4 0 3 0
87 0 0 0 2 3 0 1 0
7 0 0 3 2 4 0 1 0
1 8 4 3 2 5 7 1 6
1 1 0 4 2 5 6 3 0
1 4 3 7 2 6 8 1 5
1 4 5 7 1 6 8 2 3
1 1 4 8 3 7 6 2 5
1 8 4 7 3 1 6 2 5
2 0 3 0 0 1 0 2 0
6 0 0 3 0 0 0 1 2
1 6 8 5 2 4 7 3 1
1 0 3 1 6 2 5 7 4
1 2 4 8 5 6 7 1 3
5 2 1 0 0 0 0 0 0
1 0 0 5 3 2 0 4 1
2 0 5 4 1 3 0 2 0
1 7 2 1 6 5 4 8 3
1 6 7 2 3 4 8 1 5
12 1 0 0 0 0 0 2 3
1 0 4 1 0 2 3 5 0
1 4 0 0 1 5 0 2 3
1 8 4 2 5 1 3 6 7
1 5 4 7 1 8 3 2 6
1 7 6 1 2 5 8 3 4
3 0 0 2 0 0 1 3 0
5 0 0 1 2 0 3 0 0
7 0 0 0 0 0 0 2 1
1 0 3 4 2 5 0 1 0
1 7 8 2 4 5 1 3 6
1 7 3 1 5 2 8 4 6
1 0 0 1 3 0 0 4 2
3 0 0 4 2 1 0 3 0
1 2 3 7 1 8 6 5 4
4 4 3 0 1 0 0 2 0
1 0 0 1 0 0 3 2 4
1 6 1 7 5 3 8 4 2
6 0 2 0 0 0 0 0 1
1 2 3 4 7 6 5 8 1
1 3 7 8 1 6 5 2 4
1 7 6 2 1 5 8 3 4
1 4 0 0 1 3 0 2 5
1 0 0 3 5 1 0 4 2
3 0 0 0 0 2 1 0 0
1 4 7 8 2 6 5 1 3
10 0 0 0 1 0 0 3 2
1 6 3 1 7 2 4 8 5
1 0 0 5 3 4 0 1 2
6 1 2 0 3 0 0 0 0
1 1 0 0 3 0 5 2 4
1 7 2 1 3 5 8 6 4
1 3 1 0 0 2 0 0 0
2 3 4 8 1 5 7 2 6
1 8 7 3 2 4 6 1 5
1 7 6 3 2 4 8 1 5
1 0 1 3 2 0 0 4 0
1 8 7 1 4 6 2 3 5
1 8 6 1 7 3 2 5 4
1 8 1 2 4 3 7 5 6
1 6 0 5 3 1 0 2 4
3 8 5 1 6 2 3 4 7
1 3 4 8 2 7 6 1 5
2 0 0 1 3 5 0 4 2
2 8 5 2 7 3 1 6 4
1 0 1 0 0 2 0 3 0
1 0 2 1 5 6 7 3 4
1 0 6 4 5 1 0 3 2
1 8 5 7 2 3 6 1 4
1 0 0 4 0 1 0 2 3
1 1 3 0 2 0 0 4 0
1 4 0 0 1 3 5 0 2
1 7 6 1 4 3 8 2 5
11 0 0 3 0 1 0 0 2
1 5 6 7 1 2 0 3 4
1 1 4 0 3 0 0 2 5
3 8 4 1 5 2 3 6 7
1 8 3 1 7 2 4 5 6
18 0 0 1 0 0 0 2 0
2 0 4 1 0 3 2 0 0
5 0 0 0 0 3 0 1 2
1 2 0 6 1 5 0 3 4
5 0 0 0 0 2 0 0 1
1 6 4 8 2 3 7 1 5
2 8 3 1 6 2 7 5 4
2 3 0 0 1 0 5 2 4
1 0 0 1 0 4 0 2 3
1 0 0 3 2 1 0 5 4
1 1 2 0 3 0 4 0 0
1 5 4 0 2 0 0 1 3
146 0 0 0 1 0 0 2 3
10 0 0 2 1 0 0 3 0
2 7 6 1 4 2 8 3 5
2 0 0 1 5 2 3 4 0
1 0 1 0 2 0 0 3 4
1 8 7 2 6 5 3 1 4
1 8 6 5 1 7 4 2 3
1 0 4 0 2 5 0 3 1
