5 Inverleith
4 10 2013 13416
Jule BANDEL, Grn
Stuart HERRING, Con
Phil HOLDEN, SFP
Tam LAIRD, Lib
Stephen MCNAMARA, Ind
Max MITCHELL, Con
Mhairi MUNRO-BRIAN, Lab
Vicky NICOLSON, SNP
Hal OSLER, SLD
Malcolm Alexander WOOD, SLD
2 0 2 0 5 0 1 0 0 3 4
3 4 0 0 0 0 0 1 2 0 3
1 4 6 0 0 0 5 0 3 1 2
1 6 10 5 8 7 9 1 2 4 3
1 1 8 9 7 6 10 3 2 4 5
1 3 1 0 0 0 0 2 0 0 0
4 5 0 0 0 0 0 2 1 4 3
1 0 0 1 0 2 0 0 0 0 3
2 2 10 8 6 7 9 3 1 5 4
1 1 7 9 6 0 8 4 2 3 5
1 9 4 8 6 7 5 1 10 3 2
1 1 8 10 6 7 9 3 2 4 5
1 9 5 8 6 7 1 2 10 3 4
1 7 6 0 0 4 5 3 0 2 1
1 3 2 0 0 0 1 4 0 0 5
14 3 0 0 0 0 0 2 0 1 4
13 2 0 0 0 0 0 4 1 3 5
1 8 3 7 6 9 4 5 10 2 1
1 3 9 8 5 4 10 1 2 7 6
2 3 9 10 6 7 8 1 2 4 5
1 2 0 3 0 0 0 4 1 0 0
2 0 1 0 2 0 0 3 0 0 0
1 0 1 4 0 0 3 5 0 6 2
3 5 3 0 0 0 4 0 0 2 1
1 0 4 0 5 0 3 0 0 1 2
1 3 0 1 0 0 0 0 0 0 2
1 0 5 1 0 0 4 2 3 6 7
28 0 2 3 0 0 1 0 0 0 0
1 0 3 4 0 0 0 1 0 2 0
1 2 3 0 0 0 4 0 1 6 5
1 0 2 0 0 3 1 0 0 0 0
1 5 0 0 0 0 4 1 3 2 0
2 0 0 2 1 0 0 0 0 0 0
70 4 0 0 0 0 0 3 0 1 2
1 1 9 5 7 6 8 4 10 3 2
2 4 2 0 0 0 1 0 0 3 0
1 3 0 0 0 0 2 4 6 1 5
1 4 3 9 6 8 5 7 10 1 2
2 1 7 10 8 9 6 5 2 3 4
2 0 1 5 0 0 2 0 0 4 3
1 0 6 7 3 0 5 4 0 2 1
1 6 3 0 0 0 4 5 0 1 2
1 0 3 1 0 0 2 0 0 5 4
6 0 4 0 0 0 0 3 0 2 1
1 2 0 6 0 0 0 5 1 3 4
2 0 0 0 0 0 2 0 1 3 0
1 4 3 0 0 0 0 0 1 2 0
2 0 3 0 0 0 1 4 0 2 5
50 0 0 0 0 0 1 0 0 2 0
1 0 0 0 1 2 0 0 0 3 4
1 6 4 0 0 0 5 3 0 1 2
3 0 0 0 0 0 3 0 1 2 0
1 0 2 5 0 0 1 6 0 3 4
4 0 3 0 0 0 1 0 0 0 2
1 0 0 4 0 0 0 1 2 3 0
1 0 2 0 0 5 1 0 0 3 4
1 2 10 7 4 5 9 8 1 3 6
1 1 0 0 0 5 0 2 3 4 0
1 6 10 8 9 5 7 3 4 1 2
1 0 1 5 0 0 3 0 0 2 4
2 0 1 0 0 0 3 0 2 0 0
1 4 3 6 7 8 5 9 10 1 2
1 0 1 4 0 0 2 0 0 3 0
1 0 0 0 1 2 3 4 0 0 0
7 0 1 0 0 0 0 0 0 2 3
2 4 2 0 0 0 1 3 0 0 0
1 6 7 8 5 9 4 10 3 2 1
1 2 7 0 0 0 6 5 4 1 3
1 0 1 2 0 0 3 0 0 5 4
1 7 2 9 10 5 1 6 8 4 3
1 9 6 8 7 5 4 3 10 1 2
1 9 2 6 7 8 1 5 10 4 3
1 0 1 0 6 0 2 3 0 4 5
1 0 1 0 3 5 2 4 0 0 0
1 4 1 0 0 0 3 2 0 0 0
1 6 4 0 0 0 2 5 0 1 3
5 3 0 0 2 0 0 1 0 0 0
2 4 2 0 0 0 1 0 0 0 3
1 0 4 0 0 0 2 1 0 3 5
1 0 3 0 0 4 5 6 0 2 1
1 1 7 10 9 4 8 3 2 5 6
1 1 0 0 3 0 0 2 0 4 5
1 7 2 9 6 8 1 5 10 3 4
1 4 6 7 8 9 3 10 1 2 5
4 0 0 0 0 0 2 1 0 3 4
2 0 0 0 0 0 3 1 0 0 2
1 2 7 0 0 0 6 3 1 4 5
1 2 7 9 10 8 6 1 3 4 5
1 1 6 10 9 8 7 5 3 2 4
1 5 0 4 0 0 0 3 0 1 2
4 0 0 0 0 0 0 1 2 4 3
2 2 0 0 0 5 0 6 1 3 4
1 1 4 0 0 0 2 0 0 3 5
1 3 0 0 0 6 0 4 1 2 5
3 0 0 0 0 0 5 1 4 2 3
10 0 1 0 0 0 2 5 0 4 3
1 0 3 0 1 2 4 0 0 0 0
1 0 0 4 0 0 3 1 0 2 0
1 9 1 6 7 8 2 5 10 3 4
1 3 0 0 0 0 1 0 0 0 2
13 2 0 0 0 0 0 0 1 4 3
1 4 0 0 0 0 3 2 6 5 1
1 0 0 4 0 0 0 1 3 2 0
1 2 10 3 4 5 9 8 1 7 6
3 0 1 0 3 0 2 0 0 0 0
1 2 8 10 5 6 9 7 1 3 4
1 2 9 3 4 5 10 6 1 7 8
1 0 0 4 0 0 0 1 0 2 3
1 9 4 8 6 7 3 5 10 1 2
1 0 3 2 1 0 4 0 0 0 0
2 1 0 0 4 0 0 3 2 5 6
1 5 9 10 7 6 8 4 1 2 3
2 0 0 0 0 0 0 0 2 0 1
405 0 0 0 0 0 0 0 1 0 0
1 8 2 0 3 7 1 6 0 5 4
3 3 0 0 0 0 0 5 4 2 1
1 2 6 5 0 0 7 3 1 8 4
1 2 8 10 7 6 9 1 3 5 4
1 2 4 0 0 0 5 1 0 6 3
1 6 4 8 10 9 3 5 7 2 1
1 3 9 6 10 4 8 7 5 2 1
1 5 3 10 8 7 1 6 9 2 4
12 0 3 0 0 0 2 1 0 0 0
1 0 0 0 2 0 3 0 0 1 4
2 1 9 10 6 7 8 4 5 2 3
1 4 3 0 0 0 5 6 0 2 1
1 2 10 3 4 8 9 7 1 5 6
1 6 4 10 7 8 5 3 9 2 1
6 0 4 0 0 0 5 1 0 2 3
1 2 7 0 0 0 6 5 1 4 3
1 3 9 4 5 0 8 2 1 6 7
1 6 1 8 7 5 2 9 10 3 4
1 3 0 1 0 0 0 0 2 0 0
1 1 0 0 0 0 6 5 2 3 4
54 0 0 0 0 0 0 0 1 2 3
6 0 2 0 0 0 1 3 0 5 4
1 2 7 10 8 9 6 4 5 1 3
1 5 10 8 3 7 9 4 2 1 6
2 2 0 0 0 0 0 0 3 0 1
1 0 4 0 6 5 0 2 0 1 3
1 5 0 0 0 0 0 2 4 1 3
60 1 0 0 0 0 0 0 0 2 3
1 6 0 5 0 0 0 2 1 3 4
1 1 8 6 10 7 9 5 2 3 4
3 1 0 0 0 0 0 5 2 4 3
2 4 0 3 0 0 0 1 2 0 0
1 6 2 7 8 10 1 4 9 5 3
7 0 0 0 0 0 4 2 0 1 3
1 0 0 0 1 0 5 2 0 3 4
1 2 10 6 7 8 9 3 1 4 5
1 9 1 8 7 10 2 3 6 4 5
1 2 9 6 4 3 10 5 1 7 8
1 1 8 10 6 9 7 3 2 5 4
6 2 0 0 0 0 0 3 4 1 5
1 2 0 0 0 0 1 0 3 0 0
1 2 10 5 6 4 9 3 1 7 8
1 4 0 0 0 0 0 2 5 1 3
1 0 5 4 0 0 0 3 0 1 2
1 4 5 0 0 0 0 3 0 1 2
1 1 2 4 10 9 3 5 6 7 8
1 2 1 0 0 0 0 0 0 3 0
1 0 3 0 0 0 1 0 5 2 4
3 3 0 0 0 0 0 2 1 5 4
7 0 3 0 0 0 2 0 1 0 0
47 1 0 0 0 0 0 2 3 4 5
2 3 1 0 0 0 2 0 0 4 5
1 0 0 5 0 0 0 1 2 3 4
4 0 0 0 0 0 0 3 4 2 1
1 2 0 0 0 0 1 5 0 3 4
1 3 4 0 0 0 2 1 0 5 6
1 0 0 0 1 0 2 3 0 0 0
2 6 5 0 0 0 4 3 7 2 1
1 5 6 7 8 9 10 3 4 1 2
1 2 10 7 6 8 9 5 1 3 4
4 0 5 0 0 0 4 2 0 1 3
8 1 0 0 0 0 0 0 3 2 4
2 1 9 10 7 4 8 3 2 5 6
1 8 7 0 5 6 4 1 0 3 2
42 0 2 0 0 0 1 5 0 3 4
1 10 5 8 9 3 7 1 2 6 4
5 6 5 0 0 0 4 3 0 1 2
2 1 0 0 0 0 0 4 2 0 3
4 1 0 0 0 0 0 2 4 3 0
1 8 5 9 7 6 4 1 10 2 3
25 0 1 0 0 0 2 5 0 3 4
50 0 0 0 0 0 0 2 0 1 3
59 3 0 0 0 0 0 1 2 0 0
2 0 3 0 1 0 2 0 0 0 0
1 4 8 3 5 9 7 6 10 1 2
2 0 2 1 0 0 4 0 0 3 0
1 5 8 9 6 10 7 2 1 3 4
1 3 10 4 7 5 6 1 2 8 9
3 0 0 0 0 0 4 2 1 3 0
100 2 0 0 0 0 0 0 1 3 0
1 0 0 1 3 2 0 0 0 0 0
2 2 9 4 5 6 10 3 1 8 7
1 7 4 6 0 0 3 5 8 1 2
1 1 0 0 0 6 3 4 2 7 5
1 9 3 5 4 8 2 1 10 7 6
1 4 9 2 1 5 10 6 3 8 7
1 2 0 0 0 0 0 3 4 5 1
1 0 4 7 6 8 3 5 0 2 1
1 9 3 8 6 7 4 5 10 2 1
2 0 4 5 0 0 3 6 0 2 1
1 7 5 6 0 0 4 2 8 1 3
1 0 5 0 0 0 2 1 3 4 0
1 0 0 0 0 0 0 2 4 1 3
1 8 3 9 10 4 5 6 7 1 2
1 1 9 8 7 6 10 5 2 3 4
1 0 0 5 0 0 3 1 0 2 4
1 10 2 7 5 6 1 8 9 3 4
1 2 9 7 5 6 8 1 10 3 4
25 2 0 0 0 0 0 4 1 3 0
12 3 0 0 0 0 0 4 5 1 2
20 0 0 0 0 0 0 3 4 1 2
7 0 2 0 0 0 1 5 0 4 3
1 0 1 0 0 5 2 6 0 3 4
4 1 0 0 0 0 0 0 3 0 2
5 0 0 0 3 0 0 2 1 0 0
2 0 4 0 0 0 1 0 0 3 2
1 0 4 1 2 3 5 8 0 6 7
1 7 4 6 5 9 8 1 10 2 3
1 0 0 0 0 0 2 3 5 1 4
1 1 0 0 4 0 3 0 0 2 5
1 9 2 8 7 6 1 5 10 3 4
1 4 0 0 0 0 0 1 3 2 5
1 1 9 10 6 7 8 4 2 3 5
1 2 0 3 5 4 0 0 1 0 0
1 4 0 0 0 0 3 0 1 2 0
2 0 0 1 0 0 0 0 0 2 0
3 0 2 0 0 0 3 0 0 4 1
1 8 6 1 0 0 5 3 7 2 4
1 4 5 7 8 9 6 3 10 2 1
1 0 3 0 1 0 0 0 0 2 4
1 1 5 4 6 10 2 3 9 7 8
3 6 2 0 0 0 1 5 0 3 4
1 0 0 4 0 0 0 2 1 3 0
4 1 9 10 7 6 8 3 2 4 5
1 2 0 0 0 0 5 4 3 1 0
1 5 1 0 0 0 3 2 0 4 6
1 3 4 10 7 8 6 5 9 2 1
1 0 0 0 0 4 0 0 1 2 3
18 3 0 0 0 0 0 0 1 2 4
1 3 0 0 0 0 6 2 1 4 5
2 0 0 0 0 0 1 2 0 0 3
1 0 4 0 0 0 0 3 0 1 2
1 4 7 9 8 10 6 5 2 1 3
1 1 0 2 0 0 0 3 4 0 0
1 3 0 0 5 0 0 4 0 2 1
1 1 7 10 9 8 6 5 2 3 4
128 0 0 0 0 0 3 0 0 1 2
3 0 1 3 0 0 2 0 0 4 0
1 9 4 8 7 6 1 5 10 2 3
1 2 8 10 3 6 9 7 1 4 5
1 3 0 0 0 0 2 0 1 4 0
1 0 1 4 0 3 2 0 0 0 0
1 3 0 2 0 0 0 0 0 0 1
2 3 0 0 0 0 4 1 0 0 2
3 0 0 1 2 0 0 0 0 0 0
2 3 0 0 5 0 0 4 0 1 2
1 4 5 6 7 8 3 9 10 1 2
1 9 8 4 5 6 7 3 10 1 2
1 3 2 0 0 0 5 0 0 4 1
1 7 3 10 8 6 1 2 9 4 5
4 0 4 0 0 0 1 3 0 2 5
1 4 10 7 6 8 9 5 1 3 2
1 6 5 10 7 8 4 3 9 2 1
1 2 7 0 0 8 6 3 1 4 5
1 3 6 8 4 9 7 5 10 1 2
1 3 0 4 5 0 0 1 2 0 0
1 0 5 0 0 0 2 1 0 4 3
2 0 0 0 0 0 0 2 3 1 4
1 4 6 0 0 0 5 3 0 2 1
2 3 1 0 0 0 0 0 2 0 0
1 2 10 3 9 4 8 7 1 5 6
2 10 1 5 6 8 2 7 9 3 4
10 5 0 0 0 0 0 2 1 3 4
2 1 7 10 9 8 6 3 2 4 5
1 0 0 0 3 0 0 0 2 1 0
1 3 10 8 7 6 9 2 5 1 4
2 3 0 0 4 0 0 0 0 2 1
1 0 5 0 4 0 2 0 0 1 3
1 2 7 10 9 6 8 5 1 3 4
1 4 0 3 0 0 0 5 0 2 1
1 1 3 0 4 0 0 2 0 5 0
1 0 0 0 3 4 0 1 2 0 0
1 7 4 8 9 6 2 5 10 1 3
1 8 7 5 4 3 6 9 10 2 1
1 4 0 0 6 0 0 5 1 2 3
1 3 0 0 0 4 0 1 2 5 6
1 3 5 4 7 6 8 1 2 9 10
1 0 5 0 0 0 4 2 1 3 0
1 10 2 3 5 4 1 8 9 7 6
1 3 5 6 7 8 2 1 4 9 10
17 1 0 0 0 0 0 2 3 4 0
1 1 2 0 0 0 3 6 0 4 5
1 1 0 5 4 0 0 2 3 6 0
3 2 9 10 6 7 8 5 1 3 4
1 4 0 0 0 0 3 0 2 1 0
1 4 2 3 6 5 1 7 0 9 8
2 3 0 0 0 0 0 1 4 2 5
1 3 9 10 4 6 8 5 7 1 2
18 1 0 0 0 0 0 3 0 2 0
1 8 2 7 6 9 1 3 10 4 5
1 0 0 1 0 0 0 2 0 3 4
1 5 7 9 6 10 8 4 1 2 3
1 4 0 0 5 6 0 2 7 1 3
5 0 0 3 0 0 0 0 0 2 1
1 2 10 6 7 8 9 5 1 3 4
1 5 7 6 0 0 8 4 1 2 3
1 0 4 1 2 0 3 0 0 0 0
2 3 0 0 0 0 0 0 1 4 2
1 5 2 0 0 0 1 6 0 3 4
1 2 0 6 0 5 0 1 0 3 4
1 1 0 0 0 0 4 3 2 0 0
2 3 2 0 0 0 0 0 0 1 0
1 0 4 3 0 0 0 0 0 1 2
1 6 4 9 2 7 1 3 10 8 5
7 5 2 0 0 0 1 0 0 3 4
1 3 6 0 0 0 0 5 4 1 2
1 0 0 4 0 0 3 2 0 1 0
1 1 4 6 2 3 5 7 10 8 9
1 1 3 0 0 0 2 4 0 0 0
1 2 10 7 6 8 9 3 1 4 5
1 9 4 6 7 8 5 3 10 1 2
1 5 10 6 7 8 9 1 4 2 3
1 5 0 0 0 0 2 1 0 3 4
1 1 3 2 0 0 4 0 0 0 0
1 0 3 2 0 0 0 0 1 0 0
1 0 1 0 0 0 0 4 0 2 3
1 2 9 8 7 6 10 1 3 4 5
1 5 2 3 0 0 1 0 0 4 0
1 0 1 0 0 0 0 2 0 0 0
1 0 2 0 0 0 0 3 0 1 0
2 9 2 4 3 5 1 8 10 6 7
118 1 0 0 0 0 0 0 0 0 0
86 3 0 0 0 0 0 2 1 0 0
2 1 9 10 6 7 8 3 2 4 5
2 4 0 0 0 0 2 5 3 1 0
2 1 7 10 6 9 8 5 2 3 4
1 0 2 1 0 0 0 0 0 0 0
1 4 8 10 6 5 9 3 7 1 2
1 2 0 0 0 5 0 3 0 1 4
1 0 0 3 0 0 0 0 4 1 2
1 0 0 0 0 0 1 0 3 2 4
10 3 1 0 0 0 2 0 0 0 0
3 0 3 0 0 0 0 4 0 1 2
1 3 0 0 0 5 0 1 6 2 4
1 4 6 10 9 8 7 3 5 1 2
1 0 2 5 0 0 1 6 0 4 3
1 1 0 6 7 8 0 5 2 4 3
1 0 5 0 0 2 6 1 0 3 4
49 1 0 0 0 0 0 0 2 3 0
20 0 0 0 0 0 1 0 0 2 3
40 0 3 0 0 0 0 0 0 1 2
1 0 0 0 0 0 3 4 2 1 0
1 4 7 5 6 0 8 1 9 2 3
1 4 7 0 0 0 6 1 5 2 3
1 0 2 6 0 0 1 3 0 5 4
4 0 2 0 0 0 5 1 0 3 4
1 9 2 3 6 7 1 8 10 4 5
17 1 0 0 0 0 0 0 3 2 0
27 0 3 0 0 0 1 5 0 2 4
1 3 10 9 8 7 6 1 5 4 2
1 2 4 3 1 0 0 0 0 0 0
1 2 10 9 3 8 5 4 1 7 6
1 0 6 4 3 0 5 0 0 1 2
1 0 6 0 0 0 5 3 4 1 2
1 1 8 10 9 7 6 3 2 4 5
1 4 10 7 6 5 9 8 1 2 3
1 4 7 10 5 6 9 8 1 2 3
3 9 2 6 7 8 1 5 10 3 4
1 0 0 0 4 2 3 1 0 0 0
1 3 0 0 0 0 1 0 5 2 4
1 2 10 8 6 7 9 5 1 3 4
1 2 7 10 9 8 6 5 1 3 4
2 0 2 1 0 0 3 0 0 0 4
1 9 2 7 8 6 1 3 10 4 5
1 6 5 10 9 8 4 2 7 1 3
2 2 8 9 10 3 7 4 1 5 6
1 7 5 1 6 10 4 9 8 2 3
1 5 0 6 4 0 3 0 1 2 0
1 2 0 0 0 0 6 3 5 1 4
1 2 10 3 4 5 6 7 1 8 9
2 0 0 3 0 0 0 0 1 2 0
1 2 7 0 0 0 3 5 6 1 4
1 1 6 0 0 0 0 2 4 3 5
1 7 4 0 0 0 3 5 6 1 2
1 3 6 0 0 0 5 4 0 2 1
1 1 8 9 6 10 7 2 3 4 5
1 0 0 0 0 0 2 1 3 4 0
5 2 0 0 0 0 3 0 1 0 0
2 0 5 0 0 0 2 1 0 3 4
1 5 9 10 7 6 8 1 2 3 4
2 0 0 0 0 0 4 0 1 2 3
1 2 0 0 0 0 0 1 4 0 3
1 6 1 7 8 9 2 5 10 3 4
1 1 10 8 5 7 9 6 2 3 4
3 3 2 0 0 0 1 0 0 4 5
1 2 7 10 3 5 4 8 9 1 6
1 0 5 0 0 0 1 4 0 3 2
1 0 0 0 0 0 3 0 1 0 2
1 1 10 7 6 3 9 8 2 4 5
2 0 1 6 5 0 2 0 0 3 4
1 1 8 10 9 6 7 3 2 4 5
1 0 3 5 0 0 1 0 0 2 4
2 3 6 0 0 0 5 4 0 1 2
1 5 6 0 0 0 4 3 0 1 2
1 3 0 0 0 0 0 1 4 0 2
1 6 5 9 7 10 8 1 4 2 3
1 6 4 5 8 9 3 7 0 2 1
2 3 0 0 4 0 0 0 1 2 0
2 0 0 0 0 0 0 1 3 2 4
1 1 4 0 0 0 6 3 0 2 5
2 5 0 4 0 0 0 3 0 2 1
1 1 5 0 0 0 2 0 0 4 3
1 0 2 6 4 7 1 3 0 8 5
1 0 3 6 1 0 4 0 0 2 5
1 8 2 7 6 0 1 3 9 4 5
1 2 0 0 0 4 0 3 1 6 5
1 4 0 0 5 0 0 2 6 1 3
88 0 3 0 0 0 4 0 0 2 1
3 0 4 0 0 0 2 1 0 3 0
1 2 8 7 5 10 9 3 1 6 4
7 0 0 0 0 0 3 1 0 2 0
1 4 8 10 5 6 7 9 3 2 1
1 1 9 7 8 6 10 3 2 5 4
1 0 5 0 0 6 3 1 0 2 4
1 0 6 4 5 0 7 1 0 2 3
1 0 4 0 0 0 5 1 0 3 2
1 3 4 0 0 0 5 6 0 2 1
1 0 4 0 0 5 3 0 0 2 1
1 5 8 6 9 10 7 3 4 2 1
3 1 0 0 0 0 2 0 3 0 0
1 0 3 0 4 0 1 0 0 2 0
1 1 0 4 0 0 0 5 0 3 2
15 0 4 0 0 0 2 5 0 1 3
1 2 8 10 6 9 7 4 1 3 5
1 2 8 9 6 0 7 5 1 3 4
1 2 0 7 6 0 0 3 1 5 4
1 0 1 0 6 5 2 0 0 3 4
3 4 0 0 0 0 0 1 2 3 0
2 0 0 3 1 2 0 0 0 0 0
1 1 9 8 6 7 10 5 2 3 4
3 0 2 0 0 0 3 5 0 1 4
1 1 7 4 9 10 2 8 3 5 6
1 4 9 6 7 5 10 3 8 1 2
1 2 10 3 4 7 9 8 1 5 6
1 3 0 0 0 4 0 0 2 1 0
1 1 9 6 7 8 10 5 2 3 4
4 0 0 0 0 0 1 2 0 3 4
1 0 3 6 7 8 4 5 0 2 1
3 0 1 0 0 0 2 3 0 0 4
1 0 2 0 0 0 0 1 3 0 0
1 6 2 10 9 8 1 5 7 3 4
1 4 3 0 0 0 2 0 1 0 0
1 0 0 2 3 0 0 1 0 0 0
1 3 0 6 0 0 0 4 2 1 5
24 2 0 0 0 0 0 0 1 0 3
1 0 4 0 6 0 2 5 0 1 3
1 1 8 10 9 6 7 2 5 4 3
3 2 10 8 7 5 9 6 1 3 4
1 2 0 5 0 0 0 0 1 3 4
1 8 6 9 4 5 3 7 10 1 2
1 1 0 0 0 0 3 5 0 2 4
1 2 0 0 0 0 0 3 4 0 1
1 5 6 4 7 8 3 9 10 2 1
1 0 1 3 0 0 2 0 0 5 4
62 2 0 0 0 0 0 0 1 3 4
1 1 10 8 6 7 9 3 2 4 5
1 2 7 10 8 9 6 1 4 3 5
1 7 5 9 4 10 6 8 3 2 1
2 4 6 0 0 0 5 3 0 1 2
1 5 10 9 7 6 8 4 1 2 3
1 1 5 2 8 9 6 3 10 7 4
1 2 9 10 3 4 8 5 1 6 7
258 0 1 0 0 0 2 0 0 0 0
1 1 0 4 3 0 0 5 2 0 0
30 4 0 0 0 0 0 0 3 1 2
9 2 0 0 0 0 0 3 1 0 4
2 3 0 0 0 0 2 0 0 1 4
1 1 7 9 8 10 6 5 3 2 4
2 6 3 0 0 0 1 5 0 2 4
1 6 5 9 8 10 4 1 7 3 2
1 4 0 3 0 0 0 0 1 2 0
1 0 0 1 0 0 0 4 0 3 2
1 2 0 4 0 0 0 1 3 0 0
1 7 3 8 6 9 1 5 10 2 4
3 2 0 0 0 0 0 0 0 3 1
2 0 3 2 0 0 1 0 0 4 0
1 4 0 0 0 0 0 1 5 3 2
1 0 0 1 0 2 3 0 0 0 0
1 0 0 0 3 0 0 2 0 1 0
1 1 8 10 9 6 7 5 2 3 4
1 0 3 0 0 0 0 2 0 4 1
3 0 3 1 0 0 2 0 0 0 0
1 1 9 7 10 5 8 6 3 2 4
1 2 8 3 4 7 6 5 1 10 9
2 0 1 7 6 8 2 5 0 3 4
54 2 0 0 0 0 0 3 1 4 5
1 3 2 0 0 4 1 0 0 0 0
10 0 0 0 0 0 0 4 3 1 2
1 4 2 6 3 5 1 0 0 0 0
1 0 1 0 0 0 3 4 0 2 0
1 1 7 9 6 10 8 3 2 4 5
1 4 5 3 2 7 6 1 10 9 8
1 0 5 0 0 0 3 2 0 1 4
1 1 7 10 9 8 6 3 2 5 4
1 9 3 7 5 8 2 6 10 1 4
1 0 0 0 4 0 5 3 0 2 1
1 0 2 0 0 0 4 5 0 1 3
17 2 0 0 0 0 0 0 0 1 0
10 1 0 0 0 0 0 4 5 2 3
2 0 3 0 2 0 1 0 0 0 0
2 5 4 0 0 0 0 3 0 1 2
1 6 4 0 9 7 3 5 8 1 2
1 0 4 0 0 3 0 0 0 2 1
3 3 0 2 0 0 0 1 0 0 0
1 2 6 9 7 8 1 5 10 3 4
9 0 0 0 3 0 0 0 0 1 2
5 2 0 0 0 0 0 4 1 0 3
1 3 2 10 8 9 1 7 4 6 5
2 5 2 0 0 0 1 0 0 4 3
1 1 9 7 6 8 10 5 3 2 4
1 1 0 0 0 6 0 4 2 3 5
1 7 6 8 9 10 2 1 3 4 5
1 4 0 3 0 0 1 0 0 2 0
2 4 2 0 0 0 3 1 0 0 0
3 5 0 0 0 0 0 1 4 3 2
1 1 7 0 0 8 6 3 2 4 5
1 0 4 0 0 0 5 0 3 2 1
1 0 1 0 3 0 0 0 0 2 0
1 0 2 4 0 0 3 0 1 0 0
2 4 0 5 6 0 0 7 1 2 3
1 0 4 6 7 8 5 3 0 1 2
1 0 1 0 2 0 3 0 0 0 4
1 1 5 0 0 0 4 0 0 2 3
1 3 4 5 6 7 9 10 8 1 2
2 9 4 5 7 6 3 8 10 2 1
1 1 7 9 6 0 8 3 2 4 5
1 0 2 0 4 0 1 0 0 3 0
1 2 10 4 9 8 3 5 1 6 7
2 9 2 7 6 8 1 5 10 3 4
8 0 0 0 0 0 2 3 0 1 4
1 2 6 0 0 0 0 5 1 4 3
1 0 2 0 0 0 3 4 0 1 5
1 0 0 0 1 2 0 0 0 0 0
4 0 4 0 0 0 2 0 0 3 1
2 2 0 0 0 6 0 5 1 3 4
1 2 8 10 6 9 7 3 4 1 5
1 1 0 0 0 2 0 0 0 0 0
1 1 0 0 4 0 0 0 2 3 5
1 7 6 10 8 9 3 5 4 2 1
1 4 6 9 10 7 3 5 8 1 2
1 3 4 10 9 7 5 6 8 1 2
2 3 7 8 9 10 6 4 1 2 5
2 0 2 6 7 0 1 5 0 3 4
27 1 0 0 0 0 0 3 2 4 0
4 0 0 0 0 0 3 2 1 0 0
8 3 0 0 0 0 0 1 2 4 5
1 0 1 0 0 0 0 0 2 3 0
1 5 0 0 0 0 1 3 0 2 4
6 0 0 0 0 3 0 0 0 1 2
1 9 2 5 3 4 1 6 10 7 8
1 0 2 0 0 0 0 1 0 4 3
1 2 10 4 8 3 9 5 1 7 6
45 0 2 0 0 0 1 0 0 4 3
1 0 0 3 0 0 1 2 0 4 5
1 4 0 0 0 0 5 1 0 2 3
3 2 10 3 4 5 9 8 1 6 7
1 2 0 0 0 0 3 1 0 0 0
1 4 7 10 9 8 6 5 1 3 2
1 0 0 0 1 0 0 3 0 2 0
1 1 7 0 0 0 6 2 5 3 4
1 2 0 1 0 0 0 0 0 3 4
7 0 5 0 0 0 3 4 0 1 2
17 3 0 0 0 0 0 2 1 4 5
8 4 0 0 0 0 0 3 5 2 1
1 4 5 0 0 0 0 1 0 2 3
1 8 2 7 9 5 4 1 10 6 3
1 4 5 6 1 7 8 9 2 3 10
1 0 1 0 3 0 0 0 2 0 0
1 4 8 10 6 9 7 5 1 2 3
1 4 9 10 6 5 8 7 1 2 3
1 0 3 0 0 0 2 0 0 4 1
126 0 1 0 0 0 2 0 0 3 4
2 0 0 0 0 0 1 2 3 0 0
4 0 0 0 0 0 1 0 0 3 2
1 3 0 6 0 0 0 5 1 2 4
6 1 0 0 0 0 0 4 0 3 2
1 3 0 0 0 0 5 2 0 1 4
2 1 3 0 0 0 2 0 0 0 0
2 1 0 0 6 0 0 3 2 4 5
2 0 1 0 0 0 2 4 0 3 5
3 3 0 0 0 0 0 1 2 4 0
2 0 0 0 0 0 0 2 3 0 1
1 1 8 9 7 6 10 5 2 4 3
1 5 2 3 4 6 1 9 10 7 8
89 3 0 0 0 0 0 0 0 2 1
3 2 10 8 6 7 9 3 1 4 5
11 2 0 0 0 0 0 3 1 5 4
1 0 4 6 0 0 2 1 0 3 5
1 0 4 0 0 0 0 5 1 2 3
1 2 8 10 7 6 9 3 1 4 5
1 0 4 0 6 5 3 0 0 2 1
1 0 5 0 6 0 4 1 0 3 2
1 0 1 0 0 0 0 0 2 0 3
34 0 1 0 0 0 0 0 0 0 0
5 4 0 0 0 0 0 2 1 3 0
1 0 3 0 0 0 0 1 0 2 0
23 0 3 0 0 0 2 0 0 1 0
1 3 0 0 1 0 0 0 0 0 2
1 6 4 9 10 8 3 7 5 1 2
3 0 0 0 0 0 3 1 2 0 0
2 4 5 0 0 0 6 3 0 2 1
1 2 6 0 0 0 7 3 1 4 5
1 2 10 8 7 6 9 5 1 4 3
1 0 0 2 1 3 0 0 0 0 0
1 2 1 5 3 8 4 6 7 9 10
1 7 4 6 9 8 3 5 10 1 2
5 2 1 0 0 0 3 0 0 0 0
9 0 0 0 0 1 0 0 0 0 0
1 4 6 0 0 0 5 2 0 1 3
1 2 0 0 0 6 0 3 1 4 5
1 1 10 3 4 9 7 8 2 5 6
13 0 2 0 0 0 4 0 0 1 3
1 6 4 0 0 0 3 5 7 2 1
2 0 0 0 0 0 3 0 4 1 2
1 0 0 0 1 0 4 0 0 2 3
10 0 0 0 0 0 2 3 0 1 0
1 5 8 10 6 7 9 4 3 1 2
1 3 4 0 0 0 0 0 0 1 2
1 6 5 0 0 0 4 1 0 3 2
2 0 0 0 0 0 5 3 4 1 2
7 3 0 0 0 0 0 0 4 2 1
1 1 10 9 6 7 8 5 4 2 3
1 1 8 10 7 6 9 5 4 2 3
1 2 5 9 4 0 8 7 1 3 6
1 0 0 0 0 0 4 3 2 1 0
1 1 8 9 7 2 10 3 4 5 6
2 2 7 0 0 0 6 4 1 3 5
1 1 8 9 10 7 3 2 5 4 6
1 2 0 0 0 5 0 1 6 3 4
2 1 0 0 0 0 0 0 0 0 2
2 1 7 10 8 9 6 2 3 4 5
1 2 7 0 0 0 5 3 1 6 4
1 0 0 0 3 2 0 0 1 0 0
1 4 7 8 9 10 6 5 1 2 3
1 0 0 0 0 0 2 4 0 3 1
1 1 0 0 3 0 0 0 2 0 0
3 5 0 0 0 0 0 3 4 2 1
1 0 0 0 0 0 2 0 0 3 1
1 9 5 6 7 8 4 1 10 3 2
1 2 0 1 0 0 0 4 3 0 0
23 0 0 0 0 0 3 4 0 1 2
1 0 1 2 0 0 4 5 3 7 6
4 4 0 0 0 0 0 3 2 1 0
1 8 4 5 3 9 6 7 10 2 1
1 0 0 0 0 2 0 0 0 1 3
1 3 10 8 6 7 9 5 4 1 2
2 0 4 0 0 0 3 1 0 2 5
1 0 4 5 0 0 0 1 0 3 2
1 4 1 0 3 0 2 0 0 0 0
30 3 0 0 0 0 0 0 4 1 2
1 1 0 0 4 2 0 3 0 0 0
1 5 0 0 0 0 4 3 0 2 1
1 10 1 5 7 6 2 8 9 3 4
1 2 0 4 3 0 0 0 1 0 0
1 2 7 10 9 8 6 3 1 4 5
1 3 0 0 0 0 1 2 0 0 0
1 2 7 10 9 8 5 3 4 1 6
1 1 0 0 0 0 0 3 2 0 4
1 2 3 0 0 8 1 7 4 5 6
1 1 0 0 2 0 0 0 3 4 5
2 4 0 0 0 0 0 2 1 5 3
1 4 0 0 0 0 0 1 3 0 2
1 3 4 8 9 10 5 7 6 1 2
1 1 3 0 0 0 0 4 2 0 0
21 2 0 3 0 0 0 0 1 0 0
1 4 0 8 1 3 0 2 5 6 7
3 0 0 1 0 0 0 2 3 0 0
7 0 4 0 0 0 5 3 0 1 2
1 0 3 0 0 0 4 1 2 0 0
1 2 6 9 8 5 7 3 1 4 10
1 1 0 0 0 0 3 4 0 2 5
2 0 3 0 0 0 0 2 0 1 0
1 2 5 10 9 8 3 6 7 1 4
1 1 7 0 0 0 6 4 3 2 5
73 0 3 0 0 0 1 0 0 2 4
37 0 1 0 0 0 2 0 0 4 3
1 8 9 3 4 5 10 2 1 6 7
2 0 1 0 0 0 3 2 0 0 0
1 2 9 10 4 3 8 7 1 5 6
1 0 2 3 0 0 0 1 0 0 0
1 2 0 0 0 0 3 0 0 1 4
1 0 3 4 0 0 1 0 0 0 2
1 0 1 3 2 0 0 0 4 5 0
24 0 0 0 0 0 4 3 0 1 2
1 1 0 3 0 0 0 2 0 0 0
1 0 0 2 3 0 0 0 1 0 0
1 2 1 4 3 6 5 0 0 0 0
636 2 0 0 0 0 0 0 1 0 0
12 2 0 0 0 0 0 1 0 0 3
3 1 0 0 0 4 0 2 3 0 0
8 1 2 0 0 0 3 0 0 0 0
1 3 0 0 6 5 0 4 7 1 2
1 0 1 0 0 0 4 5 0 2 3
1 2 0 0 4 0 0 3 1 0 0
1 0 3 1 0 0 0 0 0 2 0
1 2 3 0 0 0 0 0 1 0 0
1 9 3 8 10 6 2 7 1 4 5
44 1 0 0 0 0 0 2 0 3 4
1 5 10 8 7 6 9 2 1 4 3
1 0 0 0 0 0 3 2 0 4 1
2 9 4 5 7 6 3 8 10 1 2
7 0 0 0 0 0 2 4 0 1 3
1 3 1 0 0 0 2 5 0 4 6
8 0 0 0 0 0 0 4 1 2 3
1 1 8 10 9 6 7 2 3 5 4
13 0 0 0 0 0 0 0 0 0 1
1 0 1 0 0 0 0 3 2 0 0
2 0 0 0 0 2 0 1 0 3 4
1 4 8 5 7 6 9 10 1 2 3
1 1 0 0 0 0 5 2 0 3 4
2 0 1 0 0 0 3 0 0 0 2
1 4 0 0 0 0 3 1 0 2 0
1 1 0 0 0 0 2 0 0 3 0
1 1 2 3 5 0 4 6 9 7 8
1 7 6 8 10 5 3 4 9 1 2
2 0 0 1 0 0 0 2 0 3 0
1 0 0 3 0 0 0 1 2 4 5
1 0 0 0 0 0 3 0 2 0 1
2 0 5 0 0 0 2 3 0 1 4
1 2 9 8 4 3 10 5 1 6 7
1 1 10 2 8 5 9 3 4 6 7
5 3 0 0 0 0 4 0 0 1 2
1 6 8 5 3 4 9 7 10 1 2
1 6 9 8 7 5 10 1 2 3 4
1 0 0 0 0 0 2 0 4 1 3
9 0 0 0 0 0 0 1 3 2 0
1 1 7 0 0 8 6 4 2 3 5
1 5 9 6 7 8 10 4 1 2 3
1 1 10 6 7 8 9 5 2 4 3
1 3 10 2 1 6 9 4 5 7 8
2 3 0 0 0 0 1 0 0 2 0
1 9 1 5 6 7 8 4 10 2 3
1 5 4 0 0 0 3 6 0 1 2
1 2 8 9 7 6 10 1 3 4 5
5 2 3 0 0 0 1 0 0 0 0
23 1 0 0 0 0 0 2 5 3 4
3 1 7 0 0 0 6 2 3 4 5
8 5 0 0 0 0 0 1 4 2 3
1 2 0 0 4 3 0 5 1 0 0
1 6 1 4 5 0 0 0 0 2 3
1 1 0 0 0 0 4 5 2 3 0
1 6 1 2 0 0 3 0 0 4 5
2 2 9 8 4 3 10 7 1 5 6
1 2 0 0 0 3 0 4 0 1 0
1 3 0 0 0 0 0 2 0 0 1
1 3 0 5 0 0 0 4 0 1 2
2 4 0 0 0 0 0 2 3 1 0
1 3 0 0 0 0 4 1 0 2 0
1 2 0 0 0 3 0 0 0 1 0
1 5 8 9 7 6 10 1 2 3 4
1 2 0 1 0 0 3 0 0 0 0
1 6 4 9 7 10 2 5 8 1 3
5 0 2 1 0 0 3 0 0 0 0
1 1 0 0 3 0 2 4 0 0 0
2 1 0 0 0 0 0 4 5 3 2
2 0 5 0 3 0 4 0 0 1 2
4 0 4 0 0 0 0 1 0 2 3
5 0 3 0 0 0 2 5 0 1 4
1 0 1 0 0 0 0 0 0 3 2
1 1 8 7 6 10 9 5 4 2 3
1 0 2 3 4 5 1 0 0 0 0
3 0 0 0 1 0 0 0 0 2 0
1 0 4 0 0 0 1 0 2 0 3
1 2 8 3 4 10 9 1 5 7 6
2 0 4 5 0 0 3 0 0 2 1
1 6 2 7 8 9 1 5 0 3 4
1 1 10 9 8 7 6 2 3 4 5
1 3 8 10 7 6 9 5 2 1 4
1 2 0 0 0 0 0 3 5 1 4
1 0 0 0 2 0 0 0 1 0 0
1 1 7 10 9 6 8 2 4 3 5
20 0 2 0 0 0 3 0 0 1 0
3 1 2 0 0 0 0 0 0 0 0
1 1 0 0 0 2 0 4 3 0 0
1 1 0 0 0 0 6 2 4 3 5
1 4 1 0 0 0 2 3 0 0 0
1 2 7 10 8 9 6 3 1 4 5
1 6 4 10 9 7 3 5 8 2 1
1 9 1 6 7 8 2 3 10 4 5
1 6 1 10 7 8 2 5 9 3 4
1 1 3 0 0 0 0 0 0 2 0
1 3 0 0 0 0 4 0 0 2 1
1 1 0 0 0 0 0 5 4 3 2
1 6 5 0 3 0 0 4 0 2 1
1 6 5 8 7 9 4 3 10 2 1
3 3 0 4 0 0 0 0 0 1 2
1 8 5 7 9 6 4 1 10 2 3
13 0 0 0 0 0 0 1 2 3 4
1 1 0 0 0 0 5 2 3 4 0
2 1 0 0 0 0 0 0 3 4 2
1 9 3 5 6 8 4 7 10 2 1
1 1 0 0 7 6 0 5 2 3 4
1 0 2 6 5 0 1 0 0 3 4
299 0 0 0 0 0 0 1 0 0 0
10 0 0 0 0 0 2 0 1 0 0
8 1 0 0 0 0 0 4 3 2 0
1 1 2 0 0 0 0 0 0 3 0
1 4 1 0 0 0 2 0 0 3 0
1 5 6 9 7 8 1 4 10 2 3
34 1 0 0 0 0 0 0 2 3 4
8 0 0 0 0 0 0 0 1 3 2
1 3 2 4 0 0 1 0 0 0 0
1 1 0 0 0 0 4 0 2 3 5
2 0 0 0 0 0 1 3 0 0 2
9 0 1 0 0 0 3 0 0 2 4
1 4 7 0 0 0 6 3 1 2 5
1 3 0 0 5 0 0 6 4 2 1
4 0 1 0 0 0 2 4 0 3 0
1 7 1 9 8 6 2 5 10 3 4
9 0 0 0 0 0 1 3 0 2 0
18 0 0 0 0 0 2 1 0 0 0
2 2 9 10 7 6 8 3 1 4 5
1 1 3 9 8 10 5 2 7 4 6
1 2 9 8 7 4 10 3 1 5 6
1 6 4 0 0 0 1 0 5 2 3
1 1 9 10 3 6 8 7 2 5 4
1 1 6 10 8 9 7 3 2 4 5
1 10 9 5 3 6 7 4 8 2 1
2 5 0 0 0 0 4 3 0 1 2
1 7 2 0 0 6 1 5 0 3 4
1 0 4 0 0 0 3 1 2 0 0
1 3 0 0 2 0 0 0 0 1 0
2 1 9 10 7 6 8 2 3 4 5
1 2 0 0 0 0 4 3 1 0 0
1 5 0 0 0 0 0 1 2 4 3
1 0 0 0 0 0 5 2 1 3 4
3 0 4 0 0 0 2 3 0 1 0
2 5 0 0 0 0 0 1 2 3 4
1 6 1 0 0 0 2 3 0 4 5
1 0 4 3 0 0 0 0 0 2 1
1 9 5 6 7 8 4 3 10 1 2
1 0 3 5 0 0 4 6 0 2 1
1 3 1 4 0 0 2 5 0 0 0
1 0 6 3 7 0 5 4 0 2 1
1 6 3 0 0 0 4 5 0 2 1
1 7 3 10 5 8 4 6 9 2 1
237 0 2 0 0 0 1 0 0 3 4
5 1 0 0 0 0 0 2 3 0 4
5 0 0 0 0 0 1 2 0 3 0
1 2 7 9 6 0 8 1 3 4 5
1 5 3 0 0 0 1 6 7 4 2
1 0 3 0 0 0 5 2 0 1 4
2 0 0 2 0 0 0 0 0 1 3
3 5 0 0 0 0 0 4 3 2 1
1 0 2 0 3 0 1 0 0 5 4
22 2 0 0 0 0 0 1 3 4 5
1 2 8 9 7 6 10 1 3 5 4
1 0 2 4 3 0 1 5 0 0 0
1 0 6 4 0 0 3 1 0 2 5
1 3 0 0 0 0 0 2 0 4 1
1 0 0 0 0 5 3 4 0 2 1
1 0 0 0 0 0 4 3 1 2 0
1 3 8 6 7 10 9 2 1 4 5
1 1 8 10 9 6 7 5 4 2 3
1 0 0 2 0 0 0 1 0 3 0
2 3 0 0 0 0 0 4 2 1 5
1 5 0 0 4 0 0 3 0 1 2
1 1 0 0 2 0 0 0 3 0 0
1 0 0 0 4 0 0 1 0 2 3
1 0 0 2 0 0 3 0 1 0 0
3 6 3 10 4 7 2 1 8 5 9
25 2 0 0 0 0 0 0 3 1 0
8 5 0 0 0 0 0 4 1 2 3
8 2 0 0 0 0 0 0 3 1 4
2 2 0 3 0 4 0 0 1 0 0
1 4 0 2 0 3 0 0 1 5 6
2 9 1 6 5 4 2 3 10 8 7
1 0 5 0 0 6 4 3 0 2 1
1 0 2 0 0 3 1 0 0 4 5
4 2 0 0 0 0 0 4 5 1 3
1 6 5 10 9 8 2 1 7 4 3
1 3 0 0 0 0 6 5 1 2 4
1 2 0 0 0 3 0 6 1 4 5
1 6 5 0 7 8 4 3 0 2 1
1 5 6 9 8 10 7 3 1 2 4
2 1 0 0 4 0 0 3 2 0 0
4 3 0 0 0 0 2 0 1 0 0
1 1 6 10 8 9 7 4 2 5 3
1 0 0 0 2 0 0 0 1 3 4
1 1 0 0 2 0 0 0 0 0 0
2 1 9 6 7 8 10 2 3 5 4
1 0 2 0 4 0 0 0 0 1 3
1 4 9 6 7 8 10 5 3 1 2
3 0 4 0 0 0 1 2 0 3 5
1 2 9 10 7 3 8 4 1 5 6
3 0 2 5 0 0 1 0 0 4 3
1 2 9 8 7 4 10 3 1 6 5
1 1 8 2 9 10 7 3 4 5 6
13 3 0 0 0 0 0 5 4 1 2
1 4 0 0 3 0 0 0 0 2 1
142 0 4 0 0 0 3 0 0 2 1
1 9 1 7 8 5 2 6 10 3 4
1 4 7 10 9 8 6 3 5 2 1
1 5 3 0 0 0 0 4 6 1 2
1 2 8 4 7 0 9 3 1 5 6
1 3 8 9 4 6 7 5 10 2 1
1 7 8 0 2 0 5 6 1 3 4
1 7 2 10 8 6 1 5 9 4 3
1 1 4 0 0 0 0 2 0 0 3
1 7 1 6 8 9 5 4 10 2 3
1 0 2 5 0 0 3 0 0 1 4
1 0 0 0 0 3 4 0 0 2 1
1 0 1 0 4 0 2 3 0 0 0
1 0 0 0 0 0 1 2 3 4 0
1 9 1 7 5 6 2 8 10 3 4
19 2 0 0 0 0 0 3 1 4 0
45 0 2 0 0 0 1 3 0 0 0
1 0 3 0 0 0 0 2 1 0 0
1 1 6 10 9 7 8 3 2 4 5
1 1 9 5 6 8 10 2 3 4 7
3 0 0 3 0 0 4 0 0 1 2
4 0 2 0 0 0 4 0 0 3 1
1 3 7 0 0 8 5 6 4 2 1
1 2 9 5 6 7 8 1 10 3 4
1 9 6 8 5 7 4 2 10 1 3
1 3 7 9 8 10 5 6 2 1 4
18 0 0 0 0 0 0 1 2 3 0
22 3 0 0 0 0 0 4 0 2 1
3 0 1 0 0 0 0 2 0 3 0
1 0 7 0 1 5 8 6 3 2 4
1 3 0 0 0 0 6 5 4 1 2
1 5 0 0 0 0 1 3 4 0 2
1 5 3 0 0 0 1 0 0 2 4
5 1 0 0 0 0 0 0 2 4 3
2 5 3 0 0 0 4 0 0 1 2
1 6 0 0 3 0 0 4 5 1 2
1 0 0 0 1 2 0 0 0 0 3
2 5 10 8 7 6 9 3 4 1 2
1 10 9 8 7 6 3 1 2 4 5
6 2 0 0 0 0 0 0 4 1 3
1 2 9 8 7 10 6 3 1 4 5
1 2 0 0 0 0 0 1 4 5 3
1 9 6 7 8 10 5 1 2 3 4
1 1 7 0 8 0 6 2 5 3 4
2 3 4 0 0 0 0 0 0 2 1
1 2 0 0 0 3 0 1 0 0 0
1 7 5 9 8 10 6 3 4 1 2
1 9 8 6 4 5 7 1 10 3 2
3 2 0 0 0 0 4 0 1 3 0
2 0 2 0 0 0 0 1 0 0 3
7 2 9 8 7 6 10 3 1 4 5
1 0 0 0 0 0 1 0 3 2 0
1 2 4 10 9 8 6 5 7 1 3
1 4 10 2 7 5 8 3 9 1 6
1 4 9 10 6 7 8 2 1 5 3
1 5 3 0 0 0 0 4 6 2 1
1 9 1 6 7 5 2 8 10 3 4
46 0 0 0 0 0 0 1 2 0 0
9 0 0 0 1 0 0 0 0 0 0
9 0 1 0 0 0 0 0 0 2 0
1 0 0 4 0 0 0 3 0 1 2
1 5 6 7 8 9 10 1 2 3 4
156 0 2 0 0 0 1 0 0 3 0
38 0 0 0 0 0 2 0 0 1 0
1 1 10 8 6 7 9 4 2 5 3
7 0 0 0 0 0 1 2 0 0 0
1 7 2 3 8 9 1 10 6 4 5
1 0 0 4 0 0 0 1 2 0 3
1 0 0 0 3 0 2 0 0 1 0
1 7 4 6 8 9 2 1 10 5 3
1 3 10 4 6 7 9 5 8 1 2
1 3 8 10 9 6 7 2 1 5 4
1 2 0 0 0 0 4 5 1 3 0
3 2 0 0 0 0 0 4 3 1 0
62 0 0 0 0 0 0 1 0 2 0
8 3 0 0 0 0 0 5 1 2 4
2 0 2 0 5 0 1 0 0 4 3
1 0 0 0 0 1 0 4 0 2 3
1 2 8 5 3 4 10 6 1 9 7
1 2 1 8 7 10 3 5 6 9 4
1 2 8 10 7 6 9 4 3 1 5
1 0 0 0 0 0 0 2 0 0 1
1 0 0 2 0 3 1 0 0 0 0
2 2 9 3 5 4 10 8 1 6 7
29 0 5 0 0 0 4 3 0 1 2
1 2 0 0 0 5 0 6 4 1 3
4 1 0 0 0 0 0 3 4 2 5
1 1 0 2 0 0 0 0 0 3 0
3 0 0 0 0 0 1 0 0 0 2
1 4 0 0 0 0 3 0 5 1 2
2 2 0 0 4 0 0 1 3 0 0
3 0 1 0 0 0 0 0 0 0 2
8 4 0 0 0 0 0 3 5 1 2
2 0 3 6 0 0 2 5 0 1 4
2 0 1 2 0 0 0 0 0 0 0
1 2 10 4 3 5 9 8 1 6 7
1 6 7 10 9 5 8 2 1 4 3
1 3 0 0 0 0 5 1 0 2 4
1 6 5 0 0 0 2 4 0 1 3
1 6 5 9 8 1 3 7 10 2 4
1 2 0 5 0 0 0 3 0 4 1
3 0 4 0 0 0 5 3 0 2 1
1 0 6 8 5 4 7 1 0 2 3
1 1 9 8 3 7 10 4 2 5 6
1 0 2 4 5 0 3 0 0 1 6
1 2 0 4 3 5 0 0 1 0 0
7 0 0 0 0 0 2 1 0 3 0
1 1 0 0 0 0 4 2 0 0 3
1 3 0 4 0 0 0 1 2 0 0
1 6 1 0 0 0 4 5 0 2 3
1 10 3 2 8 5 4 9 1 6 7
1 0 1 0 0 3 2 0 0 5 4
3 1 7 9 8 10 6 2 5 3 4
86 1 0 0 0 0 0 2 0 0 0
4 6 4 0 0 0 3 5 0 1 2
1 1 0 0 0 0 0 4 3 0 2
1 5 10 8 6 7 9 1 4 2 3
3 1 0 0 0 0 0 5 3 4 2
1 1 10 3 4 5 9 8 2 6 7
1 4 9 8 7 6 10 1 5 3 2
1 3 0 0 0 4 0 2 0 0 1
5 0 0 3 0 0 0 2 1 0 0
1 0 0 0 4 0 0 3 0 1 2
1 1 5 3 2 0 4 0 0 0 0
1 3 8 9 7 10 6 5 1 4 2
1 5 7 9 8 10 6 1 2 4 3
1 1 0 0 4 0 0 2 3 0 0
1 5 7 0 0 0 6 3 4 1 2
2 0 5 0 0 0 2 0 3 1 4
1 0 0 0 3 0 0 0 0 2 1
1 2 9 5 3 4 10 6 1 7 8
1 0 7 1 0 0 4 3 5 6 2
1 1 4 6 2 3 5 0 0 0 0
1 8 4 9 6 7 3 5 10 1 2
1 4 3 2 0 0 1 0 0 0 0
1 3 6 0 0 0 7 5 4 2 1
1 4 3 0 0 0 0 1 0 0 2
1 2 0 6 4 3 0 5 1 8 7
5 0 1 0 0 0 2 0 3 0 0
1 2 0 0 4 0 0 1 0 0 3
2 0 0 0 0 0 3 0 2 1 4
1 2 8 10 7 6 9 1 3 4 5
1 6 4 10 9 8 1 5 7 2 3
7 1 0 0 0 0 0 2 4 3 5
1 6 4 9 7 8 5 3 10 1 2
5 1 0 0 0 0 3 0 0 2 0
1 3 0 0 1 0 0 2 0 0 0
1 6 0 1 8 7 0 5 2 3 4
4 1 0 0 0 0 0 2 0 4 3
33 0 2 0 0 0 1 0 0 0 3
13 0 2 0 0 0 3 0 0 1 4
1 3 7 9 10 4 8 5 6 1 2
1 6 3 0 0 0 1 0 5 2 4
1 2 10 3 4 5 9 6 1 8 7
1 1 7 10 9 6 8 5 2 3 4
1 0 2 0 0 0 0 1 3 0 4
1 3 4 0 0 0 1 0 0 2 0
6 0 0 0 0 0 0 1 2 0 3
2 2 0 0 6 0 0 3 1 4 5
1 0 3 2 0 0 1 4 0 0 0
4 3 0 0 0 0 5 4 0 1 2
8 2 0 0 0 0 0 4 0 1 3
1 1 8 2 5 4 9 10 3 6 7
1 1 2 0 0 0 3 0 4 5 6
2 2 9 8 7 3 10 6 1 4 5
3 2 9 3 4 5 10 8 1 7 6
1 5 3 0 0 0 4 6 0 1 2
1 0 3 0 0 0 0 0 1 2 0
1 4 8 10 6 5 9 2 7 1 3
3 4 0 5 0 0 0 1 0 2 3
1 0 2 0 0 5 1 6 0 3 4
14 0 5 0 0 0 4 3 0 2 1
1 3 4 0 5 0 6 0 0 1 2
1 2 6 10 8 7 9 5 1 3 4
2 0 0 0 0 0 4 1 0 3 2
1 5 2 0 0 0 3 4 1 0 0
1 6 2 7 9 10 1 8 3 5 4
1 3 0 0 5 6 0 4 0 2 1
1 0 3 0 0 0 2 0 0 0 1
1 0 2 1 0 0 0 0 0 3 4
1 7 8 5 6 4 9 1 10 2 3
1 7 2 6 5 8 1 9 10 3 4
1 1 8 10 7 6 9 3 2 4 5
11 0 2 0 3 0 1 0 0 0 0
4 0 2 4 0 0 1 3 0 0 0
14 0 1 0 0 0 2 3 0 4 5
2 1 0 0 0 0 2 0 0 3 4
2 2 0 3 0 0 0 1 0 0 0
1 3 0 0 0 0 0 1 2 0 4
1 7 9 10 3 8 6 1 2 4 5
1 3 6 9 8 10 7 4 5 2 1
1 1 9 8 2 3 10 7 4 5 6
1 10 3 1 8 4 2 7 9 5 6
1 0 3 0 0 5 1 4 0 2 0
13 0 3 0 0 0 4 5 0 2 1
55 0 1 0 0 0 2 0 0 3 0
7 0 1 0 0 0 4 0 0 2 3
1 1 6 9 8 10 7 3 4 2 5
1 2 5 1 3 10 7 6 4 8 9
1 2 0 4 0 0 0 0 3 1 5
1 2 9 5 4 3 10 8 1 7 6
2 4 0 0 0 0 0 3 2 1 5
1 0 4 0 6 7 3 5 0 1 2
2 1 4 0 0 0 0 0 0 2 3
1 0 0 2 0 1 0 0 0 0 0
1 5 9 6 7 8 10 2 1 3 4
1 3 0 0 1 0 0 0 2 0 0
1 3 6 0 0 0 7 2 1 4 5
1 10 9 3 4 5 7 6 8 2 1
1 0 0 0 3 0 0 2 0 0 1
1 5 9 7 8 10 6 1 3 4 2
55 1 0 0 0 0 0 3 2 4 5
1 2 6 0 0 0 5 1 0 3 4
1 0 5 0 0 2 6 1 0 4 3
1 0 0 1 0 0 0 0 0 3 2
19 0 2 0 0 0 1 3 0 4 5
6 0 0 2 0 0 0 3 1 0 0
1 4 0 0 0 0 0 2 3 1 5
1 2 0 5 0 0 0 0 1 4 3
1 2 9 10 6 7 8 5 1 4 3
2 0 0 0 0 0 0 4 3 2 1
2 3 9 10 7 6 8 2 1 5 4
1 7 8 4 6 5 9 1 10 2 3
87 0 0 0 0 0 0 0 0 1 0
3 0 0 2 0 0 1 0 0 0 0
1 0 0 5 4 0 3 0 0 1 2
1 1 10 8 6 7 9 4 2 3 5
1 3 6 10 9 7 8 4 5 1 2
1 1 7 0 0 0 6 2 3 5 4
2 5 0 0 0 0 4 0 3 1 2
1 5 4 0 0 0 6 1 0 3 2
1 2 0 0 4 3 0 0 1 0 0
6 0 0 2 0 0 0 1 0 0 0
1 0 2 3 0 0 1 4 0 0 0
1 6 4 9 7 8 2 3 10 1 5
233 0 0 0 0 0 0 3 0 1 2
1 0 0 4 0 0 3 0 0 1 2
1 2 0 0 6 0 0 1 3 4 5
2 0 5 0 4 0 3 0 0 1 2
2 0 4 0 0 0 3 0 5 1 2
2 0 2 0 0 0 3 1 0 4 5
1 0 1 6 0 0 2 5 0 3 4
2 1 0 2 0 3 0 0 0 0 0
2 2 8 10 6 7 9 3 1 4 5
1 1 8 10 9 7 4 3 6 2 5
2 3 0 0 0 0 0 1 4 2 0
1 0 3 0 1 0 0 0 0 0 2
1 0 4 0 0 0 3 0 2 1 0
2 0 0 0 0 4 0 3 0 1 2
11 2 0 0 0 0 0 3 0 1 4
12 1 0 0 0 0 0 0 0 3 2
2 7 6 8 9 10 3 4 5 1 2
1 4 9 5 7 8 10 6 1 2 3
1 2 9 5 6 7 8 3 1 4 0
1 6 5 4 3 7 2 8 1 9 10
1 1 3 0 0 0 0 0 2 0 0
1 0 0 4 0 0 0 3 0 2 1
1 1 10 6 4 3 9 5 2 8 7
2 6 5 0 0 0 2 1 0 3 4
1 3 8 10 6 7 9 2 1 4 5
1 5 4 6 7 8 1 0 0 2 3
3 3 0 0 0 0 0 1 0 4 2
1 4 7 9 8 10 6 1 5 3 2
1 7 4 8 9 10 5 3 6 2 1
1 9 5 7 8 6 4 1 10 2 3
1 2 5 8 6 7 4 3 1 0 9
1 0 0 0 3 0 0 1 0 2 0
1 6 4 5 0 0 0 2 1 3 0
1 4 7 6 3 5 8 1 9 2 10
29 0 0 0 0 0 0 2 1 3 0
1 4 0 0 0 0 3 1 0 0 2
9 3 0 0 0 0 0 0 2 1 4
3 0 0 3 0 0 0 1 0 2 0
1 3 0 2 1 0 0 0 0 0 0
1 3 0 0 4 0 0 1 0 0 2
1 6 5 7 8 10 4 3 9 1 2
1 2 5 0 0 0 3 0 4 1 6
1 3 2 4 8 10 1 6 9 5 7
1 1 6 0 0 0 7 4 2 3 5
1 2 4 5 6 7 10 1 3 9 8
3 1 0 2 0 0 0 0 3 0 0
4 0 0 0 1 0 0 0 0 2 3
1 0 0 4 0 0 1 3 0 2 0
1 2 9 10 7 4 8 3 1 5 6
2 0 1 0 0 0 3 0 0 2 0
1 9 5 7 6 8 4 3 10 2 1
9 1 0 0 0 0 0 4 2 3 5
1 0 0 3 0 0 0 1 2 4 0
2 0 4 5 0 0 2 0 0 1 3
2 0 0 4 0 0 0 0 3 1 2
1 1 0 0 4 0 0 0 0 2 3
1 3 10 6 7 8 9 5 1 2 4
1 3 1 2 0 0 0 0 0 0 0
1 3 4 0 0 0 1 2 0 5 6
1 0 5 6 0 0 4 1 0 2 3
8 4 0 0 0 0 0 1 3 2 0
3 5 0 0 0 0 3 4 0 1 2
1 4 6 5 3 7 1 2 8 10 9
1 4 1 5 6 7 2 3 10 9 8
1 1 6 0 8 9 7 3 2 4 5
1 3 6 10 9 8 7 4 5 2 1
4 0 2 0 0 0 0 0 0 1 3
1 9 4 8 7 6 3 5 10 1 2
1 2 0 4 5 6 0 3 1 7 8
1 5 0 2 0 0 1 3 4 0 0
3 5 4 0 0 0 3 0 0 2 1
2 3 5 0 0 0 4 0 0 1 2
1 1 9 7 6 8 10 2 3 4 5
1 3 0 4 0 0 0 2 1 0 0
1 3 4 0 0 0 5 6 0 1 2
1 2 4 3 5 6 7 8 1 10 9
1 2 7 0 0 0 5 6 1 3 4
1 9 3 4 2 8 5 1 6 10 7
1 1 0 0 0 0 3 5 6 2 4
1 10 9 3 4 8 5 7 6 1 2
1 10 7 2 1 4 6 8 9 3 5
1 0 4 0 0 0 0 1 5 2 3
1 1 8 10 6 7 9 2 4 3 5
1 9 2 5 6 7 1 8 10 3 4
1 1 2 3 4 5 6 7 8 9 10
2 0 0 2 0 0 0 0 1 0 0
1 1 2 8 9 10 3 4 5 6 7
26 1 0 0 0 0 0 4 0 2 3
1 2 1 0 0 0 0 0 3 0 0
4 0 3 0 0 0 1 0 0 4 2
17 4 0 0 0 0 0 2 0 1 3
1 2 9 8 3 7 10 6 1 4 5
1 0 3 1 0 0 0 0 0 2 4
1 0 4 5 0 0 1 0 0 2 3
1 6 5 10 9 7 3 1 8 2 4
1 1 5 0 0 6 4 0 0 3 2
2 0 0 1 0 0 2 0 0 0 0
1 4 10 9 8 7 6 3 5 1 2
1 3 2 4 5 0 1 0 0 0 0
1 3 8 10 9 6 7 4 5 1 2
1 3 7 9 8 10 6 5 4 1 2
1 0 3 0 0 0 1 4 0 0 2
1 6 1 0 0 0 2 5 7 3 4
1 3 8 10 9 6 7 1 2 4 5
1 3 1 4 0 0 2 0 0 0 0
1 4 5 0 0 0 3 0 1 2 0
113 2 0 0 0 0 0 1 0 0 0
47 0 0 0 0 0 3 0 0 2 1
1 0 2 4 3 0 1 0 0 0 0
6 0 3 0 0 0 0 1 2 0 0
9 1 0 0 0 0 0 3 0 2 4
1 0 2 0 0 0 1 0 4 3 0
2 1 2 3 0 0 0 0 0 0 0
1 2 0 0 0 3 4 1 0 0 0
14 0 3 0 0 0 4 5 0 1 2
5 0 0 0 0 0 2 1 0 0 3
1 1 0 0 0 2 0 6 3 4 5
1 5 3 0 0 0 1 6 0 2 4
1 10 4 5 6 9 7 3 8 1 2
1 9 4 3 6 7 5 8 10 1 2
1 0 4 0 0 0 2 0 1 3 0
3 0 2 3 0 0 1 0 0 4 0
1 2 10 7 8 9 6 5 1 3 4
3 0 5 0 0 0 1 4 0 2 3
1 1 8 10 5 9 7 3 2 4 6
1 6 8 10 3 7 9 5 4 2 1
1 9 2 7 6 0 1 4 8 3 5
43 3 0 0 0 0 0 0 1 2 0
32 1 0 0 0 0 0 2 0 3 0
1 4 0 0 5 0 0 1 0 2 3
1 1 8 10 7 4 9 3 2 5 6
1 0 2 1 0 0 3 6 0 4 5
1 1 0 0 0 0 2 3 0 0 0
3 4 8 0 6 0 7 3 5 1 2
1 3 0 1 2 0 0 0 0 0 0
13 0 0 0 0 0 0 2 1 0 3
35 2 0 0 0 0 0 0 0 1 3
1 2 7 6 3 9 8 10 1 4 5
3 1 0 0 0 0 4 5 0 2 3
1 4 9 10 7 6 8 5 3 2 1
2 9 1 8 5 7 2 6 10 3 4
1 0 3 5 0 0 4 0 0 1 2
1 5 0 0 4 0 0 2 0 1 3
1 3 6 7 8 9 5 4 10 2 1
1 6 3 8 9 10 2 4 5 1 7
47 2 0 0 0 0 0 1 3 0 0
47 2 0 0 0 0 0 5 1 3 4
1 0 1 4 5 0 2 3 0 6 7
1 0 0 0 0 2 3 0 0 1 0
1 9 1 8 7 6 3 5 10 2 4
1 0 3 6 0 0 4 5 0 2 1
2 0 2 0 0 0 0 0 3 0 1
1 3 2 10 7 6 1 8 9 4 5
1 0 3 0 0 0 0 1 0 0 2
1 0 2 0 0 0 1 3 4 0 0
1 2 0 0 0 0 5 0 3 1 4
1 2 9 8 5 3 10 4 1 6 7
1 0 2 0 0 0 0 0 0 0 1
3 0 3 0 0 0 1 0 2 0 0
4 0 1 0 0 0 3 0 0 4 2
1 5 6 10 9 4 7 3 8 2 1
1 7 6 9 4 5 3 8 10 1 2
1 10 7 9 8 6 5 2 1 4 3
2 5 0 0 0 0 0 3 2 1 4
1 3 0 2 0 0 0 0 0 1 0
1 3 10 9 2 7 8 6 1 4 5
2 2 0 0 3 0 0 0 1 4 5
5 3 0 0 0 0 0 4 1 2 0
49 0 4 0 0 0 2 0 0 1 3
3 0 0 0 0 0 2 3 1 0 0
1 2 9 6 7 8 10 3 1 4 5
1 2 10 8 7 6 9 3 1 4 5
2 0 0 0 0 3 0 2 1 0 0
1 3 0 0 2 5 0 0 0 1 4
1 4 5 6 7 8 9 1 2 3 10
2 0 2 5 0 0 1 0 0 3 4
1 0 4 1 0 0 2 0 0 3 0
5 2 0 0 0 0 0 1 4 3 0
1 1 9 10 6 7 8 5 2 3 4
1 1 9 7 5 8 10 6 3 2 4
1 1 9 0 8 4 7 2 3 5 6
4 6 1 0 0 0 2 5 0 3 4
2 0 2 0 0 0 0 1 0 3 4
1 2 0 0 3 0 0 0 4 1 0
1 3 4 0 0 0 6 5 7 1 2
1 2 0 0 0 4 0 3 1 0 0
1 2 0 3 0 0 0 0 4 1 0
2 4 5 0 0 0 3 0 0 1 2
1 0 4 0 0 0 0 2 0 1 3
1 2 0 0 5 0 0 6 1 3 4
8 0 2 0 0 0 1 0 3 0 0
19 3 0 0 0 0 0 0 2 1 0
3 0 3 0 0 0 2 4 0 1 0
3 0 1 0 0 0 3 5 0 2 4
1 0 1 0 0 0 0 2 0 3 4
1 0 3 2 6 0 4 0 0 1 5
2 2 7 9 8 10 6 5 4 1 3
190 0 0 0 0 0 0 1 0 2 3
3 2 10 8 7 6 9 5 1 3 4
1 5 8 10 4 9 7 3 6 1 2
2 0 4 0 0 0 1 5 0 3 2
1 1 6 7 0 0 8 3 2 4 5
1 0 2 6 3 0 1 0 0 4 5
1 2 3 10 8 9 1 6 7 4 5
1 5 8 10 6 7 9 3 1 2 4
1 6 4 0 7 0 3 5 8 2 1
10 4 0 0 0 0 0 5 3 1 2
4 5 0 0 0 0 0 4 2 1 3
1 3 4 0 0 0 2 0 0 1 0
2 1 7 0 0 0 6 5 2 3 4
2 5 6 0 0 0 3 4 0 1 2
1 0 1 0 0 0 2 0 5 3 4
1 2 9 0 6 3 8 7 1 4 5
1 6 9 4 3 5 10 7 8 2 1
1 9 4 7 5 8 2 6 10 1 3
2 0 2 4 0 0 1 0 0 3 0
7 1 0 0 0 0 0 2 5 4 3
1 3 0 4 5 0 0 0 6 1 2
1 7 9 10 4 1 8 2 3 5 6
1 9 2 7 6 8 4 5 10 1 3
1 0 0 1 0 0 0 0 0 2 3
1 3 4 0 0 0 0 2 1 0 0
102 0 0 0 0 0 0 3 0 2 1
1 3 0 0 0 0 5 4 2 1 0
1 1 0 0 0 0 0 2 4 0 3
1 0 3 0 0 0 0 2 0 0 1
1 0 3 0 0 0 0 1 0 4 2
1 4 9 8 6 7 10 5 3 1 2
19 3 0 0 0 0 0 1 0 2 4
1 10 5 6 9 8 4 7 1 2 3
1 5 6 10 8 9 3 7 1 2 4
6 1 0 0 0 0 0 5 3 2 4
1 1 8 10 6 9 7 3 2 4 5
1 1 0 0 0 0 2 0 3 4 0
1 3 0 0 0 0 0 2 1 0 4
3 0 5 0 0 0 3 4 0 2 1
1 0 3 5 0 0 4 6 0 1 2
1 1 4 0 0 0 5 0 0 2 3
1 1 7 9 8 10 6 5 2 4 3
1 1 6 10 9 8 7 5 2 3 4
33 0 0 0 0 0 0 1 0 3 2
4 5 4 0 0 0 3 0 0 1 2
4 0 2 0 0 0 1 3 0 0 4
1 2 10 9 8 7 6 5 1 3 4
3 0 0 0 0 0 2 0 3 1 0
2 0 3 0 0 0 0 0 4 1 2
1 7 9 8 5 6 4 3 10 2 1
1 0 0 0 0 0 2 5 4 1 3
1 9 3 5 6 7 1 8 10 2 4
3 0 0 0 0 0 4 3 0 2 1
1 1 4 7 9 8 3 6 0 2 5
2 0 0 0 2 0 1 0 0 0 0
1 5 0 0 0 0 1 4 0 2 3
1 0 0 0 2 0 0 3 1 0 0
3 2 9 8 6 7 10 3 1 4 5
2 4 0 0 0 0 0 5 2 1 3
1 2 0 3 4 8 0 7 6 1 5
1 0 0 0 4 0 0 3 0 2 1
1 0 0 1 0 2 0 3 0 0 0
1 5 0 0 0 0 4 2 3 1 0
1 3 4 10 5 6 7 2 1 8 9
1 0 1 0 0 0 3 5 0 4 2
2 5 0 0 0 0 0 4 1 3 2
1 1 4 9 6 0 7 2 8 3 5
1 4 1 0 0 0 2 0 3 0 0
1 0 1 3 0 0 2 4 0 0 0
1 6 2 9 8 5 1 7 10 3 4
62 0 0 0 0 0 1 0 0 0 0
1 3 0 7 6 8 0 2 1 4 5
1 6 2 7 8 5 1 3 10 9 4
1 1 4 2 3 7 5 6 10 8 9
1 2 6 3 5 10 9 4 1 7 8
1 0 2 0 0 0 4 1 0 0 3
2 2 5 7 8 9 6 10 1 3 4
2 0 4 0 5 0 3 0 0 2 1
5 0 0 0 0 0 3 4 0 2 1
1 6 3 7 8 9 2 5 10 1 4
1 0 2 0 0 0 1 4 0 3 5
1 0 5 0 0 0 3 1 0 2 4
1 1 2 0 0 0 0 0 0 4 3
1 1 0 6 5 7 0 0 4 2 3
1 3 6 8 9 0 5 2 7 1 4
1 9 2 8 7 3 1 4 10 6 5
1 5 4 8 7 9 10 2 6 1 3
2 0 0 0 0 4 0 1 0 2 3
1 4 2 0 0 0 1 0 3 0 0
583 0 0 0 0 0 0 0 0 1 2
16 4 0 0 0 0 0 5 1 2 3
22 0 4 0 0 0 3 5 0 2 1
1 4 7 0 0 8 6 1 2 3 5
5 4 0 0 0 0 0 2 1 3 5
1 1 0 0 3 0 0 0 0 2 0
1 0 2 0 1 0 0 3 0 0 0
1 4 9 8 7 6 10 5 1 2 3
1 1 0 0 0 0 2 0 0 0 0
1 0 0 4 0 0 1 0 0 3 2
13 0 0 0 0 0 0 1 4 2 3
1 4 0 3 0 0 0 0 0 1 2
35 0 3 0 0 0 0 0 0 2 1
1 2 7 0 0 0 6 1 5 3 4
1 5 6 8 7 9 3 4 10 1 2
1 4 5 10 9 8 6 1 7 2 3
41 0 3 0 0 0 2 0 0 1 4
1 0 1 0 0 0 4 2 0 3 5
1 2 0 1 0 0 0 3 0 0 0
1 2 9 8 3 6 10 7 1 4 5
1 4 0 0 0 0 0 1 2 3 5
1 3 6 0 0 0 5 2 7 4 1
1 3 5 0 0 0 0 4 0 1 2
1 0 0 0 0 0 0 0 2 3 1
1 9 1 3 8 7 2 6 10 5 4
1 10 3 6 7 8 4 5 9 1 2
1 1 4 0 0 0 0 2 3 0 0
102 0 3 0 0 0 4 0 0 1 2
7 4 0 0 0 0 0 1 0 3 2
1 6 0 0 0 5 0 3 4 1 2
16 0 0 1 0 0 0 0 0 0 0
1 3 0 0 5 0 4 1 0 2 0
1 2 7 10 9 5 8 1 6 3 4
5 0 0 0 0 0 0 2 0 3 1
1 2 7 4 0 5 6 3 1 8 9
1 0 0 0 3 0 1 2 0 0 0
1 8 3 4 9 10 2 7 1 5 6
2 9 3 8 7 6 4 5 10 1 2
1 0 0 0 0 0 4 0 2 1 3
12 5 0 0 0 0 0 3 4 1 2
1 0 2 6 7 0 3 5 0 1 4
4 2 0 0 0 0 0 1 5 4 3
1 2 0 3 4 5 0 0 1 0 6
1 7 4 8 9 10 5 3 6 1 2
1 4 0 0 0 0 0 2 5 3 1
2 0 0 1 0 0 0 4 0 2 3
1 3 9 6 7 8 10 2 1 5 4
3 9 3 8 7 6 1 5 10 2 4
1 2 0 0 0 0 1 0 3 4 0
1 0 2 1 0 4 3 0 0 0 0
10 2 0 0 3 0 0 0 1 0 0
9 3 0 0 0 0 0 2 1 4 0
2 0 3 0 0 0 0 4 0 2 1
1 0 1 0 5 0 2 6 0 3 4
1 6 1 10 8 9 2 5 7 3 4
6 0 0 0 0 0 0 3 2 1 0
7 1 0 0 0 0 0 3 4 2 0
2 6 5 0 0 0 4 3 0 2 1
4 4 0 0 0 0 0 5 3 2 1
1 0 4 0 0 0 0 0 1 2 3
1 5 6 4 9 10 7 8 1 2 3
2 2 10 8 5 6 9 7 1 3 4
31 3 2 0 0 0 1 0 0 0 0
18 0 0 0 0 0 4 1 0 2 3
1 1 7 10 9 6 8 3 2 4 5
2 4 0 0 0 0 0 3 1 2 5
1 2 0 0 7 6 0 3 1 4 5
1 2 9 10 6 7 8 3 5 1 4
1 0 3 2 0 0 1 0 0 0 0
15 3 0 0 0 0 0 2 0 1 0
20 0 0 0 0 0 0 0 3 2 1
1 0 0 2 0 0 0 4 0 1 3
1 2 0 3 0 0 1 0 0 0 0
1 2 8 10 3 4 9 7 1 6 5
1 2 5 0 0 0 6 4 7 1 3
1 3 0 0 0 0 1 0 0 2 4
1 10 2 7 6 8 1 5 9 3 4
1 6 2 8 9 10 1 5 7 3 4
11 0 0 0 0 0 0 0 2 1 3
1 2 9 10 5 3 8 4 1 6 7
1 5 7 9 8 10 4 1 6 2 3
5 5 4 0 0 0 2 0 0 1 3
19 0 0 0 0 0 0 2 1 3 4
3 5 0 0 0 0 0 2 3 1 4
7 1 0 0 0 0 0 3 2 5 4
34 0 0 0 0 0 2 0 0 1 3
1 4 0 0 3 0 0 1 0 2 0
8 3 0 0 0 0 0 4 1 2 5
1 2 10 4 3 7 9 8 1 5 6
1 1 6 0 0 0 7 4 5 3 2
1 1 0 0 0 0 4 0 0 3 2
66 4 0 0 0 0 0 1 0 2 3
159 0 4 0 0 0 3 0 0 1 2
500 0 0 0 0 0 0 0 0 2 1
4 2 0 0 0 0 0 1 3 0 4
5 5 0 0 0 0 0 4 3 1 2
1 3 2 8 7 10 1 6 9 4 5
1 9 7 6 5 4 8 3 10 2 1
1 0 3 5 0 0 2 0 0 1 4
1 1 9 10 4 7 8 2 3 5 6
1 3 4 5 8 9 6 7 10 1 2
1 6 5 7 8 9 10 2 1 3 4
1 5 4 6 2 7 8 1 9 3 10
1 2 0 0 0 3 0 4 1 0 0
1 4 0 3 0 0 0 2 1 0 0
5 1 0 0 0 0 0 0 2 0 3
1 9 3 2 1 5 4 8 10 6 7
1 2 10 5 4 6 9 3 1 7 8
1 0 4 1 0 0 5 0 0 3 2
1 0 5 0 0 0 4 1 0 3 2
1 0 2 5 6 0 1 7 0 3 4
1 0 0 0 0 0 2 1 3 0 0
4 3 0 0 0 0 0 2 4 1 0
1 6 2 8 7 5 1 9 10 4 3
1 1 0 0 0 0 4 5 6 2 3
1 4 0 0 0 0 3 2 1 0 0
1 0 0 0 0 1 0 0 0 2 3
1 3 0 2 0 4 0 0 1 0 0
2 2 9 10 7 6 8 5 1 3 4
1 1 0 0 0 0 3 0 2 4 0
1 1 6 10 7 8 9 2 3 4 5
1 0 0 1 0 0 0 3 2 0 0
1 0 4 1 2 3 5 8 0 7 6
1 0 0 3 0 0 0 2 0 1 0
3 0 0 4 0 0 1 0 0 2 3
1 0 4 6 0 0 1 5 0 2 3
5 0 1 0 0 0 0 0 2 0 0
4 1 0 0 0 0 0 3 0 0 2
3 0 0 0 0 0 0 3 1 2 4
1 1 6 0 0 0 4 2 0 3 5
1 3 0 0 4 7 0 6 5 1 2
1 2 1 0 0 0 5 0 0 4 3
6 2 0 0 0 0 0 5 4 1 3
3 5 0 0 0 0 0 1 3 2 4
1 9 1 6 8 7 2 3 10 4 5
1 1 0 0 0 6 0 3 2 4 5
1 0 5 0 2 0 1 6 0 3 4
1 4 5 0 6 0 7 1 0 2 3
1 3 0 0 0 4 0 0 0 1 2
1 3 1 0 0 0 2 0 0 4 0
1 6 1 0 0 0 3 2 0 4 5
1 1 0 0 0 0 2 4 3 0 0
1 1 0 4 0 0 0 2 3 0 0
1 10 1 5 6 4 2 3 9 8 7
1 0 1 0 2 0 3 4 5 0 0
1 1 8 4 0 0 7 6 2 3 5
2 0 0 0 0 0 0 3 1 0 2
1 0 0 0 0 0 1 3 0 2 4
1 9 2 8 4 3 7 1 10 5 6
5 3 0 0 0 0 0 1 0 0 2
9 0 2 0 0 0 0 0 0 1 0
1 0 1 0 0 0 0 2 0 4 3
3 0 0 0 0 0 0 3 2 1 4
1 2 0 0 0 0 5 4 6 1 3
1 1 0 0 2 0 0 5 0 3 4
1 7 4 5 8 9 3 6 10 1 2
1 7 8 5 10 6 9 2 1 3 4
1 2 8 10 6 7 9 5 1 3 4
1 2 9 7 3 4 10 5 1 6 8
2 2 0 0 0 0 3 0 0 1 0
15 1 0 0 0 0 0 5 4 2 3
37 0 4 0 0 0 3 5 0 1 2
6 4 0 0 0 0 0 3 1 2 0
1 1 6 0 0 0 3 0 2 4 5
1 0 0 3 0 0 0 4 0 1 2
1 0 2 0 3 0 6 1 0 4 5
1 7 5 8 10 9 6 2 4 1 3
1 8 3 9 1 4 2 5 10 7 6
1 5 6 4 7 8 9 1 10 2 3
1 3 0 0 0 2 0 0 1 0 0
1 2 3 0 0 0 5 0 0 1 4
1 1 0 0 0 5 0 4 2 3 6
1 3 0 6 0 0 0 4 5 2 1
1 3 10 6 5 7 9 4 8 1 2
1 2 9 10 7 3 8 1 5 6 4
1 0 0 0 0 1 0 0 2 0 0
1 2 7 10 8 9 6 3 5 1 4
3 4 3 0 0 0 0 0 0 1 2
1 5 0 0 0 0 1 4 6 2 3
3 1 7 0 0 0 6 3 2 4 5
1 1 9 6 7 8 10 2 3 4 5
1 2 0 0 3 0 0 0 1 4 0
1 6 7 4 9 10 5 3 8 2 1
1 0 5 2 0 0 4 0 0 3 1
18 0 1 0 0 0 2 3 0 0 0
29 0 0 0 0 0 0 2 0 1 0
6 3 0 2 0 0 0 0 1 0 0
1 1 0 0 0 0 5 4 3 2 0
1 0 1 3 0 0 2 0 0 4 5
1 1 0 6 7 5 0 4 8 3 2
4 4 0 0 0 0 0 0 1 3 2
1 2 5 0 6 0 8 7 1 4 3
1 6 0 2 4 3 0 0 1 5 0
1 0 2 5 7 0 1 6 0 3 4
1 4 10 6 7 8 9 1 5 2 3
1 0 0 3 0 0 2 0 0 1 4
10 0 2 0 0 0 1 3 0 4 0
1 3 8 10 6 9 7 4 5 1 2
13 1 0 0 0 0 0 0 4 2 3
1 1 9 8 4 3 10 7 2 5 6
1 2 8 10 7 6 9 1 5 3 4
1 0 4 6 0 0 2 5 0 3 1
1 9 8 10 7 6 3 5 4 2 1
1 6 3 8 9 7 4 5 10 2 1
1 0 3 0 0 5 1 0 0 4 2
2 0 5 0 6 0 4 3 0 1 2
1 3 9 10 8 6 5 4 1 2 7
1 10 2 3 8 5 1 4 9 6 7
1 4 7 0 0 0 5 3 6 1 2
1 3 5 10 9 8 2 6 7 1 4
12 1 0 0 0 0 0 4 3 2 5
12 0 0 0 0 0 0 1 0 0 2
10 4 0 0 0 0 3 0 0 1 2
2 0 0 1 0 0 0 0 0 0 2
3 0 1 3 0 0 0 0 0 2 0
4 1 0 0 0 3 0 0 2 0 0
1 0 0 0 4 0 3 2 0 1 0
1 1 0 0 0 5 0 4 0 2 3
1 0 0 0 2 0 0 0 1 3 0
11 0 0 0 0 0 0 0 1 0 2
1 1 6 0 7 0 8 3 2 4 5
1 4 0 2 0 0 0 3 1 0 0
1 7 5 8 6 0 4 3 9 1 2
1 0 4 0 0 0 1 2 0 3 0
2 1 0 0 0 0 0 4 2 5 3
2 0 0 3 0 0 0 1 0 0 2
1 4 6 7 8 9 5 3 10 1 2
1 0 0 0 4 5 0 1 0 2 3
1 7 3 0 6 0 4 5 0 1 2
1 2 0 1 0 0 0 0 0 0 0
1 2 6 9 8 10 7 3 1 4 5
2 5 0 0 0 0 3 1 4 2 0
1 2 1 5 3 0 4 0 0 0 0
1 4 0 0 6 0 0 5 3 1 2
2 0 0 2 0 0 0 0 0 1 0
1 6 0 0 1 0 7 3 5 2 4
1 3 7 9 8 10 6 2 4 1 5
1 4 0 5 6 0 0 1 7 2 3
1 6 5 10 8 9 4 1 7 2 3
510 0 2 0 0 0 1 0 0 0 0
7 3 0 0 0 0 0 1 5 2 4
1 1 9 7 8 6 10 4 3 2 5
1 4 6 9 5 8 7 1 10 2 3
1 1 0 0 2 0 0 3 0 0 0
1 2 7 9 10 8 6 5 1 3 4
1 9 4 7 6 8 5 1 10 2 3
1 5 2 10 9 8 1 6 7 3 4
1 1 10 6 5 8 9 3 2 4 7
1 0 6 0 0 0 4 1 5 2 3
197 1 0 0 0 0 0 0 2 0 0
2 0 3 0 0 0 1 2 0 4 5
1 1 7 10 9 5 6 2 8 3 4
1 0 1 4 0 0 2 0 0 0 3
1 0 1 0 3 0 2 0 0 4 0
1 0 0 4 0 0 0 1 3 0 2
2 0 0 0 0 0 1 0 4 2 3
1 9 2 8 7 6 1 5 10 4 3
1 3 6 7 8 9 5 4 10 1 2
1 4 6 0 0 0 7 5 1 2 3
1 2 7 3 4 10 6 5 1 8 9
1 2 9 3 5 4 8 1 10 6 7
1 2 7 8 9 10 6 5 1 3 4
1 3 9 8 7 6 10 5 4 1 2
4 0 0 0 0 0 0 4 2 1 3
3 2 0 0 0 5 0 1 0 3 4
1 0 0 0 2 0 0 0 0 1 0
1 1 0 0 2 0 5 4 3 0 0
1 2 1 0 0 0 0 0 0 3 4
1 5 1 7 8 9 2 6 10 3 4
1 5 9 4 8 10 3 7 6 2 1
1 2 7 9 8 6 0 1 5 4 3
3 0 1 2 0 0 3 0 0 0 0
1 9 3 4 5 10 2 1 6 7 8
2 1 0 0 0 0 0 2 0 0 3
1 0 3 0 0 0 0 0 4 2 1
1 0 1 3 0 4 2 0 0 0 0
1 4 5 9 8 7 6 3 10 2 1
8 4 0 0 0 0 0 0 2 1 3
57 0 0 0 0 0 0 0 1 2 0
1 0 5 0 0 0 3 2 0 4 1
1 1 0 0 2 0 0 3 6 4 5
3 2 0 0 0 0 0 1 4 3 5
7 0 3 0 0 0 2 1 0 4 5
1 5 1 9 8 7 2 6 10 3 4
1 1 6 5 0 4 0 2 3 0 0
1 3 0 0 0 0 1 0 2 0 0
1 2 0 0 0 0 1 5 3 4 6
1 0 0 0 0 0 1 5 4 2 3
1 5 8 10 2 9 7 6 1 4 3
1 7 2 6 8 9 1 3 10 4 5
1 1 3 0 0 0 4 0 2 0 0
1 3 0 0 2 0 0 0 1 0 0
19 0 1 0 0 0 2 0 0 0 3
1 0 4 0 0 0 3 1 0 2 0
1 5 6 0 0 0 1 3 0 2 4
1 5 3 0 0 0 4 6 7 2 1
1 1 6 0 8 0 7 2 4 3 5
1 1 0 0 3 0 0 2 0 0 0
1 4 0 0 0 0 0 2 3 0 1
1 2 9 10 6 7 8 1 5 3 4
7 0 0 0 0 0 0 2 1 4 3
7 0 0 0 0 0 0 2 3 1 0
1 3 9 10 6 7 8 2 5 1 4
1 3 2 9 5 8 0 1 7 4 6
1 0 3 5 0 0 4 0 0 2 1
1 0 0 2 6 5 4 0 0 1 3
1 1 7 0 0 0 6 3 2 5 4
28 3 0 0 0 0 0 1 0 2 0
13 0 2 0 0 0 0 1 0 0 0
1 0 1 0 0 0 0 2 0 0 3
1 10 8 9 7 6 5 2 1 4 3
1 5 4 0 0 6 3 0 0 1 2
1 2 4 3 5 10 6 9 1 7 8
1 2 0 0 0 4 0 1 0 3 0
1 0 0 0 1 2 0 3 0 4 0
35 0 3 0 0 0 1 0 0 2 0
9 3 0 0 0 0 2 0 0 1 0
3 2 0 0 0 0 0 4 3 1 5
1 2 0 0 0 0 3 0 0 0 1
1 4 10 7 6 5 9 1 8 2 3
1 1 8 10 7 6 9 5 3 2 4
1 8 6 4 5 9 3 7 10 2 1
2 6 2 7 8 9 1 5 10 3 4
1 8 5 6 0 0 4 3 7 1 2
2 1 0 0 3 2 0 5 4 0 0
1 5 9 10 6 4 8 1 7 2 3
2 0 2 0 0 6 1 5 0 3 4
1 0 0 0 0 1 0 2 0 3 0
2 0 2 0 0 0 3 1 0 5 4
1 3 7 10 4 5 8 6 9 2 1
2 0 3 0 2 0 0 0 1 0 0
1 3 8 4 9 5 7 6 10 2 1
3 1 0 0 0 0 3 0 2 0 0
5 0 2 0 0 0 1 4 0 3 0
1 0 4 1 0 0 3 2 5 0 6
6 2 0 0 0 0 0 5 1 4 3
7 2 0 0 0 3 0 0 1 0 0
3 1 0 0 0 0 0 2 3 5 4
1 8 2 1 9 10 3 6 7 4 5
1 8 4 7 5 6 3 9 10 1 2
1 5 2 0 0 0 3 0 0 1 4
1 0 2 5 4 0 1 3 0 0 0
1 1 0 4 0 0 0 0 0 2 3
1 4 2 8 7 9 1 3 10 5 6
1 10 2 8 5 7 1 6 9 3 4
3 0 2 0 0 0 0 3 1 0 0
10 2 0 0 0 0 0 1 5 3 4
8 4 0 0 0 0 2 0 0 1 3
8 3 0 0 0 0 0 4 5 2 1
1 0 1 7 6 0 2 3 0 4 5
1 0 1 0 0 2 0 0 0 3 4
1 0 0 1 0 0 2 0 0 3 0
1 9 3 6 8 7 4 5 10 1 2
1 0 1 5 0 0 2 6 0 4 3
18 0 0 0 0 0 0 3 1 2 0
1 0 1 0 0 0 4 3 0 2 5
161 1 0 0 0 0 0 3 2 0 0
1 2 10 7 8 6 9 3 1 4 5
2 1 9 10 6 7 8 3 2 5 4
2 3 0 0 4 0 0 0 0 1 2
1 5 9 6 7 8 0 4 3 1 2
1 8 9 7 6 5 10 1 4 3 2
12 2 0 0 0 0 0 3 0 1 0
46 3 0 0 0 0 0 4 0 1 2
1 6 7 5 0 4 8 1 9 2 3
1 0 0 0 0 2 0 1 0 0 0
1 2 0 0 0 0 4 3 0 1 5
1 2 9 8 7 5 10 6 1 3 4
1 8 4 0 7 6 1 5 9 2 3
1 0 0 3 0 0 2 1 0 0 0
1 2 0 0 0 0 5 0 4 1 3
1 3 9 1 10 4 8 2 7 5 6
1 6 5 10 3 9 4 2 1 7 8
1 4 0 6 7 8 0 2 1 3 5
174 3 0 0 0 0 0 0 0 1 2
16 1 0 0 0 0 0 4 2 3 0
3 1 0 0 0 0 0 0 4 3 2
3 2 0 0 0 0 0 0 0 0 1
1 1 4 7 10 9 8 3 2 5 6
1 0 0 2 0 0 0 1 3 0 0
1 0 1 2 3 4 5 6 0 7 8
1 0 3 0 0 0 0 2 1 4 0
1 1 8 0 7 6 9 3 2 4 5
1 0 1 6 5 0 4 7 0 3 2
2 0 5 0 0 0 1 2 0 3 4
1 1 9 10 8 6 7 2 4 3 5
2 0 2 0 0 0 4 5 0 3 1
1 6 3 8 9 10 4 5 7 1 2
1 2 3 0 0 0 4 0 1 5 6
1 2 10 6 7 5 9 1 8 3 4
1 9 5 6 7 8 3 4 10 1 2
4 0 2 6 0 0 1 5 0 3 4
2 0 0 3 0 0 1 0 0 2 0
1 3 9 10 7 6 8 5 4 1 2
1 4 1 0 0 0 2 0 0 0 3
2 0 0 1 2 3 0 0 0 0 0
1 7 6 5 8 0 4 3 9 1 2
1 5 6 9 8 7 4 1 10 2 3
1 1 2 3 0 0 5 4 0 6 0
1 0 1 2 3 0 0 4 0 0 0
1 6 4 5 7 9 3 8 10 2 1
1 4 3 0 0 0 0 2 1 5 0
1 4 0 0 0 0 1 0 2 0 3
1 0 1 2 0 0 3 0 0 4 0
1 1 0 0 0 6 7 4 5 2 3
29 0 4 0 0 0 1 0 0 2 3
1 5 3 0 0 0 1 6 0 4 2
7 0 4 0 0 0 1 5 0 2 3
1 2 9 8 7 5 10 4 1 3 6
1 5 8 6 7 10 9 2 1 4 3
2 0 2 0 6 0 1 5 0 3 4
1 5 6 0 0 0 4 7 2 1 3
7 2 0 0 0 0 0 1 3 4 0
1 0 3 4 0 0 1 0 0 2 5
1 1 8 10 6 7 9 2 5 3 4
6 3 0 0 0 0 0 0 1 0 2
1 10 9 8 7 6 2 3 1 4 5
1 4 6 10 9 5 7 3 8 2 1
1 0 0 0 0 0 5 4 2 1 3
4 0 0 3 0 0 0 1 2 0 0
1 9 2 6 8 7 1 5 10 3 4
2 0 0 0 0 0 1 4 0 2 3
2 3 7 8 9 10 6 4 5 1 2
1 7 4 3 0 0 5 6 8 2 1
1 3 8 6 5 10 9 2 7 1 4
1 1 6 10 7 8 4 3 9 2 5
2 3 7 10 9 8 5 6 4 1 2
1 1 7 8 5 10 2 9 6 3 4
1 4 6 9 8 10 7 1 5 3 2
1 2 6 8 10 9 7 5 1 3 4
47 2 0 0 0 0 0 1 0 3 0
27 1 0 0 0 0 0 0 0 2 0
11 0 5 0 0 0 4 1 0 2 3
4 2 0 0 0 0 1 0 0 0 0
2 0 3 1 2 0 4 0 0 0 0
2 1 2 0 0 0 0 3 4 0 0
1 4 0 5 7 6 0 3 0 1 2
1 4 7 9 8 6 10 2 3 1 5
1 2 1 0 0 0 0 0 0 0 0
1 0 2 0 5 0 1 6 0 4 3
1 0 5 1 0 0 4 3 2 0 0
1 2 9 6 8 7 10 4 5 1 3
1 4 0 0 0 0 6 5 1 2 3
2 1 8 10 7 6 9 2 3 4 5
1 1 0 0 0 0 6 3 4 2 5
2 2 0 0 0 0 1 3 0 0 0
2 0 0 0 0 0 1 3 4 2 0
1 4 7 10 6 9 8 5 2 1 3
1 1 0 0 0 0 4 2 6 3 5
105 1 0 0 0 0 0 2 3 0 0
1 0 0 0 0 0 5 2 4 1 3
1 6 0 4 0 0 0 1 5 2 3
1 0 1 3 2 0 4 0 0 0 0
1 0 3 0 0 0 2 1 0 0 4
6 0 1 0 0 0 2 3 0 4 0
1 2 7 8 9 10 6 4 1 3 5
1 6 0 0 0 0 4 1 5 3 2
1 4 0 0 0 3 0 1 0 0 2
1 3 8 10 6 7 9 4 5 2 1
54 0 0 0 0 0 0 0 3 1 2
1 0 2 4 0 0 1 0 0 3 5
1 0 3 4 0 0 1 5 0 2 0
1 8 4 5 6 0 1 7 9 2 3
7 4 0 0 0 0 0 1 5 2 3
2 0 0 0 0 0 0 1 4 3 2
1 5 4 1 0 0 0 2 3 0 0
1 0 0 2 0 0 1 3 0 0 0
1 1 8 10 7 6 9 3 2 5 4
1 1 10 7 8 6 9 5 2 3 4
1 1 0 0 0 6 0 5 3 2 4
1 3 6 10 8 9 7 5 1 2 4
1 4 2 3 5 10 6 7 1 8 9
1 0 4 2 0 0 0 0 3 1 0
1 0 0 2 0 0 0 4 1 3 0
73 0 0 0 0 0 0 2 1 0 0
3 1 0 0 0 4 0 3 2 0 0
8 0 0 3 0 0 0 0 0 1 2
1 2 9 7 6 8 10 5 1 3 4
2 3 0 0 0 0 0 1 2 5 4
1 0 0 0 0 0 0 2 4 3 1
1 1 7 9 8 10 6 4 5 2 3
1 3 0 0 0 2 0 1 0 0 4
33 4 0 0 0 0 0 3 0 2 1
32 1 0 0 0 0 0 5 2 3 4
6 1 0 0 0 0 0 3 5 2 4
5 2 0 0 0 0 0 5 3 1 4
17 0 1 3 0 0 2 0 0 0 0
1 4 0 0 0 0 3 5 1 2 0
1 3 1 0 2 0 0 0 0 0 0
1 0 1 0 5 0 2 0 0 3 4
1 0 6 0 5 0 3 4 0 2 1
3 0 2 0 0 0 3 1 0 0 0
1 1 9 0 3 4 7 6 2 5 8
5 0 2 0 0 0 0 0 1 0 0
4 3 0 0 0 0 0 4 2 1 0
1 2 0 0 6 0 0 5 1 3 4
1 1 9 10 8 6 7 4 2 3 5
1 5 2 10 9 7 1 6 8 3 4
2 3 0 0 0 0 0 2 4 1 5
1 0 2 0 0 0 4 1 0 3 0
4 0 0 0 0 0 0 1 3 0 2
1 8 2 9 7 5 1 3 10 4 6
2 5 0 0 0 0 3 2 0 1 4
1 5 6 9 8 10 4 7 3 2 1
6 3 0 0 0 0 0 5 2 1 4
2 2 0 0 5 0 0 0 1 3 4
4 5 1 0 0 0 2 0 0 3 4
2 1 7 10 8 9 6 3 2 4 5
4 2 0 0 0 0 0 3 4 1 0
3 0 1 5 0 0 2 0 0 3 4
1 5 4 7 8 6 3 9 10 1 2
5 0 3 0 0 0 1 2 0 0 0
2 4 0 0 0 0 5 3 0 1 2
3 0 5 0 0 0 2 4 0 1 3
5 1 0 2 0 0 0 0 0 0 0
1 0 1 6 7 8 2 5 0 3 4
1 1 7 10 9 6 8 4 3 2 5
1 1 0 4 0 0 0 3 2 0 0
1 1 6 10 9 8 7 4 5 2 3
1 6 1 7 5 8 2 4 10 3 9
1 2 8 7 6 10 9 5 1 3 4
1 4 0 3 0 0 0 5 0 1 2
3 3 0 0 0 0 2 1 0 0 0
1 3 2 10 4 9 1 7 8 5 6
1 4 0 1 0 0 2 0 0 3 0
1 6 2 7 8 10 1 3 9 4 5
1 1 7 9 10 8 5 6 3 4 2
1 4 2 0 0 0 0 0 1 0 3
13 0 0 0 0 0 0 0 2 1 0
1 3 0 2 0 0 0 1 0 0 4
6 0 2 3 4 0 1 0 0 0 0
1 4 0 0 0 0 0 2 0 3 1
2 5 4 7 8 9 3 6 10 1 2
1 0 0 0 0 0 1 3 2 0 0
10 2 0 0 0 0 0 1 0 4 3
2 1 0 0 0 3 0 4 2 0 0
1 3 0 1 2 0 0 4 5 0 0
1 2 10 3 6 7 9 8 1 4 5
1 0 0 0 2 3 0 1 0 4 0
1 3 4 0 0 0 0 1 2 0 0
1 3 9 8 7 6 10 4 5 2 1
2 0 5 4 0 0 3 0 0 2 1
3 2 0 0 0 0 1 0 0 3 0
2 0 2 3 0 0 1 0 0 5 4
2 3 0 0 4 0 0 2 1 0 0
2 0 1 0 0 3 2 0 0 0 0
3 1 0 0 2 0 0 3 0 4 5
1 4 0 0 0 0 0 3 1 0 2
1 4 6 0 0 0 5 0 1 2 3
184 2 0 0 0 0 0 3 1 0 0
2 6 2 0 0 0 1 5 0 4 3
10 0 0 0 0 0 3 2 0 1 0
1 2 0 0 3 4 0 7 1 5 6
1 3 9 6 7 8 10 1 2 4 5
1 3 10 4 9 8 5 1 6 2 7
6 0 0 0 0 0 3 2 0 1 4
3 0 0 1 0 0 0 2 0 0 0
1 0 2 0 0 0 0 1 0 3 0
1 5 10 4 3 1 9 8 2 6 7
1 0 0 0 0 2 0 0 1 0 0
1 1 9 10 6 7 8 2 3 4 5
1 0 4 1 2 0 3 0 0 5 0
1 1 9 6 8 7 10 5 2 3 4
1 1 9 8 7 6 10 5 2 4 3
1 1 10 9 7 6 8 5 2 4 3
2 0 2 0 0 0 1 0 5 3 4
1 0 0 0 1 0 0 0 2 3 0
2 2 0 0 3 0 0 4 1 0 0
1 5 6 3 4 9 10 1 2 7 8
24 4 0 0 0 0 0 0 1 2 3
1 5 6 7 8 9 10 2 1 3 4
1 6 2 0 0 0 1 4 0 3 5
2 2 9 8 6 7 10 3 1 5 4
1 0 4 0 3 0 0 0 0 1 2
1 3 4 0 0 0 0 1 0 2 0
2 4 0 0 0 0 2 5 0 1 3
2 2 0 3 0 0 0 0 1 4 0
1 6 3 5 8 9 4 7 10 2 1
41 2 0 0 0 0 0 1 0 3 4
1 0 0 4 3 0 2 0 0 1 0
1 0 0 0 3 0 0 2 0 1 4
1 1 0 3 0 0 0 6 5 2 4
1 8 2 6 7 9 1 5 0 3 4
1 6 4 10 8 7 5 1 9 2 3
9 4 0 0 0 0 0 0 3 2 1
1 0 5 0 3 0 4 0 0 2 1
1 6 5 3 9 8 4 7 10 2 1
1 9 5 8 6 7 4 2 10 1 3
