6 Cowal
3 7 594 3277
Gordon BLAIR, SNP
Mark FEINMANN, Lab
Lachie MACQUARIE, SNP
Yvonne MCNEILLY, Con
Fiona NELSON, ISP
William SINCLAIR, SLD
Kenneth WHYTE, Ind
3 1 0 2 0 3 5 4
2 1 4 2 0 3 0 0
1 3 1 0 0 0 0 2
2 1 0 2 0 4 3 0
1 0 4 0 5 3 2 1
1 1 7 2 3 4 6 5
1 1 6 3 7 5 2 4
44 2 0 1 0 3 0 0
3 0 1 0 0 3 0 2
1 0 1 0 2 0 0 3
4 0 2 0 0 3 1 0
6 0 2 3 0 0 1 0
2 0 0 2 1 0 0 0
1 1 5 2 0 3 4 6
1 0 2 3 1 0 0 0
2 2 6 1 7 4 5 3
2 2 5 1 7 3 6 4
1 4 3 5 1 7 2 6
1 3 0 2 0 1 4 0
5 0 0 0 0 3 2 1
1 0 0 3 0 2 1 0
1 3 0 4 0 1 0 2
3 1 4 2 0 3 5 0
1 2 0 3 5 0 1 4
1 0 1 2 3 0 0 0
1 5 7 4 1 6 2 3
1 0 0 0 1 2 3 4
1 1 6 2 5 4 7 3
1 6 3 7 1 5 4 2
1 3 0 0 2 0 0 1
3 1 0 0 0 0 3 2
1 2 4 3 0 0 1 0
1 4 1 0 0 0 3 2
1 5 3 0 2 0 1 4
1 1 4 2 7 6 5 3
2 4 0 3 0 0 1 2
20 0 1 0 3 0 2 0
4 3 0 0 1 0 2 0
1 5 2 6 3 4 1 0
1 4 1 3 0 0 2 0
101 0 0 0 1 0 2 0
1 3 5 4 7 1 6 2
2 0 2 0 1 4 3 5
4 0 0 0 0 1 3 2
1 5 2 6 1 7 3 4
1 4 3 1 0 2 0 0
1 2 1 4 0 0 3 0
1 4 2 6 1 5 3 7
1 7 2 6 1 4 3 5
13 0 3 0 0 0 2 1
3 1 3 2 7 4 6 5
1 7 1 6 5 3 2 4
1 4 0 5 2 0 3 1
1 0 1 0 4 3 2 0
3 7 4 6 5 2 3 1
1 2 4 3 0 1 0 5
6 2 3 0 0 0 0 1
1 4 2 6 3 0 1 5
1 1 3 5 0 2 0 4
60 0 0 0 1 0 2 3
2 4 2 3 7 6 1 5
2 7 4 6 1 5 2 3
3 0 1 0 0 2 3 0
2 1 0 4 0 0 2 3
1 6 2 7 4 5 3 1
1 0 4 0 3 1 0 2
2 2 0 0 3 0 1 0
1 3 0 2 0 0 4 1
1 1 0 3 0 4 2 5
107 0 3 0 1 0 2 0
1 1 0 2 4 3 0 0
1 0 0 2 3 0 1 0
1 4 7 5 6 2 1 3
1 1 0 2 6 4 3 5
2 1 0 2 0 3 4 5
1 1 2 3 4 5 6 7
1 1 3 2 6 5 4 0
1 4 1 3 7 6 5 2
1 6 5 7 1 2 3 4
9 1 0 2 3 0 0 0
1 1 7 2 4 5 3 6
1 3 1 0 0 0 2 4
1 0 3 0 2 4 1 0
1 2 4 0 5 0 1 3
1 2 4 3 5 7 1 6
1 1 0 2 0 0 4 3
2 1 5 2 0 3 6 4
1 2 0 3 0 4 1 0
1 2 3 1 0 5 4 0
1 1 2 0 0 5 3 4
5 1 0 3 0 2 0 0
5 1 3 2 7 4 5 6
7 1 6 2 7 3 4 5
5 2 6 1 7 3 5 4
2 4 2 5 1 6 3 7
1 2 1 3 0 4 5 6
1 2 6 1 3 5 4 7
1 1 4 2 0 0 3 5
1 1 4 2 5 6 3 7
6 1 6 2 7 4 3 5
1 2 3 1 0 4 5 0
1 3 4 5 6 7 1 2
1 1 7 4 2 3 6 5
1 5 3 4 2 7 6 1
1 3 4 1 0 0 5 2
2 1 4 3 0 0 2 0
1 2 1 4 6 5 3 7
2 1 0 0 0 3 2 0
1 4 6 7 1 5 3 2
1 6 1 7 2 3 5 4
1 2 0 3 0 0 1 4
24 0 0 0 2 0 1 3
14 1 3 2 0 0 4 0
7 0 3 0 2 0 1 4
2 1 7 2 6 4 5 3
1 0 0 1 0 3 2 0
1 1 3 0 0 0 2 4
1 2 6 3 7 4 5 1
5 0 1 0 0 0 0 2
2 2 1 3 0 0 4 0
1 1 2 3 6 5 7 4
1 2 6 7 1 5 3 4
1 5 2 6 7 3 1 4
56 1 0 0 0 0 0 0
3 2 3 1 7 4 6 5
9 0 0 0 2 0 3 1
9 1 4 2 0 0 3 0
1 2 0 3 4 0 1 0
1 0 2 1 0 0 0 0
63 0 2 0 1 0 3 0
6 3 1 0 0 0 2 0
1 2 0 1 3 0 4 5
1 2 4 1 6 5 3 0
3 0 0 3 0 0 1 2
1 3 6 2 7 4 5 1
1 7 3 6 2 4 1 5
1 2 5 1 6 3 7 4
1 0 1 3 0 0 4 2
1 0 4 0 0 3 1 2
1 3 4 1 7 2 5 6
9 0 1 0 2 0 0 0
26 1 6 2 7 3 5 4
1 2 3 1 6 5 4 7
10 0 2 0 1 0 3 4
2 6 3 7 1 5 2 4
1 6 3 7 2 4 1 5
6 0 0 0 1 3 2 0
1 2 0 1 0 3 4 5
1 0 0 3 1 0 0 2
5 0 0 0 1 2 3 0
1 0 3 4 1 0 0 2
6 0 0 0 0 3 1 2
1 7 3 6 5 2 4 1
1 4 0 0 3 0 1 2
1 2 4 3 1 6 5 7
1 1 0 0 2 3 4 0
1 0 0 4 3 0 1 2
1 1 5 4 2 3 6 7
1 3 6 2 7 5 1 4
2 0 0 0 2 3 1 0
1 1 3 2 6 4 5 0
2 0 0 3 0 2 0 1
2 0 4 0 3 0 2 1
1 0 0 0 2 1 0 0
1 6 1 5 4 7 2 3
1 7 2 6 1 3 4 5
1 1 0 2 3 0 4 0
35 0 1 0 0 0 2 0
1 3 5 2 6 4 0 1
1 4 2 3 0 5 1 0
1 2 7 3 6 4 1 5
2 0 3 1 0 0 2 0
1 0 0 1 0 2 3 0
1 2 0 1 0 4 5 3
1 0 2 0 3 4 1 0
12 3 0 2 0 0 0 1
51 0 3 0 2 0 1 0
2 2 4 1 7 6 3 5
1 0 2 0 1 3 4 5
9 1 4 2 7 3 5 6
1 6 3 5 7 1 4 2
1 1 4 6 7 5 3 2
1 0 5 0 2 3 4 1
1 0 0 1 0 0 2 3
1 2 1 3 4 0 0 0
3 6 2 5 1 3 4 7
6 2 3 1 0 0 4 0
4 0 0 0 1 2 0 0
1 2 5 1 0 4 0 3
5 1 0 0 0 2 0 0
6 0 0 0 1 3 0 2
1 3 6 5 1 0 4 2
1 0 3 0 2 4 1 5
1 2 0 0 0 0 3 1
7 1 0 2 0 4 0 3
2 1 0 2 4 0 3 0
1 1 7 2 6 5 4 3
1 4 2 0 3 0 1 5
1 5 1 4 6 7 3 2
6 1 3 0 0 0 2 0
1 1 0 2 6 3 5 4
64 1 0 2 0 0 0 3
36 0 1 0 0 0 0 0
1 3 0 1 0 2 0 0
1 7 1 6 3 4 2 5
2 1 3 2 0 0 0 4
11 0 0 0 0 1 0 0
1 6 3 5 7 4 2 1
2 2 1 0 0 0 3 0
1 0 3 0 2 0 4 1
1 1 6 2 0 4 3 5
1 2 4 1 7 3 5 6
1 3 2 0 5 4 1 0
5 2 0 1 0 3 0 4
2 1 5 2 6 3 4 7
1 0 1 0 3 2 0 0
1 7 5 6 2 3 4 1
2 3 0 0 0 0 1 2
1 5 1 6 7 2 4 3
1 0 1 0 0 3 4 2
1 2 0 0 0 3 1 0
8 0 1 0 0 0 3 2
36 0 0 0 1 0 0 2
1 2 0 3 1 0 4 0
4 1 0 3 0 0 0 2
5 0 4 0 3 0 1 2
1 3 5 2 0 1 6 4
1 0 3 0 0 2 1 0
4 1 2 0 0 0 3 0
4 0 2 0 3 0 1 4
1 1 2 3 7 6 4 5
2 7 3 6 4 5 1 2
1 1 0 2 0 4 3 5
1 1 4 3 0 2 0 0
1 1 6 3 2 7 4 5
6 0 0 0 1 2 0 3
1 6 4 5 1 2 3 0
1 1 6 2 3 7 5 4
1 1 2 3 7 4 5 6
1 7 1 6 2 5 3 4
1 1 3 2 0 4 5 6
1 6 5 7 1 3 2 4
5 2 3 0 0 0 1 0
1 2 0 1 0 3 4 0
13 2 0 1 0 0 3 0
1 1 2 0 0 0 0 3
1 0 2 1 0 0 3 0
1 3 0 2 0 0 1 4
10 1 2 0 0 0 0 0
1 1 4 3 0 0 2 5
19 0 3 0 1 0 2 4
3 0 3 0 4 0 1 2
1 6 4 5 7 3 1 2
3 1 6 2 7 5 3 4
22 0 2 0 1 0 0 0
3 1 4 2 0 3 6 5
33 0 0 0 0 0 0 1
1 5 1 6 7 4 2 3
1 0 3 0 1 2 0 0
1 3 2 4 0 0 1 0
13 0 0 0 0 0 2 1
3 1 7 2 6 3 5 4
1 2 3 1 5 4 6 7
3 2 3 0 1 0 0 0
1 1 4 2 7 5 6 3
1 0 0 3 2 0 0 1
1 1 3 0 0 0 0 2
2 6 4 5 1 7 2 3
14 0 1 0 2 0 3 0
2 1 0 0 0 2 0 3
1 1 5 3 0 4 6 2
1 0 0 1 3 0 2 0
1 4 2 5 3 1 6 7
1 0 3 0 1 2 5 4
2 7 4 6 2 1 5 3
3 1 3 2 0 5 4 6
1 2 4 1 7 6 5 3
5 1 5 2 7 4 6 3
1 3 6 2 7 1 5 4
4 1 0 0 2 0 0 0
1 0 2 1 0 3 0 0
2 3 0 4 0 0 1 2
3 5 4 6 1 7 2 3
1 5 2 6 7 3 4 1
1 6 3 5 1 7 2 4
1 3 1 7 4 6 2 5
3 0 3 0 4 0 2 1
4 1 4 2 7 3 6 5
1 0 1 0 4 0 2 3
26 0 2 0 0 0 1 3
1 6 1 7 5 3 2 4
1 2 3 0 4 5 1 0
10 0 4 0 1 0 3 2
2 0 2 0 1 0 4 3
217 0 0 0 1 0 0 0
4 2 4 1 0 0 3 0
1 1 5 2 6 3 0 4
1 3 4 2 0 1 0 0
29 0 0 0 0 0 1 2
1 1 4 2 5 3 6 7
1 2 5 1 0 3 0 4
1 0 1 2 0 0 0 0
1 3 2 0 0 0 1 4
1 1 6 2 4 7 3 5
1 4 3 5 2 0 1 0
5 1 0 0 0 0 0 2
1 7 2 6 3 5 4 1
1 4 2 3 0 0 1 5
1 4 6 5 7 1 2 3
3 2 0 3 0 4 0 1
2 0 1 0 0 2 0 0
3 2 0 0 1 0 0 0
2 1 2 3 0 0 4 0
1 1 3 6 0 4 2 5
1 3 0 1 0 0 0 2
51 1 0 2 0 0 3 0
3 2 0 1 0 0 3 4
1 3 0 0 0 1 0 2
1 2 5 3 0 1 6 4
1 3 0 0 1 0 0 2
1 2 3 1 7 4 5 6
2 2 6 1 5 4 3 7
2 1 0 0 3 2 0 0
1 2 6 3 7 1 4 5
1 4 0 1 0 0 3 2
1 4 5 6 1 7 2 3
25 0 2 0 3 0 1 0
5 2 0 3 0 0 0 1
2 0 4 0 2 0 1 3
1 1 0 4 0 3 2 0
4 7 5 6 1 4 2 3
1 2 6 1 7 5 4 3
1 2 1 0 0 0 3 4
1 1 7 2 4 3 6 5
1 0 3 0 1 4 2 0
2 1 5 2 6 3 4 0
12 1 0 2 0 3 4 0
2 2 4 1 7 5 3 6
4 7 3 6 2 5 1 4
6 1 6 2 7 4 5 3
1 2 4 0 1 0 3 0
1 1 4 3 6 5 2 7
1 1 2 6 3 5 4 7
1 7 3 5 4 6 1 2
1 0 0 2 0 0 0 1
1 0 0 2 0 0 1 0
122 1 0 2 0 3 0 0
1 1 0 4 0 2 3 5
1 2 0 1 0 0 4 3
3 7 1 6 4 5 2 3
1 1 0 0 0 3 0 2
1 1 4 2 0 0 0 3
1 2 1 0 0 3 0 0
2 3 0 2 1 0 0 0
1 7 4 6 3 5 2 1
1 6 1 7 4 5 3 2
1 4 0 3 0 2 0 1
1 6 4 7 3 5 2 1
3 0 1 0 2 0 3 4
1 0 0 1 0 2 0 0
3 3 1 2 0 0 0 0
3 1 4 2 7 5 3 6
1 1 0 2 3 0 0 4
1 6 5 7 1 4 3 2
1 3 0 0 2 1 0 4
1 1 3 2 6 4 5 7
1 7 2 6 4 5 1 3
11 1 5 2 7 3 6 4
1 0 2 0 1 3 4 0
2 1 6 2 7 5 4 3
1 5 3 4 0 2 1 0
1 2 0 1 3 0 0 0
1 0 0 0 1 4 2 3
1 1 3 4 7 6 5 2
2 3 1 4 0 0 2 0
1 3 2 4 1 7 5 6
1 6 7 5 3 4 2 1
2 7 2 6 1 5 4 3
1 0 0 1 0 0 2 0
14 1 2 3 0 0 0 0
1 1 3 4 7 2 5 6
2 1 5 2 6 4 7 3
1 2 0 0 0 3 4 1
1 1 4 2 0 3 0 5
1 2 3 1 0 4 0 5
2 5 1 6 2 7 4 3
7 2 0 3 0 1 0 0
7 0 0 0 2 0 0 1
1 0 0 3 4 0 1 2
1 0 0 0 0 1 2 0
11 1 0 0 0 0 2 3
1 3 5 4 7 6 1 2
2 1 6 2 0 3 4 5
1 2 3 0 0 1 0 0
2 0 2 0 0 4 1 3
1 1 5 2 0 4 0 3
1 1 5 2 0 3 4 0
8 0 4 0 1 0 2 3
1 3 4 1 0 2 0 5
1 2 3 1 6 4 5 7
1 2 3 5 4 6 1 7
1 2 4 1 6 3 5 7
5 3 0 2 0 0 1 0
1 4 1 5 7 6 2 3
3 1 3 2 0 4 0 0
1 2 4 3 0 1 0 0
1 2 3 1 4 0 0 0
2 3 0 1 0 0 2 0
1 7 3 5 1 6 4 2
1 5 4 6 1 3 2 7
1 1 6 4 7 3 2 5
2 0 4 0 1 2 5 3
1 2 6 5 1 7 4 3
9 1 0 3 0 0 2 0
1 0 0 0 4 3 1 2
32 0 0 0 2 0 1 0
44 0 0 0 1 0 3 2
1 7 1 6 2 3 4 5
2 0 3 0 1 5 2 4
1 6 7 5 4 2 3 1
1 2 3 4 5 7 1 6
4 2 0 0 0 1 0 0
94 0 0 0 0 0 1 0
2 4 3 1 0 0 2 0
1 5 4 6 3 7 1 2
1 0 0 0 3 1 2 0
23 1 0 2 0 3 0 4
1 1 7 2 6 5 3 4
1 0 0 0 1 3 2 4
13 0 2 0 1 0 0 3
6 1 0 0 0 0 2 0
1 5 0 4 1 2 3 0
1 1 5 2 7 6 3 4
3 1 4 2 7 6 3 5
1 2 0 1 0 3 5 4
13 2 0 1 0 0 0 3
1 0 0 0 2 1 3 0
19 0 0 1 0 0 0 0
16 0 0 0 3 0 1 2
1 7 3 6 1 5 4 2
1 4 1 0 0 2 3 0
1 0 4 0 3 2 1 0
1 1 2 0 0 3 4 0
2 1 3 2 0 5 4 0
1 2 3 1 0 0 4 5
3 0 0 0 0 1 2 3
18 2 3 1 0 0 0 0
1 3 4 2 0 0 1 0
1 7 2 6 3 1 4 5
1 3 4 5 1 6 2 7
1 2 4 1 6 7 5 3
2 1 0 0 0 2 3 0
1 0 3 2 0 0 1 0
4 3 2 0 0 0 1 0
16 2 0 3 0 0 1 0
1 2 3 5 6 7 1 4
1 6 1 7 5 2 4 3
1 0 2 0 3 0 4 1
5 0 3 0 1 0 0 2
1 0 3 0 0 1 2 0
7 0 0 0 0 2 1 3
1 7 3 6 4 2 5 1
1 1 4 5 6 7 2 3
1 1 2 3 0 4 0 5
1 0 5 0 1 3 4 2
1 4 1 6 5 2 7 3
2 0 0 0 3 2 1 0
2 7 2 6 1 5 3 4
1 2 0 3 1 0 0 0
1 0 0 0 0 2 3 1
3 2 6 3 7 1 5 4
1 7 1 6 5 4 2 3
1 7 1 6 5 2 3 4
1 5 2 6 3 0 4 1
1 1 6 2 0 5 3 4
4 2 4 1 7 3 6 5
1 3 0 0 0 2 0 1
1 5 7 6 1 4 2 3
1 0 4 0 2 0 3 1
1 0 0 1 0 0 3 2
1 3 2 0 1 0 0 0
22 0 1 0 0 0 2 3
3 2 0 1 0 4 3 0
1 6 3 5 2 4 1 7
1 3 4 2 7 5 1 6
1 2 3 0 0 0 4 1
1 1 4 3 7 6 5 2
1 4 3 1 7 5 6 2
1 1 0 0 2 3 0 0
58 2 0 1 0 0 0 0
4 0 2 0 1 3 0 0
1 5 1 6 2 7 3 4
2 2 3 1 0 0 0 4
1 0 4 0 0 1 2 3
46 0 2 0 0 0 1 0
1 7 4 3 6 1 5 2
1 1 0 3 2 0 0 0
1 3 0 4 0 5 2 1
1 0 3 0 1 4 2 5
1 4 1 3 0 0 2 5
1 2 5 1 0 4 6 3
2 2 5 3 7 1 6 4
1 2 5 3 4 7 1 6
2 1 5 2 4 3 6 7
1 0 4 0 1 5 2 3
1 7 1 6 2 4 3 5
2 2 4 1 0 3 0 0
2 0 1 2 0 0 3 0
1 0 2 0 0 3 1 4
1 5 2 4 7 6 1 3
1 2 1 7 5 4 3 6
1 7 5 6 4 3 2 1
1 2 1 4 5 7 3 6
3 0 2 0 0 0 0 1
1 1 2 3 7 6 5 4
5 0 3 0 1 0 4 2
1 0 5 0 1 3 2 4
1 1 4 2 6 3 5 7
1 0 0 0 1 3 4 2
1 2 3 1 7 6 4 5
1 3 4 5 2 6 1 7
2 1 3 0 2 0 0 0
1 1 2 0 0 3 0 0
1 5 3 6 7 4 1 2
1 2 6 1 7 5 3 4
1 5 2 3 7 6 4 1
2 0 1 0 2 3 0 0
4 3 2 1 0 0 0 0
1 6 2 5 1 7 3 4
5 0 0 0 0 1 0 2
1 2 6 1 5 3 7 4
1 5 4 6 7 1 3 2
1 0 2 0 0 1 0 3
1 1 5 2 7 4 3 6
1 1 3 2 0 5 6 4
1 0 1 0 3 0 2 4
3 0 0 0 0 2 0 1
1 0 0 3 0 0 2 1
1 6 3 4 5 2 1 0
2 0 1 0 0 3 2 4
2 3 2 4 0 0 1 5
68 1 3 2 0 0 0 0
7 2 1 3 0 0 0 0
8 7 3 6 1 5 2 4
2 2 6 1 7 3 4 5
1 2 6 1 5 3 4 7
1 2 4 1 6 7 3 5
3 7 5 6 1 2 4 3
1 7 6 4 3 5 1 2
2 0 3 0 0 1 0 2
11 2 0 0 0 0 1 0
2 2 1 0 0 0 0 0
1 1 5 2 7 6 4 3
6 2 0 0 0 0 1 3
1 1 3 4 7 5 2 6
2 1 6 2 0 3 5 4
1 0 0 3 1 0 2 0
2 2 3 1 0 4 0 0
1 3 6 1 7 5 2 4
1 0 0 2 0 0 1 3
1 0 0 1 2 0 3 0
1 2 5 4 7 6 1 3
7 3 0 2 0 1 0 0
2 0 1 3 0 0 2 0
3 0 2 0 0 0 3 1
4 1 3 2 7 5 4 6
1 3 1 4 5 6 2 7
1 1 0 0 2 0 3 0
4 0 0 0 0 2 1 0
2 1 5 2 7 3 4 6
1 3 4 1 0 0 2 0
1 0 2 0 0 1 3 0
316 1 0 2 0 0 0 0
1 1 0 0 3 0 2 0
20 0 3 0 0 0 1 2
1 1 5 2 6 4 3 7
3 1 0 2 0 0 3 4
2 1 2 0 3 0 0 0
1 3 1 0 0 2 0 0
1 2 0 1 3 0 0 4
3 3 0 0 0 0 2 1
1 1 5 2 4 6 7 3
6 1 3 2 7 6 4 5
1 4 0 1 3 0 2 0
1 0 1 0 0 2 0 3
4 0 1 0 0 3 2 0
1 3 6 2 7 4 1 5
3 3 0 0 2 0 1 0
1 0 0 1 0 0 0 2
1 5 1 6 4 7 2 3
6 0 0 0 3 0 2 1
3 3 1 4 7 5 2 6
3 1 3 2 0 0 5 4
1 7 3 6 1 4 5 2
