4 North Berwick Coastal
3 8 993 6849
Liz ALLAN, SNP
Alison CARTER, SFP
Jacq COTTRELL, Grn
George Henry COWEN, UKIP
Jeremy FINDLAY, Con
Judy LOCKHART-HUNTER, Con
Carol MCFARLANE, Lab
Stuart SMITH, SLD
1 0 0 1 0 3 0 4 2
1 6 8 5 7 4 3 1 2
2 2 0 1 0 3 0 0 0
1 4 7 2 8 5 6 3 1
24 4 0 1 0 0 0 2 3
1 1 4 2 6 7 8 5 3
4 4 8 2 7 5 6 1 3
3 1 8 2 7 6 5 3 4
1 1 2 4 0 0 0 3 0
1 0 1 0 0 3 0 2 0
1 2 3 5 8 6 7 1 4
1 2 0 3 0 0 0 4 1
1 2 3 4 6 8 5 1 7
1 1 7 5 4 3 0 6 2
2 1 5 2 8 7 6 3 4
1 5 8 3 4 1 2 7 6
1 0 7 5 6 2 1 3 4
1 2 0 1 0 3 0 5 4
1 7 8 6 5 3 4 1 2
1 7 6 8 5 1 2 4 3
44 0 0 0 0 3 2 1 0
19 0 0 0 0 2 0 1 3
34 0 0 3 0 2 1 0 0
1 3 0 4 0 1 0 2 0
1 6 7 8 5 3 2 1 4
1 8 7 4 5 3 1 6 2
1 8 5 7 4 2 1 6 3
1 1 5 3 0 0 0 4 2
1 1 8 2 4 7 6 5 3
1 0 0 4 0 0 3 1 2
2 1 8 3 7 6 5 2 4
1 2 5 1 6 8 7 4 3
1 1 0 2 0 5 0 4 3
6 1 0 0 0 0 3 2 0
1 3 0 0 0 4 1 0 2
1 2 7 3 8 5 6 4 1
1 3 0 0 2 0 0 1 0
2 1 4 3 8 7 6 2 5
1 4 0 2 0 5 0 1 3
1 3 0 4 0 0 2 5 1
1 2 8 4 7 6 5 3 1
1 8 4 6 7 1 2 3 5
1 8 4 5 7 2 1 6 3
1 6 7 2 8 3 4 1 5
1 3 0 4 7 5 6 1 2
2 2 5 3 8 6 7 1 4
2 1 2 3 6 7 8 5 4
1 0 0 0 1 0 2 0 0
1 2 8 1 6 5 7 3 4
1 1 8 4 7 5 6 3 2
1 4 7 1 8 6 5 2 3
1 7 3 8 6 1 4 2 5
55 0 0 0 0 0 0 0 1
2 8 4 3 7 1 2 6 5
19 0 0 0 0 1 3 2 0
1 0 2 0 3 0 0 1 0
3 0 3 0 0 0 2 1 0
18 3 0 1 0 0 0 0 2
5 3 0 0 0 1 2 0 0
4 8 6 5 7 2 1 4 3
2 4 5 2 6 7 8 3 1
1 4 5 3 6 8 7 1 2
1 8 4 2 5 6 7 3 1
37 0 0 0 0 2 1 4 3
1 6 4 3 5 7 8 1 2
2 5 4 2 6 7 8 1 3
1 8 2 6 7 4 3 5 1
17 4 0 3 0 0 0 1 2
3 2 3 0 0 0 0 1 0
1 1 3 2 6 7 8 4 5
1 0 3 5 4 0 0 2 1
1 0 2 1 3 0 0 0 0
2 0 3 0 4 2 1 0 0
1 7 6 1 8 2 3 4 5
2 0 0 2 0 1 0 3 0
2 2 7 1 8 5 6 4 3
2 0 3 0 0 0 2 0 1
2 0 1 2 0 0 0 0 3
1 0 4 5 0 2 1 6 3
1 1 0 4 0 0 2 3 0
3 0 1 0 0 2 3 0 0
1 5 6 7 8 1 2 4 3
1 4 5 0 0 1 2 3 0
2 3 2 0 0 0 0 1 0
1 0 5 0 0 1 2 4 3
1 5 4 1 6 8 7 2 3
1 8 6 3 7 4 2 1 5
3 0 0 0 0 3 2 4 1
2 0 0 2 0 1 3 0 0
18 3 0 0 0 0 0 1 2
1 3 0 2 0 1 0 0 4
14 0 0 0 0 1 0 3 2
4 8 5 7 6 1 2 4 3
1 1 5 3 4 8 7 2 6
1 0 0 2 3 0 1 0 0
1 3 7 8 6 2 5 1 4
1 0 2 5 4 3 1 0 0
1 1 2 3 8 7 6 4 5
6 1 5 2 6 7 8 3 4
1 8 1 6 7 4 3 5 2
2 1 7 2 8 6 5 4 3
1 3 8 2 7 5 6 4 1
4 1 0 2 3 0 0 0 0
2 0 4 0 3 1 2 0 0
1 8 3 7 4 5 6 1 2
1 8 7 6 3 2 1 5 4
14 0 0 0 0 1 0 2 3
1 3 0 1 7 6 5 2 4
1 0 0 5 0 2 4 1 3
2 8 3 6 7 4 5 1 2
1 1 7 3 8 6 4 5 2
10 0 0 0 0 1 3 2 4
1 2 7 3 0 5 6 4 1
3 0 0 0 0 3 1 0 2
1 1 4 2 8 6 7 3 5
1 1 4 3 5 6 7 2 8
2 1 0 2 0 0 4 3 0
1 8 6 4 5 1 2 7 3
1 3 8 2 6 5 7 4 1
1 1 5 3 0 0 0 2 4
1 7 5 6 8 1 2 3 4
45 1 0 2 0 0 0 3 4
1 0 0 0 2 0 0 1 3
2 1 0 3 0 2 0 0 0
1 0 3 0 2 4 1 5 6
1 2 8 3 6 5 7 1 4
1 7 5 8 4 2 1 3 6
1 0 2 0 0 1 0 0 0
1 6 7 5 8 3 2 1 4
1 4 8 5 7 3 6 2 1
1 0 4 3 0 0 1 5 2
1 6 8 2 7 5 4 3 1
1 1 8 3 4 7 6 2 5
5 0 0 0 0 1 3 0 2
1 3 7 1 8 4 5 2 6
1 2 6 5 8 7 4 1 3
1 7 0 6 5 2 1 4 3
1 7 5 8 3 1 2 4 6
1 7 8 3 6 5 4 2 1
1 1 5 3 8 6 7 2 4
5 8 6 7 5 2 1 4 3
1 0 0 1 0 0 4 3 2
1 4 0 2 0 0 3 5 1
1 0 0 1 0 0 2 3 4
1 3 8 4 7 5 6 1 2
1 0 0 5 0 4 2 1 3
3 0 0 5 0 2 1 4 3
1 0 3 0 2 1 0 4 0
1 0 0 0 2 0 1 3 4
1 6 0 4 0 2 5 1 3
1 3 8 6 7 2 1 4 5
1 3 8 1 7 6 5 2 4
1 2 0 6 0 4 5 1 3
1 5 7 4 0 3 6 1 2
3 1 0 0 0 3 2 0 0
1 0 0 3 0 4 1 5 2
1 1 5 3 6 7 8 2 4
1 1 7 3 8 5 6 2 4
2 0 5 0 6 1 2 3 4
5 0 0 1 0 3 2 0 0
1 0 0 0 4 1 2 5 3
1 8 6 4 3 2 1 7 5
1 6 0 4 0 3 2 1 5
1 0 0 3 0 2 0 0 1
1 8 3 7 2 4 1 6 5
1 1 8 2 5 7 6 4 3
1 4 5 2 8 7 6 1 3
1 0 1 0 0 2 0 0 3
2 0 3 2 0 0 0 0 1
1 1 7 2 8 4 5 6 3
1 0 1 0 0 0 0 2 0
180 1 0 0 0 0 0 0 0
8 3 0 0 0 0 0 2 1
2 2 7 4 8 5 6 1 3
1 0 2 1 0 0 0 0 0
5 8 5 7 6 2 1 4 3
1 6 8 1 7 5 4 3 2
1 8 5 6 7 2 1 4 3
1 1 5 2 0 0 0 4 3
4 2 8 1 7 6 5 4 3
1 1 0 3 0 4 2 0 5
1 3 1 0 0 0 2 0 0
1 8 6 5 3 1 2 7 4
1 5 4 2 8 6 7 1 3
1 8 2 7 3 6 5 1 4
3 0 0 3 0 4 0 1 2
2 0 0 3 0 0 1 2 0
1 3 0 0 0 2 4 1 0
1 0 2 3 0 0 0 4 1
1 1 0 5 3 0 0 2 4
1 5 8 4 7 1 6 2 3
1 0 3 1 0 0 0 0 2
1 0 0 3 0 0 4 1 2
1 3 8 4 7 5 6 2 1
1 1 0 5 0 4 3 0 2
1 3 5 1 8 7 6 4 2
1 0 1 0 2 4 3 0 0
1 1 0 4 0 2 3 0 0
7 0 0 0 0 1 4 3 2
1 0 0 3 0 1 0 4 2
2 2 4 3 6 7 8 1 5
1 1 8 2 5 6 7 4 3
1 0 0 0 3 2 1 0 4
1 2 6 7 8 3 4 1 5
3 6 8 3 7 4 5 2 1
1 8 7 3 5 1 2 6 4
14 4 0 2 0 0 0 1 3
13 0 0 0 0 3 1 2 0
1 1 3 7 8 5 6 2 4
1 1 3 2 0 0 0 5 4
1 4 0 2 0 0 3 0 1
1 8 6 1 5 2 7 3 4
1 2 0 0 0 4 5 1 3
1 0 0 3 0 2 1 4 0
27 2 0 1 0 0 0 0 3
1 0 0 0 3 2 0 1 0
2 1 0 0 0 0 2 0 3
41 1 0 2 0 0 0 4 3
2 1 2 3 0 0 0 4 5
1 0 0 3 1 2 0 0 0
1 4 7 6 8 1 5 2 3
4 0 2 0 0 0 0 1 3
1 4 5 3 8 6 7 1 2
1 1 2 5 4 0 0 0 3
1 0 3 0 6 1 2 5 4
2 2 5 4 6 7 8 1 3
1 8 7 6 3 2 1 4 5
1 7 8 2 6 5 4 1 3
1 8 5 7 3 2 1 6 4
2 8 5 7 4 1 2 6 3
2 8 4 7 5 2 1 6 3
2 0 0 0 2 1 0 0 0
3 0 0 3 0 2 0 1 0
1 3 0 2 0 5 0 1 4
1 0 0 6 5 1 2 4 3
3 4 7 1 8 5 6 2 3
3 8 7 4 5 3 6 1 2
1 2 3 4 6 1 5 8 7
9 2 0 4 0 0 0 1 3
2 1 0 0 0 2 0 0 3
1 7 6 4 8 1 2 5 3
5 0 0 1 0 2 3 0 0
1 0 0 1 0 3 0 2 0
3 2 5 1 6 7 8 4 3
3 0 2 0 3 4 1 0 0
1 0 4 0 6 2 1 5 3
1 0 0 4 0 2 1 3 0
8 8 6 7 5 1 2 3 4
36 3 0 2 0 0 0 1 0
1 0 3 0 4 5 0 1 2
1 2 0 6 0 4 3 1 5
2 0 2 1 0 0 0 0 3
1 8 4 5 3 6 7 1 2
1 1 3 2 6 8 7 4 5
2 0 0 1 0 0 2 3 0
3 1 6 2 5 7 8 3 4
1 4 8 5 7 2 1 6 3
1 8 3 2 1 4 5 7 6
1 8 4 2 7 5 6 1 3
1 6 8 5 7 1 3 2 4
1 6 0 5 0 2 1 3 4
1 0 4 0 5 2 1 6 3
6 1 0 0 0 2 0 0 0
5 0 0 0 0 1 4 2 3
1 3 7 1 8 6 5 2 4
2 1 5 4 6 7 8 2 3
2 2 0 0 0 3 4 1 5
1 1 2 3 6 8 7 4 5
1 7 6 5 8 3 4 1 2
1 6 8 3 7 5 4 2 1
1 2 0 0 0 1 0 3 0
6 8 7 6 5 1 2 3 4
17 0 0 0 0 0 3 2 1
1 0 4 0 0 2 1 5 3
1 5 2 0 1 3 0 4 0
1 6 7 1 8 2 3 5 4
2 0 3 0 2 4 1 6 5
3 2 0 0 0 0 3 1 0
3 2 5 1 6 7 8 3 4
1 7 4 8 6 1 2 5 3
1 1 0 2 0 4 0 3 0
1 0 0 4 0 3 0 1 2
1 6 8 1 7 4 5 2 3
1 7 5 6 8 3 2 4 1
13 0 0 0 0 0 1 2 3
2 4 8 2 7 6 5 1 3
1 4 8 1 5 6 7 2 3
1 0 3 0 4 2 1 5 6
27 0 0 1 0 0 0 0 2
1 4 0 1 0 5 6 2 3
37 0 0 0 0 0 3 1 2
150 1 0 2 0 0 0 3 0
5 0 1 0 0 0 0 0 0
1 1 3 2 5 6 7 8 4
1 5 4 3 8 7 6 1 2
5 2 8 1 7 5 6 3 4
1 0 3 4 2 0 0 0 1
1 8 6 4 7 1 2 5 3
1 0 2 0 4 3 1 0 0
1 3 0 0 0 4 2 1 5
1 6 3 5 0 4 2 1 7
1 1 3 2 0 0 0 4 0
54 0 0 0 0 1 0 0 0
1 0 4 3 0 2 1 5 6
1 0 4 0 3 2 1 0 5
1 0 0 2 0 4 0 1 3
1 4 0 0 0 3 1 2 0
1 2 1 0 0 0 3 0 0
4 0 0 3 0 1 0 2 0
1 2 0 1 0 0 3 0 4
1 0 2 3 0 0 0 0 1
18 3 0 1 0 0 0 2 4
22 2 0 1 0 0 0 4 3
2 0 0 0 5 1 2 4 3
1 4 7 2 6 1 5 3 8
2 0 0 2 0 4 3 0 1
1 0 4 0 0 1 2 3 5
1 8 7 5 6 4 1 2 3
1 5 8 6 7 1 2 4 3
1 3 4 2 6 5 7 1 0
1 4 8 1 7 6 5 3 2
1 0 1 0 3 5 4 0 2
1 2 5 1 0 0 0 3 4
1 8 5 7 6 4 1 2 3
1 6 8 4 7 2 1 3 5
21 0 0 0 0 3 2 1 4
1 8 5 7 6 3 2 1 4
1 8 6 3 7 5 4 1 2
1 8 5 7 6 2 3 4 1
1 8 5 4 6 3 7 2 1
1 8 5 4 3 7 6 2 1
4 3 0 0 0 0 1 2 0
2 2 7 1 8 5 6 3 4
81 0 0 1 0 0 0 2 3
6 2 0 3 0 0 0 0 1
1 7 4 3 8 5 6 1 2
2 2 0 0 0 3 1 0 0
2 7 8 5 6 1 2 4 3
1 1 8 3 6 5 7 2 4
1 1 7 4 8 5 6 2 3
1 0 0 1 0 2 4 3 0
1 7 5 6 0 3 2 1 4
1 0 0 4 0 3 2 1 0
1 0 0 0 5 2 1 3 4
1 0 2 3 0 0 0 1 0
1 8 4 5 6 1 2 7 3
1 0 3 4 0 0 0 1 2
61 1 0 3 0 0 0 2 0
4 8 7 6 5 2 1 3 4
4 0 3 0 0 2 0 1 0
1 1 8 2 7 4 3 6 5
1 0 0 0 0 4 2 1 3
2 8 5 6 7 3 2 4 1
5 0 0 5 0 3 4 1 2
34 0 3 0 0 2 1 0 0
2 0 0 3 0 2 1 5 4
5 2 0 0 0 0 0 0 1
1 4 0 3 0 0 1 0 2
1 1 2 0 0 0 3 0 0
10 0 0 0 0 3 4 1 2
1 8 5 6 7 4 3 1 2
1 4 7 3 8 6 5 1 2
1 7 5 8 6 2 1 4 3
1 0 1 0 0 0 0 3 2
1 0 6 1 0 5 3 4 2
4 0 0 2 0 0 1 0 3
2 0 1 2 0 3 0 0 0
1 5 4 3 6 7 8 1 2
2 1 6 2 5 8 7 3 4
2 1 4 2 3 7 8 6 5
1 0 5 0 3 2 1 4 0
1 1 0 2 0 5 6 3 4
1 8 6 5 7 1 4 3 2
1 2 0 0 1 0 0 3 0
2 8 5 6 7 2 1 3 4
4 1 4 2 8 7 6 3 5
1 4 5 3 6 7 8 1 2
1 0 3 2 0 0 0 4 1
7 1 2 0 0 0 0 3 0
4 2 0 1 0 0 3 0 0
1 0 0 3 0 1 0 2 4
1 3 0 2 0 4 1 5 6
1 1 2 4 8 7 6 5 3
1 0 0 4 0 5 3 1 2
5 1 0 3 0 0 0 4 2
5 1 2 0 0 0 0 0 0
1 4 8 1 7 3 5 6 2
1 1 4 5 6 7 8 2 3
1 1 7 2 6 5 8 4 3
1 6 7 3 8 4 1 2 5
1 2 0 0 0 3 1 4 0
1 1 4 5 8 6 7 3 2
1 7 5 4 8 2 3 6 1
1 4 0 1 0 5 0 2 3
1 0 2 0 1 0 0 0 0
1 8 6 2 7 4 5 1 3
233 0 0 0 0 0 0 1 0
4 0 0 0 0 0 2 0 1
1 1 0 2 0 4 0 0 3
1 3 0 2 0 1 4 0 5
1 2 0 0 0 1 0 0 3
1 4 5 1 8 6 7 2 3
1 1 6 3 7 4 8 5 2
15 0 0 0 0 0 2 1 0
1 1 4 2 7 6 5 8 3
1 0 0 1 0 3 2 0 4
1 1 3 2 8 6 7 4 5
1 0 3 0 0 1 2 4 0
15 2 0 3 0 0 0 1 4
2 2 8 3 7 6 5 1 4
1 1 5 3 6 7 8 4 2
1 0 0 1 0 2 5 4 3
1 0 0 3 0 1 4 2 0
6 1 3 0 0 0 0 2 0
1 1 3 2 8 6 7 5 4
1 4 8 5 7 3 1 6 2
3 1 0 0 0 2 0 3 0
1 2 4 5 0 0 0 1 3
1 0 4 2 0 0 0 1 3
1 2 0 1 0 4 0 0 3
2 1 5 4 8 6 7 2 3
1 5 4 6 3 7 8 1 2
2 0 0 0 0 3 1 4 2
1 5 0 3 0 6 4 1 2
1 0 0 4 0 1 2 3 5
2 0 0 2 0 0 3 0 1
1 1 0 0 2 0 0 0 3
1 5 8 4 7 3 6 2 1
1 7 6 4 8 1 2 3 5
1 3 0 1 0 5 0 4 2
134 0 0 0 0 2 1 0 3
2 6 4 5 3 7 8 1 2
1 7 5 6 8 1 3 4 2
2 0 0 3 0 2 1 0 4
1 8 7 4 5 2 1 3 6
1 4 7 2 6 3 8 1 5
3 1 8 2 5 6 7 3 4
1 2 8 1 7 6 3 4 5
1 0 4 1 0 2 3 0 0
1 8 4 3 5 6 7 1 2
1 0 0 1 0 0 3 0 2
1 0 0 0 5 3 2 1 4
1 2 4 1 0 0 0 5 3
1 8 3 2 7 6 5 1 4
2 3 0 0 0 0 2 0 1
1 0 0 3 0 1 4 5 2
1 0 0 2 0 5 4 1 3
1 1 8 2 7 5 6 4 3
2 0 0 2 0 1 0 0 3
1 1 6 4 0 0 5 3 2
6 0 0 3 0 0 1 0 2
1 0 7 6 5 2 1 3 4
1 0 0 2 4 3 1 0 0
19 1 0 3 0 0 0 0 2
1 8 7 5 6 2 1 3 4
1 2 5 6 8 4 1 7 3
5 0 3 0 0 0 0 2 1
1 7 6 4 8 2 3 1 5
1 1 0 0 0 4 5 2 3
2 2 0 0 0 3 0 1 0
1 1 2 6 7 8 5 3 4
1 0 2 0 1 0 4 3 0
1 3 6 2 5 8 7 4 1
3 0 0 2 0 0 3 1 0
1 5 0 4 0 0 1 2 3
1 1 6 2 8 5 7 4 3
176 0 0 0 0 0 0 1 2
6 0 0 0 1 0 0 0 0
3 1 5 2 6 8 7 4 3
1 8 3 4 7 1 2 6 5
1 8 5 6 4 1 7 2 3
1 7 5 6 8 4 3 2 1
20 0 0 0 0 0 1 2 0
1 3 8 1 7 4 6 5 2
2 1 2 0 0 0 0 0 3
2 0 3 4 0 1 2 0 0
8 0 0 2 0 3 1 0 0
1 0 0 4 0 1 5 2 3
1 4 2 3 1 5 7 6 8
1 0 0 3 4 1 2 0 0
1 2 0 0 4 0 0 1 3
1 7 8 1 3 6 5 2 4
1 6 5 7 8 3 2 1 4
5 8 6 7 5 2 1 3 4
1 6 0 5 0 3 4 2 1
1 1 8 7 6 4 5 2 3
1 0 1 2 0 0 0 0 0
1 1 0 2 0 4 3 0 5
1 1 7 2 8 3 5 6 4
2 0 0 0 0 2 3 4 1
6 3 0 4 0 0 0 1 2
1 8 6 7 5 4 3 1 2
49 1 0 0 0 0 0 2 0
35 0 0 3 0 0 0 2 1
2 1 8 4 5 6 7 2 3
1 3 5 4 8 1 2 6 7
1 6 3 7 8 1 2 4 5
1 0 5 0 0 2 3 1 4
1 1 2 5 0 0 0 4 3
53 3 0 1 0 0 0 2 0
3 0 0 1 0 2 3 0 4
1 0 0 4 0 1 2 3 0
6 1 0 2 0 0 3 0 0
1 7 8 1 6 5 4 3 2
2 2 8 1 7 5 6 4 3
7 1 7 2 8 5 6 3 4
2 3 0 0 0 1 0 2 0
2 0 6 0 5 1 2 3 4
1 0 4 5 0 1 0 3 2
2 0 3 2 0 0 0 1 0
1 0 6 0 4 1 2 3 5
8 1 7 2 8 5 6 4 3
1 6 7 2 8 5 4 1 3
1 8 5 7 6 2 1 3 4
1 2 0 4 0 0 1 3 0
1 0 3 0 2 6 1 5 4
13 1 0 3 0 0 0 2 4
1 1 4 2 0 6 0 5 3
2 0 0 1 0 0 2 0 3
7 0 0 2 0 3 0 0 1
39 2 0 3 0 0 0 1 0
3 8 6 7 5 1 2 4 3
1 8 5 7 6 4 3 1 2
1 3 7 2 8 1 5 4 6
1 6 5 2 1 7 8 3 4
5 0 0 2 0 1 0 0 0
1 7 8 1 6 4 5 3 2
1 4 7 5 8 1 6 3 2
1 1 4 2 6 0 0 3 5
2 0 0 2 0 1 3 0 4
1 1 0 2 0 3 4 0 0
1 6 0 3 0 5 2 1 4
23 0 0 2 0 0 0 3 1
24 0 0 3 0 1 2 0 0
1 8 7 1 2 3 4 5 6
3 0 3 1 0 0 0 2 0
1 1 7 3 8 5 6 4 2
2 0 0 3 0 1 4 0 2
1 3 6 4 5 8 7 1 2
1 3 0 2 0 4 0 1 0
66 0 0 2 0 0 0 1 0
1 7 2 6 8 5 1 4 3
7 0 0 2 0 0 1 0 0
1 7 5 6 8 2 1 4 3
3 1 0 2 0 3 0 0 0
2 7 6 5 8 2 1 4 3
3 1 3 0 0 0 0 0 2
2 1 4 2 6 7 8 3 5
1 3 5 1 6 7 8 4 2
1 8 5 3 7 2 1 6 4
1 0 5 0 0 1 4 2 3
1 3 0 4 0 0 5 1 2
3 3 7 2 8 6 5 1 4
2 8 4 7 3 1 2 6 5
1 7 5 6 8 2 1 3 4
1 4 0 1 0 5 6 3 2
2 1 5 3 8 7 6 4 2
1 0 0 3 0 5 2 1 4
2 1 0 0 0 3 0 2 0
91 1 0 2 0 0 0 0 3
1 7 5 4 6 0 1 2 3
2 1 5 2 8 7 6 4 3
2 8 5 7 6 2 3 1 4
1 1 2 4 6 7 8 5 3
1 0 0 1 0 2 0 0 0
3 0 0 0 4 1 2 0 3
32 0 0 0 0 1 2 4 3
1 3 1 2 0 0 0 0 0
1 2 8 3 7 5 6 1 4
1 0 2 3 0 0 0 1 4
1 6 7 5 8 2 4 3 1
1 1 2 3 8 6 7 5 4
1 0 0 3 0 5 2 4 1
1 0 2 0 6 3 4 1 5
1 1 5 0 0 0 4 2 3
5 3 0 4 0 0 0 2 1
2 8 7 6 5 1 2 4 3
1 4 8 1 7 5 6 2 3
2 4 8 3 7 5 6 1 2
174 0 0 0 0 1 2 0 3
9 0 0 0 0 3 2 0 1
1 5 7 6 8 2 1 3 4
3 1 3 2 0 0 0 0 4
2 2 5 1 8 7 6 4 3
1 0 0 1 0 2 0 0 3
1 5 3 0 0 2 0 4 1
23 0 0 2 0 0 0 0 1
2 0 0 5 0 4 1 2 3
1 3 8 2 7 5 6 1 4
1 2 0 1 3 0 0 0 0
1 8 6 5 7 4 2 3 1
1 2 5 3 6 7 8 1 4
4 0 0 1 0 0 2 0 0
4 3 0 0 0 2 1 0 0
3 3 0 2 0 0 0 4 1
1 0 0 0 0 2 4 3 1
21 2 0 0 0 0 0 1 0
12 0 0 0 0 2 3 1 4
1 0 2 0 0 3 0 1 0
3 1 5 2 0 0 0 3 4
2 4 0 0 0 1 0 3 2
10 0 3 0 0 0 0 1 2
5 1 5 2 6 7 8 4 3
1 7 6 4 5 1 2 8 3
1 5 8 1 7 4 6 2 3
3 1 2 3 0 0 0 0 0
1 0 0 1 0 3 0 0 2
1 1 5 2 7 8 6 4 3
3 2 0 3 0 1 0 0 0
4 0 0 0 0 2 4 1 3
1 4 5 1 6 2 7 3 8
1 0 0 0 2 0 0 1 0
5 1 5 2 8 6 7 3 4
2 6 8 5 7 1 2 3 4
1 5 0 4 0 0 2 1 3
484 0 0 0 0 1 2 0 0
1 3 0 1 2 0 0 0 0
3 8 5 6 7 1 2 4 3
3 1 0 0 0 0 2 3 0
3 6 0 3 0 4 5 1 2
1 7 4 6 0 1 2 3 5
6 0 5 0 0 2 1 3 4
1 1 5 2 6 8 7 3 4
3 0 0 0 0 3 1 2 4
1 0 0 2 0 0 4 1 3
1 6 3 8 7 1 2 4 5
1 7 4 1 8 2 3 5 6
15 2 0 0 0 0 0 1 3
2 1 7 2 8 6 5 3 4
1 0 0 3 0 4 2 1 0
1 3 6 7 8 4 5 2 1
1 1 6 3 8 5 7 2 4
1 5 0 4 0 1 0 2 3
2 0 4 3 0 0 0 2 1
4 1 8 2 7 5 6 3 4
2 1 7 2 5 6 8 3 4
1 8 3 7 6 4 5 1 2
1 0 3 0 0 0 1 0 2
1 6 0 1 0 5 2 3 4
1 1 2 3 0 0 0 0 4
10 0 0 0 0 3 0 2 1
53 0 0 0 0 2 1 3 4
7 0 0 0 0 0 2 3 1
1 5 6 4 8 2 1 3 7
1 7 5 6 0 1 2 3 4
2 0 0 5 0 3 2 1 4
1 1 7 6 8 5 4 3 2
4 0 0 0 4 2 1 3 0
2 5 7 2 8 1 3 4 6
1 8 3 7 6 5 4 1 2
2 8 6 5 7 2 1 3 4
4 0 0 5 0 1 2 3 4
16 0 0 0 0 4 3 1 2
2 0 4 3 0 2 1 0 0
3 8 5 7 6 1 2 3 4
3 3 7 1 8 5 6 4 2
3 0 2 0 0 0 1 0 3
1 0 0 0 4 2 1 0 3
2 3 0 2 0 0 1 0 0
1 0 4 0 0 3 2 0 1
1 4 0 5 0 1 2 0 3
1 2 5 1 0 7 6 3 4
1 1 2 3 8 7 6 5 4
3 8 6 5 7 4 3 2 1
4 3 0 1 0 0 2 0 0
1 0 0 3 0 5 1 4 2
1 8 3 4 2 6 7 1 5
1 5 0 2 0 3 0 1 4
1 4 0 5 0 1 2 3 0
1 7 6 5 0 3 2 4 1
7 0 0 3 0 0 2 0 1
1 8 4 2 7 1 3 5 6
2 2 0 0 3 0 0 1 0
1 0 4 3 0 0 2 0 1
1 1 6 2 3 7 8 5 4
1 1 5 2 7 6 8 3 4
1 0 2 0 0 4 5 1 3
5 1 0 3 0 0 2 0 0
1 1 8 2 6 7 5 3 4
1 7 3 8 6 4 5 2 1
7 0 0 4 0 2 1 0 3
2 0 0 5 0 1 2 4 3
1 1 5 3 6 8 7 2 4
3 0 0 0 5 1 2 3 4
17 4 0 1 0 0 0 3 2
1 0 0 0 2 0 1 0 0
1 3 2 5 0 0 0 4 1
1 0 0 5 0 2 3 4 1
3 0 0 1 0 2 0 3 0
1 0 4 3 2 0 0 1 0
1 8 2 7 4 3 1 6 5
1 5 7 2 8 4 6 1 3
1 0 3 0 0 1 2 0 4
1 8 7 5 6 1 2 3 4
1 0 0 3 0 2 5 4 1
5 0 0 0 0 4 3 2 1
1 8 5 7 6 1 4 3 2
59 0 0 0 0 0 1 0 0
1 1 0 3 0 2 0 4 0
1 5 8 3 7 1 2 4 6
35 0 0 0 3 1 2 0 0
1 1 3 4 6 8 7 2 5
1 0 0 0 1 3 2 4 0
1 6 8 1 7 4 3 2 5
1 1 0 2 5 7 6 3 4
1 8 3 7 2 6 1 5 4
8 1 0 0 0 0 2 0 0
1 7 5 6 8 2 3 1 4
1 8 3 4 5 6 7 1 2
1 8 3 6 7 2 1 5 4
3 0 0 0 3 1 2 0 4
1 8 6 7 3 4 5 2 1
1 7 6 5 8 1 2 3 4
107 2 0 1 0 0 0 3 0
1 5 8 3 7 6 4 2 1
2 0 0 0 2 1 3 0 0
1 0 0 4 0 2 3 0 1
89 0 0 1 0 0 0 0 0
1 1 0 0 0 0 2 3 4
1 1 4 2 6 8 7 5 3
1 3 8 4 5 6 7 1 2
4 0 4 0 0 2 1 3 0
3 0 0 4 0 1 2 0 3
1 0 0 3 0 5 4 2 1
1 0 4 0 3 2 1 0 0
3 0 3 0 0 1 0 0 2
1 6 7 2 8 4 5 3 1
151 0 0 0 0 1 2 3 0
4 2 3 1 0 0 0 0 0
1 4 6 5 8 7 3 1 2
1 7 6 5 4 3 2 1 0
1 0 2 1 0 0 0 3 0
6 1 0 0 0 2 3 0 0
1 0 3 2 0 0 1 0 0
1 8 7 6 5 1 4 3 2
1 3 8 1 5 6 7 2 4
1 4 7 6 8 3 5 2 1
3 2 0 3 0 0 1 0 0
1 7 5 6 0 2 1 4 3
1 4 0 0 0 2 1 0 3
2 0 0 4 0 2 3 1 5
1 1 5 3 8 6 7 4 2
4 0 4 0 0 2 1 0 3
1 5 6 2 8 1 7 3 4
34 0 3 0 0 1 2 0 0
1 1 8 4 7 6 5 3 2
132 0 0 0 0 2 1 3 0
3 0 0 3 0 2 1 4 5
1 4 0 3 0 2 1 0 5
3 0 0 0 0 4 1 3 2
1 0 0 5 0 1 4 2 3
1 3 7 2 4 8 5 6 1
1 0 0 2 0 0 3 4 1
2 0 2 3 0 1 0 0 0
5 4 0 3 0 0 0 2 1
1 1 4 2 5 7 8 6 3
1 2 7 1 8 6 5 4 3
17 0 0 0 0 0 2 1 3
1 0 6 4 0 2 1 3 5
1 4 0 0 0 0 3 2 1
36 0 0 1 0 0 0 3 2
1 4 5 3 8 1 2 6 7
1 3 5 4 0 0 0 1 2
23 0 0 0 3 2 1 0 0
3 0 0 3 0 4 0 2 1
1 1 4 5 6 8 7 3 2
4 0 0 0 0 0 1 0 2
1 0 1 0 0 0 0 0 2
14 3 0 2 0 0 0 1 4
36 0 0 0 0 2 3 1 0
1 0 2 0 0 3 1 0 4
2 3 7 4 8 5 6 1 2
1 0 3 4 0 2 1 0 0
20 1 0 4 0 0 0 2 3
1 0 0 5 0 4 3 1 2
2 1 6 2 5 7 8 4 3
1 1 5 2 3 6 7 4 8
1 5 7 2 8 3 6 4 1
1 7 6 3 8 2 1 5 4
1 4 0 5 0 2 1 6 3
1 0 5 0 6 1 2 4 3
1 5 4 3 0 0 0 1 2
3 1 0 2 0 5 6 4 3
1 0 0 4 0 1 0 3 2
4 3 0 0 0 2 0 1 0
1 0 0 4 0 0 2 1 3
2 3 0 0 0 2 0 0 1
7 0 0 0 0 1 0 0 2
1 3 8 4 6 5 7 1 2
3 2 6 1 5 7 8 3 4
2 0 0 1 0 0 3 2 0
58 2 0 1 0 0 0 3 4
12 3 0 2 0 0 0 0 1
2 8 7 4 6 2 1 5 3
1 7 8 3 6 5 4 1 2
1 8 7 5 4 2 1 6 3
1 0 7 6 5 4 3 1 2
2 7 6 8 5 1 2 3 4
2 8 6 5 7 3 4 1 2
1 7 8 4 6 2 1 3 5
1 1 4 3 8 7 6 5 2
6 4 7 3 8 5 6 1 2
3 0 0 0 3 1 2 5 4
1 1 2 3 4 5 6 7 8
1 2 0 4 0 0 0 3 1
4 4 7 1 8 5 6 3 2
1 8 4 7 3 1 2 5 6
2 4 0 2 0 0 0 3 1
1 1 0 0 2 3 0 0 0
1 1 0 0 0 3 0 0 2
89 2 0 1 0 0 0 0 0
1 0 0 4 3 2 1 0 0
1 0 0 2 0 3 4 1 5
1 0 0 4 0 0 1 2 3
1 0 0 0 4 1 2 3 5
6 0 0 2 0 3 0 1 0
3 0 4 0 0 1 2 3 0
2 8 6 5 7 1 2 4 3
2 8 6 7 4 1 2 5 3
1 8 7 5 6 3 2 4 1
2 0 0 1 0 0 2 4 3
3 8 7 6 5 2 1 4 3
2 0 2 0 0 0 1 0 0
1 4 0 3 0 0 2 1 5
1 1 0 0 2 0 0 3 0
9 1 0 0 0 0 0 0 2
1 0 3 0 0 2 1 4 0
1 3 0 1 0 5 6 4 2
1 4 5 2 8 6 7 1 3
1 8 7 5 6 4 3 2 1
1 0 0 0 4 1 5 2 3
3 2 0 1 0 6 5 3 4
2 2 5 3 8 7 6 1 4
1 3 0 0 0 4 2 0 1
1 7 4 2 8 1 3 6 5
1 0 2 0 0 3 1 4 0
1 8 6 5 7 1 2 3 4
1 0 3 0 5 1 2 4 6
1 6 8 5 7 2 4 1 3
2 2 0 1 0 5 0 3 4
1 8 6 5 7 1 4 2 3
1 8 6 7 5 3 1 2 4
4 3 0 0 0 0 1 0 2
1 8 7 4 6 3 5 1 2
2 1 0 0 3 0 0 2 0
5 0 0 0 0 3 4 2 1
1 0 3 0 0 2 1 4 5
10 3 0 1 0 0 0 4 2
2 0 0 3 0 1 2 0 4
1 0 0 4 0 5 1 2 3
2 7 6 5 8 4 3 1 2
1 0 5 0 3 1 2 0 4
3 8 4 7 6 1 2 3 5
5 0 2 0 0 0 0 1 0
1 8 7 3 6 4 1 2 5
1 2 3 1 4 5 6 7 8
2 8 6 7 3 1 2 4 5
1 8 7 5 6 3 4 1 2
73 0 0 0 0 1 2 3 4
2 1 7 2 6 5 8 3 4
10 0 0 0 0 2 3 0 1
1 0 0 1 0 5 2 3 4
1 1 6 2 7 8 5 4 3
2 1 6 4 5 7 8 2 3
1 1 6 7 8 4 5 2 3
2 7 8 5 6 1 2 3 4
1 1 0 0 0 5 2 4 3
2 1 0 0 0 0 3 0 2
1 1 3 0 2 0 0 0 0
1 8 7 6 4 1 2 5 3
5 3 2 1 0 0 0 0 0
1 1 4 2 0 0 0 0 3
1 0 0 0 3 1 0 0 2
11 0 0 0 0 1 0 2 0
1 0 2 0 0 0 0 3 1
2 0 0 0 0 2 0 3 1
1 2 7 1 0 4 5 6 3
1 0 0 3 0 1 2 5 4
1 0 0 0 5 2 1 4 3
1 6 4 3 5 7 8 2 1
1 8 6 5 7 2 3 1 4
14 1 0 0 0 0 0 3 2
3 0 0 0 3 0 0 1 2
1 2 0 3 4 0 0 1 0
2 3 0 1 0 5 0 2 4
21 0 0 0 0 2 0 1 0
4 0 0 3 0 0 2 1 0
1 4 8 1 5 6 7 3 2
1 6 5 7 8 3 1 2 4
85 0 0 2 0 0 0 1 3
1 8 4 7 6 2 1 5 3
1 8 4 1 6 5 2 7 3
1 8 4 7 6 1 2 5 3
1 0 0 5 0 3 1 2 4
1 0 6 0 5 2 1 3 4
1 6 7 3 8 4 5 2 1
1 0 5 7 6 2 1 3 4
4 8 5 6 7 1 2 3 4
1 6 7 5 8 3 4 1 2
3 0 5 0 0 2 1 4 3
1 0 0 2 3 4 0 0 1
1 7 6 3 8 1 2 5 4
1 1 8 5 7 4 6 3 2
1 3 7 6 8 5 4 2 1
19 1 3 2 0 0 0 0 0
1 0 5 0 3 2 1 6 4
2 0 0 2 0 3 1 4 0
135 0 0 3 0 0 0 1 2
2 1 5 2 8 6 7 4 3
1 0 3 0 0 1 0 2 0
2 4 7 2 8 6 5 1 3
1 5 0 6 0 2 1 3 4
1 6 3 2 4 7 8 1 5
2 2 0 0 0 0 1 0 0
1 6 0 5 0 2 3 1 4
1 2 6 1 5 7 8 4 3
1 2 1 0 0 0 0 0 0
1 5 7 6 8 1 4 3 2
1 1 4 5 8 6 7 2 3
2 1 8 2 7 6 5 4 3
1 2 0 0 0 0 1 3 0
1 4 2 3 6 7 8 1 5
1 5 0 1 0 6 2 3 4
40 1 0 0 0 0 0 2 3
1 8 7 1 6 3 4 2 5
1 8 7 3 6 4 5 1 2
1 0 3 0 0 2 1 0 4
1 0 0 4 0 1 2 5 3
1 6 3 7 8 1 2 5 4
2 0 0 2 0 0 1 3 0
2 1 4 2 8 7 6 5 3
1 8 7 6 5 4 3 1 2
39 0 0 0 0 0 0 2 1
1 1 0 0 0 4 0 3 2
1 0 4 3 0 5 1 2 0
1 1 7 4 8 5 6 3 2
1 0 0 1 0 0 3 2 4
1 0 2 0 0 0 3 1 0
1 3 0 2 0 1 0 0 0
1 0 1 3 0 0 2 0 0
1 3 7 1 8 5 4 6 2
2 1 5 4 8 6 7 3 2
3 0 2 0 0 0 0 0 1
1 0 4 3 0 2 0 1 0
1 0 2 0 0 4 3 0 1
1 7 3 8 4 5 6 1 2
437 0 0 0 0 2 1 0 0
8 2 8 1 7 6 5 3 4
2 0 0 0 0 4 1 2 3
3 0 0 0 3 2 1 5 4
1 0 2 0 0 1 3 0 0
293 1 0 2 0 0 0 0 0
2 1 0 4 0 0 0 3 2
2 0 3 0 0 0 1 2 0
1 1 3 4 2 6 5 7 8
1 0 3 4 0 2 1 6 5
4 0 4 3 0 0 0 1 2
3 6 0 5 0 4 3 1 2
8 0 0 5 0 2 1 3 4
3 3 0 0 0 0 2 1 0
1 0 2 0 0 0 3 0 1
8 0 0 0 0 0 1 3 2
1 6 2 5 4 7 8 1 3
2 0 0 4 0 1 0 2 3
1 1 0 0 0 3 4 0 2
1 1 0 3 0 5 6 2 4
2 6 7 5 8 2 1 3 4
1 8 7 5 6 2 1 4 3
1 1 7 3 6 5 8 2 4
3 0 0 3 0 1 0 0 2
1 1 0 3 0 4 0 5 2
3 1 8 3 7 5 6 2 4
3 0 1 0 0 3 2 0 0
1 0 3 0 4 1 2 0 0
45 0 0 1 0 0 0 2 0
11 0 0 0 0 2 0 0 1
2 4 0 0 0 1 2 3 0
27 0 0 0 0 3 0 1 2
3 2 0 0 0 0 0 3 1
1 7 8 2 6 4 3 5 1
1 1 8 3 7 6 5 4 2
1 0 4 0 3 2 1 6 5
1 7 5 4 8 1 2 6 3
2 2 5 1 6 8 7 3 4
2 0 0 4 0 3 1 2 0
1 2 0 0 0 1 3 0 0
1 4 8 1 7 5 6 3 2
2 0 0 0 1 0 0 2 3
1 0 5 0 6 2 1 3 4
1 3 5 1 6 7 8 2 4
2 0 6 0 5 2 1 4 3
1 0 0 4 0 2 1 3 5
1 6 2 0 0 3 1 4 5
