11 Hillhead
3 6 488 6925
Ken ANDREW, SNP
Theo LOCKETT, SLD
Hanzala MALIK, Lab
Colin MCMILLAN, FA
Mark RUSSELL, Con
Martha WARDROP, Grn
4 1 5 2 3 6 4
1 5 2 1 4 3 6
2 0 3 2 0 4 1
6 2 0 1 0 3 0
9 4 2 1 0 0 3
69 0 2 3 0 0 1
1 0 0 2 1 0 0
3 0 2 0 0 3 1
2 1 4 3 2 5 6
1 1 4 3 5 2 6
3 0 0 3 0 2 1
3 0 3 1 4 2 0
13 1 4 5 3 6 2
3 0 1 2 3 0 0
1 1 2 5 6 4 3
1 4 5 6 3 2 1
2 4 2 1 5 6 3
1 4 5 1 6 2 3
136 2 4 3 0 0 1
6 1 3 0 0 2 0
1 0 2 1 4 0 3
1 6 4 1 3 5 2
5 5 3 2 6 4 1
4 0 0 2 3 1 0
1 5 2 3 6 1 4
1 3 2 1 0 4 5
7 4 1 3 0 0 2
3 3 0 0 1 0 2
5 5 1 2 6 4 3
1 1 2 4 0 3 5
2 0 1 0 3 0 2
2 6 1 3 5 4 2
1 5 1 3 0 4 2
1 6 5 1 4 2 3
4 2 1 4 0 0 3
1 4 3 1 0 2 0
1 1 2 6 4 5 3
2 6 2 1 3 4 5
2 3 0 0 0 1 2
14 0 2 1 3 0 0
1 3 2 1 5 4 6
12 4 3 1 6 5 2
2 3 1 4 5 6 2
2 0 2 3 0 4 1
3 0 1 0 0 2 3
1 5 3 6 4 1 2
2 1 6 2 5 4 3
1 2 0 4 3 0 1
8 2 0 0 3 0 1
6 0 0 2 0 1 3
2 1 5 6 4 3 2
2 0 3 0 1 0 2
5 0 0 1 3 2 0
3 1 2 3 4 5 6
2 5 2 1 3 6 4
6 1 3 2 6 5 4
3 6 2 3 5 1 4
1 6 3 2 5 1 4
2 1 5 2 6 4 3
3 1 0 2 3 0 0
1 6 4 5 3 2 1
1 5 4 3 2 6 1
1 4 2 1 6 3 5
4 3 2 1 5 6 4
6 6 2 1 4 3 5
3 1 3 2 4 5 6
1 2 1 5 6 4 3
3 5 2 3 4 6 1
1 2 0 3 0 4 1
8 1 0 3 0 2 0
28 0 2 0 0 1 0
3 0 0 1 2 0 0
2 0 1 4 0 3 2
3 1 5 6 3 4 2
1 2 4 5 3 6 1
14 1 5 3 4 6 2
2 2 3 5 6 4 1
1 3 5 2 6 4 1
1 2 0 4 0 3 1
1 3 5 1 4 6 2
7 4 2 3 6 5 1
71 1 4 3 0 0 2
3 2 3 1 4 6 5
10 1 0 0 0 3 2
1 1 3 2 4 0 0
9 1 3 2 0 0 4
11 0 0 1 0 3 2
2 2 1 3 0 0 4
1 5 1 2 4 6 3
116 0 2 1 0 0 0
279 1 0 0 0 0 0
18 1 4 2 0 0 3
22 3 1 0 0 0 2
1 3 4 1 2 6 5
3 6 4 2 3 1 5
1 6 4 2 5 3 1
3 0 2 0 1 0 3
8 2 4 1 6 5 3
1 0 3 4 2 1 0
2 6 2 1 5 3 4
1 4 5 3 1 6 2
1 1 2 5 3 6 4
2 6 2 4 3 1 5
6 4 3 1 5 6 2
1 0 3 1 0 4 2
1 0 4 2 3 0 1
64 2 4 3 5 6 1
2 0 0 0 1 2 3
65 0 3 2 0 1 0
1 6 2 1 4 5 3
1 0 1 3 4 0 2
1 4 3 2 1 5 0
23 3 4 2 6 5 1
5 0 0 3 1 2 0
1 6 2 5 3 1 4
2 0 0 0 2 3 1
11 3 2 4 6 5 1
2 1 3 2 6 4 5
10 0 0 0 2 1 0
20 0 1 0 0 0 2
2 6 2 5 4 1 3
1 5 1 4 6 2 3
78 0 3 1 0 0 2
6 0 0 1 0 2 3
1 4 3 6 2 1 5
1 6 1 3 4 2 5
3 0 3 0 2 0 1
3 4 1 2 6 5 3
3 2 5 4 6 3 1
4 2 4 1 5 6 3
4 4 1 2 0 0 3
3 2 5 3 6 4 1
3 3 1 2 6 5 4
10 1 2 4 0 0 3
4 6 4 3 1 2 5
3 0 0 0 1 2 0
3 2 3 1 0 0 4
2 1 0 0 0 2 0
1 4 0 2 3 0 1
68 2 3 4 0 0 1
1 0 2 1 5 3 4
2 1 5 6 4 2 3
3 3 4 2 0 5 1
1 1 6 2 5 3 4
3 0 3 1 2 0 0
1 5 6 4 1 3 2
1 1 5 4 6 3 2
4 4 2 3 5 6 1
1 6 3 5 4 2 1
3 2 5 3 4 6 1
1 3 5 1 2 4 6
128 1 3 0 0 0 2
1 3 0 2 0 4 1
3 2 3 1 4 5 6
1 2 4 1 5 0 3
1 4 5 2 6 3 1
1 4 2 5 6 3 1
40 0 1 0 0 0 0
6 3 0 1 0 2 0
1 4 1 3 5 0 2
3 5 2 3 6 4 1
1 0 0 2 1 3 0
115 0 0 0 0 1 0
3 5 1 3 6 4 2
7 2 1 0 0 0 3
1 2 4 5 6 3 1
6 2 4 3 0 5 1
3 5 2 4 6 1 3
5 2 0 0 0 3 1
1 1 6 2 3 5 4
12 3 4 1 6 5 2
1 2 5 4 3 6 1
27 1 2 0 0 0 3
4 3 1 4 6 5 2
6 0 3 0 0 2 1
1 1 5 2 3 4 6
1 3 5 2 6 1 4
1 1 4 3 0 2 0
20 0 1 2 0 3 0
1 6 2 1 3 5 4
1 4 1 3 0 5 2
1 1 4 5 6 2 3
1 2 3 0 0 4 1
3 0 3 2 0 1 4
25 0 1 3 0 2 0
1 0 2 1 3 4 0
118 2 3 0 0 0 1
1 3 2 1 6 5 4
62 2 0 1 0 0 3
88 0 2 1 0 0 3
1 1 0 3 4 0 2
1 4 2 3 1 0 0
1 3 6 5 4 1 2
9 1 2 0 0 0 0
1 2 3 1 6 5 4
1 0 0 2 1 0 3
4 0 2 0 1 0 0
1 5 4 1 6 2 3
2 3 5 4 6 2 1
1 0 3 0 1 2 0
22 3 2 4 0 0 1
4 0 3 0 2 1 0
1 1 0 3 0 2 4
1 2 1 5 4 6 3
1 0 4 2 3 1 0
33 1 3 4 5 6 2
3 0 0 3 2 0 1
1 2 6 1 4 3 5
2 6 3 2 5 4 1
17 4 3 2 6 5 1
2 5 3 1 6 2 4
6 0 0 1 3 0 2
1 0 1 0 2 0 3
2 5 3 4 6 2 1
92 2 4 3 6 5 1
5 5 2 1 6 3 4
1 2 5 1 4 3 6
1 0 4 1 0 2 3
13 1 3 2 5 6 4
1 1 4 2 3 0 0
1 1 3 5 6 4 2
1 6 1 2 4 3 5
10 6 3 2 4 1 5
2 6 4 1 5 2 3
1 1 0 0 2 0 0
70 0 2 1 0 3 0
1 1 3 4 5 0 2
9 0 2 0 3 1 0
4 5 3 1 6 4 2
7 6 3 1 4 2 5
1 2 1 3 5 6 4
2 6 3 4 5 1 2
1 0 4 3 0 1 2
1 5 1 4 6 3 2
1 1 2 5 6 3 4
15 0 0 0 1 0 0
4 2 4 1 0 0 3
6 3 2 4 5 6 1
1 2 5 1 3 6 4
8 3 2 1 0 0 4
1 1 2 5 3 4 6
5 0 0 2 0 3 1
1 5 1 3 4 2 6
42 2 3 4 6 5 1
30 0 1 2 0 0 0
4 0 3 2 4 1 0
1 4 3 6 5 1 2
1 1 2 3 5 6 4
2 2 3 1 6 4 5
1 5 4 1 0 2 3
1 4 3 1 5 2 6
1 2 6 1 5 4 3
23 4 3 2 0 0 1
3 1 3 2 5 4 6
5 1 2 3 0 0 4
21 0 1 0 0 2 0
1 2 0 0 1 0 0
117 1 0 2 0 0 3
1 5 2 1 4 6 3
1 5 4 2 6 1 3
1 4 1 3 6 5 2
1 0 0 3 2 1 0
1 6 4 2 3 5 1
2 1 0 0 3 2 0
1 6 1 4 3 2 5
4 5 2 3 0 4 1
1 1 2 4 5 3 6
2 2 5 1 4 6 3
4 0 2 0 3 0 1
2 2 4 3 5 0 1
37 0 0 2 0 1 0
1 5 2 4 0 3 1
1 4 1 2 3 6 5
1 3 2 4 6 1 5
2 1 5 2 6 3 4
2 2 3 1 5 6 4
2 1 0 2 0 3 4
3 0 1 3 0 2 4
1 2 3 0 5 4 1
1 3 1 4 0 5 2
2 0 0 3 0 1 2
29 1 4 3 6 5 2
102 0 0 2 0 0 1
1 0 4 3 1 2 0
14 1 0 2 0 3 0
41 1 4 3 5 6 2
1 5 4 6 1 2 3
1 0 4 3 2 1 0
1 1 4 2 5 3 6
1 6 1 5 3 2 4
1 1 4 3 0 5 2
2 6 3 4 2 5 1
2 0 3 1 0 2 4
1 0 1 3 4 2 0
39 0 0 1 0 2 0
5 3 1 2 0 0 0
1 4 2 3 6 1 5
1 5 3 2 4 1 6
5 6 4 1 5 3 2
2 5 2 3 0 1 4
2 3 2 1 5 0 4
11 4 2 1 6 5 3
1 3 2 4 0 5 1
4 2 0 1 3 0 0
117 0 0 1 0 0 2
12 3 1 4 0 0 2
6 3 0 0 0 2 1
1 3 2 1 0 5 4
23 1 2 3 0 0 0
1 5 2 1 0 3 4
2 2 0 3 0 1 0
1 3 0 0 1 2 0
1 5 2 4 3 1 6
1 1 4 0 3 0 2
8 0 0 0 0 1 2
1 3 0 1 2 0 0
1 2 5 1 6 4 3
1 2 4 0 5 3 1
1 2 3 0 0 1 0
75 0 3 1 0 2 0
20 4 2 3 0 0 1
2 1 4 3 6 2 5
1 3 1 5 4 6 2
1 6 4 5 1 3 2
1 0 3 1 4 0 2
29 2 3 4 5 6 1
1 5 4 1 3 2 6
2 0 4 3 0 2 1
159 3 0 2 0 0 1
1 6 1 5 4 3 2
1 1 4 3 5 0 2
1 6 2 4 1 5 3
62 3 0 1 0 0 2
1 4 5 2 3 6 1
1 5 2 1 4 0 3
4 1 2 4 5 6 3
7 4 3 2 5 6 1
1 5 2 1 6 4 3
243 1 0 3 0 0 2
2 2 3 4 5 0 1
1 5 6 4 2 3 1
2 5 2 3 4 1 6
15 1 3 5 4 6 2
3 0 0 0 2 0 1
1 5 4 2 3 6 1
3 5 3 1 4 6 2
2 1 3 4 6 2 5
3 2 0 0 0 1 0
1 1 3 2 5 0 4
245 0 0 0 0 0 1
18 4 3 1 0 0 2
1 2 6 3 4 5 1
1 2 1 3 6 5 4
1 6 1 2 5 3 4
4 0 0 0 3 1 2
1 3 1 4 2 0 5
486 1 0 0 0 0 2
26 1 3 4 6 5 2
1 6 2 4 1 3 5
1 0 2 0 3 1 4
1 1 4 6 3 5 2
4 0 0 0 2 1 3
389 0 0 1 0 0 0
2 4 3 2 0 5 1
1 3 1 2 5 6 4
2 5 1 2 0 3 4
2 0 2 4 3 1 0
1 1 2 0 0 3 4
1 1 3 2 0 5 4
42 1 3 4 0 0 2
3 0 2 1 0 4 3
1 2 6 1 4 5 3
61 3 4 2 0 0 1
27 2 3 1 0 0 0
1 3 4 2 5 0 1
1 1 4 2 5 0 3
59 3 2 0 0 0 1
86 0 3 2 0 0 1
6 1 2 4 6 5 3
6 1 0 0 0 2 3
402 2 0 3 0 0 1
1 3 4 1 0 5 2
1 2 1 3 4 5 6
2 6 3 1 5 4 2
6 0 3 0 0 1 2
2 5 3 2 4 6 1
8 2 3 5 4 6 1
1 6 4 1 3 2 5
47 0 2 3 0 1 0
2 3 4 2 6 1 5
1 1 2 3 6 5 4
2 0 0 0 3 2 1
1 2 0 3 1 0 0
8 1 5 4 3 6 2
1 1 6 2 4 5 3
1 5 2 1 3 4 6
7 1 3 2 4 6 5
1 2 3 6 5 1 4
2 4 1 2 5 6 3
3 0 2 1 0 3 4
2 6 5 1 4 3 2
1 3 2 0 1 0 0
1 4 2 3 1 6 5
6 1 4 2 6 3 5
1 0 2 1 4 3 0
1 1 5 4 2 6 3
43 2 0 1 0 0 0
1 2 1 4 0 3 0
1 6 2 4 5 3 1
19 1 4 2 5 6 3
51 0 2 0 0 0 1
3 1 3 6 4 5 2
2 1 0 3 2 0 0
2 1 3 4 0 5 2
1 1 3 6 5 4 2
3 4 3 6 2 5 1
2 4 2 3 0 1 5
31 0 1 2 0 0 3
1 1 4 5 3 0 2
1 0 2 4 0 1 3
2 4 3 1 6 2 5
4 2 3 4 0 5 1
1 5 2 4 3 6 1
1 0 2 3 4 1 0
1 1 4 2 3 0 5
1 2 4 3 6 1 5
1 6 1 4 5 3 2
1 5 1 3 0 2 4
2 6 3 2 1 4 5
1 2 3 6 5 4 1
1 1 3 0 2 0 0
1 0 4 0 2 1 3
1 6 4 3 5 2 1
11 3 4 1 5 6 2
4 0 1 0 2 3 0
25 3 2 1 0 0 0
2 6 5 2 4 1 3
1 3 2 1 6 4 5
1 3 5 2 4 6 1
1 1 5 3 6 2 4
1 4 2 0 0 3 1
1 5 3 1 4 2 6
2 6 3 1 4 5 2
3 0 0 1 2 3 0
49 1 3 2 0 0 0
7 2 1 3 0 0 0
1 2 3 6 4 1 5
402 2 0 0 0 0 1
5 2 1 0 0 0 0
1 5 4 3 2 1 6
1 3 5 1 6 2 4
10 6 2 3 4 1 5
4 6 3 1 5 2 4
1 6 3 5 2 1 4
1 2 4 6 5 1 3
7 1 4 2 6 5 3
1 2 3 1 0 4 0
1 1 6 4 5 3 2
6 0 0 1 2 0 3
1 1 2 3 4 6 5
31 0 1 3 0 0 2
4 3 0 2 0 1 0
1 3 1 0 2 0 0
15 3 4 2 5 6 1
4 1 0 0 2 0 3
27 3 4 1 0 0 2
12 0 2 0 0 1 3
4 0 0 0 0 2 1
3 1 5 2 4 6 3
1 1 6 2 3 4 5
59 1 0 2 0 0 0
17 1 0 0 3 0 2
1 6 1 3 5 2 4
1 1 2 0 3 0 0
1 5 3 2 0 4 1
1 1 3 6 4 2 5
1 6 4 3 5 1 2
4 6 4 3 2 1 5
1 3 0 1 4 0 2
1 3 1 4 2 5 6
7 0 1 0 0 3 2
2 4 2 1 0 5 3
1 3 6 2 5 4 1
2 3 0 0 2 0 1
1 2 3 5 6 1 4
3 2 0 0 0 1 3
1 6 1 2 3 4 5
3 6 2 1 5 4 3
