1 Kirkwall East
4 5 268 1694
David DAWSON, Ind
Steven HEDDLE, Ind
Graham MACDONALD, Ind
John Ross SCOTT, Grn
Gwenda SHEARER, Ind
6 2 3 5 1 4
2 1 4 2 0 3
14 0 2 3 1 0
23 0 0 2 1 0
7 3 2 5 1 4
2 1 2 3 5 4
2 5 1 2 4 3
1 2 4 3 1 5
12 0 1 2 3 0
3 1 2 0 3 4
31 1 3 0 0 2
3 5 3 2 4 1
5 1 4 3 5 2
2 2 0 4 1 3
1 0 0 2 3 1
8 2 1 4 5 3
8 2 4 5 1 3
1 4 3 1 0 2
2 2 1 3 0 4
2 0 2 1 3 0
1 1 2 3 4 5
10 5 4 3 1 2
14 4 3 5 1 2
2 3 0 1 2 4
8 1 2 5 4 3
3 1 4 5 3 2
7 4 2 3 1 5
1 1 0 2 3 0
2 1 3 4 5 2
7 1 0 3 0 2
7 3 1 0 2 4
20 0 2 0 0 1
5 0 0 1 2 0
2 1 2 4 3 0
2 4 0 2 1 3
1 4 0 3 1 2
2 2 5 3 1 4
11 1 2 0 4 3
3 2 0 3 4 1
11 3 2 0 4 1
2 2 3 1 5 4
10 4 1 5 3 2
18 1 0 0 0 0
2 0 2 1 0 0
5 4 2 0 1 3
4 0 3 4 2 1
1 1 4 2 3 5
6 2 3 4 5 1
1 2 1 4 3 0
17 0 1 0 2 0
2 1 2 4 0 3
9 3 2 4 0 1
1 1 2 3 4 0
8 0 3 2 1 0
1 0 3 2 0 1
4 2 4 0 1 3
8 4 3 2 1 5
1 0 0 3 1 2
4 2 4 5 3 1
7 5 1 4 2 3
4 1 3 5 4 2
14 0 0 0 2 1
6 3 2 4 1 5
1 3 5 2 1 4
1 3 5 4 2 1
21 3 1 4 0 2
2 2 1 3 4 0
27 0 0 0 1 2
8 2 3 5 4 1
24 1 0 0 0 2
1 0 3 1 2 0
4 5 3 4 1 2
8 5 4 2 1 3
10 0 1 0 0 0
1 5 4 1 3 2
2 3 0 1 0 2
7 0 0 2 1 3
31 0 0 0 0 1
2 4 2 1 3 5
1 4 1 2 0 3
1 4 3 2 0 1
13 2 3 4 0 1
9 0 1 0 3 2
8 3 2 4 1 0
1 1 3 4 2 0
11 4 1 5 2 3
5 1 2 4 5 3
1 2 1 3 4 5
1 1 4 3 0 2
2 0 1 2 0 3
4 3 1 4 2 0
2 5 1 4 3 2
5 0 2 1 3 4
12 0 1 3 0 2
6 2 0 0 1 3
5 3 1 4 2 5
1 0 4 2 1 3
10 1 2 0 0 0
11 3 4 5 1 2
6 4 1 3 0 2
15 0 2 0 1 0
2 3 4 2 1 0
17 0 3 0 1 2
3 4 3 2 5 1
16 0 3 0 2 1
1 1 5 4 3 2
9 2 3 0 1 0
14 2 1 0 4 3
10 4 3 0 1 2
5 4 5 2 1 3
6 2 1 0 3 4
4 2 3 4 1 0
10 0 2 4 1 3
9 1 0 0 2 0
2 2 5 4 3 1
5 5 2 3 1 4
2 0 2 1 0 3
10 0 2 0 3 1
3 3 4 0 1 2
5 4 3 1 2 5
9 1 2 5 3 4
1 2 5 3 4 1
62 0 0 0 1 0
3 3 4 2 1 5
3 3 4 2 0 1
14 3 2 5 4 1
2 5 4 1 2 3
5 0 1 2 0 0
2 0 3 2 4 1
1 3 2 1 0 4
1 4 1 2 3 5
5 1 2 4 3 5
18 0 1 0 0 2
13 2 0 0 1 0
1 5 2 3 4 1
2 2 1 3 5 4
1 0 1 3 2 0
4 0 0 3 2 1
2 1 0 0 3 2
34 3 2 0 0 1
1 4 2 1 0 3
1 3 4 1 2 0
3 1 4 0 3 2
1 0 3 4 1 2
1 4 2 3 5 1
4 0 0 2 0 1
6 5 4 3 2 1
6 3 0 0 2 1
2 3 0 4 1 2
1 0 4 3 1 2
2 4 1 3 2 0
5 1 0 2 0 3
2 0 4 3 2 1
3 2 1 4 3 5
27 2 1 0 0 3
1 4 0 1 2 3
4 3 0 2 1 0
1 0 1 3 4 2
2 1 3 4 2 5
2 3 1 2 0 0
3 3 0 4 2 1
4 4 5 3 2 1
1 4 1 3 2 5
5 4 2 5 3 1
6 4 3 0 2 1
4 1 2 3 0 0
4 3 0 0 1 2
4 2 0 3 0 1
4 3 0 1 2 0
1 4 3 1 5 2
3 1 4 0 2 3
38 2 3 0 0 1
6 0 1 4 2 3
5 0 3 1 0 2
1 4 5 1 3 2
4 1 3 5 2 4
9 2 1 5 4 3
20 2 3 4 1 5
1 2 4 3 0 1
10 3 2 0 1 4
14 3 2 4 5 1
4 0 1 4 3 2
9 3 4 5 2 1
16 2 0 0 0 1
2 1 4 3 2 5
11 3 1 4 5 2
1 3 4 2 5 1
2 3 1 2 0 4
6 0 0 1 0 0
1 4 0 3 2 1
2 0 3 2 1 4
3 0 2 4 3 1
2 5 1 2 3 4
4 5 1 3 2 4
3 2 3 1 0 0
5 2 5 4 1 3
13 2 1 5 3 4
2 0 4 1 2 3
4 1 2 3 0 4
10 3 1 0 4 2
3 0 4 1 3 2
8 0 2 3 0 1
5 2 0 3 1 0
8 5 2 4 1 3
1 3 1 2 4 5
4 4 2 0 3 1
6 4 2 5 1 3
5 3 4 0 2 1
2 4 1 0 3 2
2 1 0 3 4 2
5 0 2 3 1 4
13 3 2 0 1 0
6 2 3 0 1 4
14 1 3 4 0 2
15 4 1 0 2 3
4 1 4 5 2 3
2 4 5 1 2 3
4 1 0 0 2 3
3 1 5 2 3 4
2 2 0 1 0 0
11 2 3 0 4 1
9 2 1 4 0 3
16 0 2 0 1 3
7 2 4 0 3 1
10 2 1 0 3 0
4 5 4 2 3 1
3 0 1 3 2 4
1 2 0 4 3 1
2 1 0 3 2 0
4 2 4 1 5 3
8 5 3 4 2 1
1 1 5 4 2 3
1 2 4 1 0 3
1 4 5 3 1 2
1 0 2 3 4 1
34 1 2 0 0 3
2 4 1 2 5 3
5 1 3 0 2 0
3 0 3 1 2 4
14 0 1 0 2 3
2 3 2 1 0 0
2 2 3 1 4 5
2 4 2 3 0 1
3 0 0 1 2 3
5 5 3 1 2 4
8 3 1 5 2 4
1 2 1 3 0 0
6 2 1 0 0 0
2 4 1 3 5 2
4 2 0 0 3 1
8 4 3 5 2 1
4 5 3 2 1 4
1 2 3 1 0 4
1 1 0 2 3 4
3 3 5 4 1 2
6 3 1 0 2 0
3 3 0 2 0 1
8 1 3 0 4 2
32 3 1 0 0 2
3 1 0 2 0 0
4 1 2 0 3 0
2 2 4 3 5 1
6 0 1 2 3 4
2 1 3 2 4 5
1 3 5 2 4 1
2 5 1 3 4 2
13 3 1 5 4 2
4 3 2 1 4 5
