3 Stromness and South Isles
3 6 387 1150
Graham BEVAN, Ind
Maia BRODIE, Grn
Rob CRICHTON, Ind
Lindsay HALL, Ind
James STOCKAN, Ind
Magnus THOMSON, Ind
1 1 5 2 3 6 4
2 1 0 2 0 4 3
11 2 0 1 0 3 0
1 1 2 6 3 5 4
3 0 0 2 1 0 0
4 0 2 3 1 0 0
1 4 3 5 2 6 1
1 1 4 3 5 2 6
1 1 5 4 0 3 2
7 3 0 2 0 1 4
7 0 0 3 0 2 1
6 0 1 2 3 0 0
2 1 0 2 3 4 5
1 3 5 4 6 1 2
1 2 4 3 1 5 0
1 2 6 5 3 1 4
1 1 3 5 2 6 4
1 2 6 5 3 4 1
6 1 3 0 0 2 0
1 3 1 4 2 6 5
1 4 5 3 2 1 6
1 2 1 3 4 6 5
11 0 0 2 3 1 0
1 6 1 3 5 4 2
2 3 0 0 1 0 2
1 4 0 5 2 1 3
1 4 6 1 3 2 5
14 0 0 0 1 0 2
1 2 6 4 3 1 5
1 2 4 5 1 3 0
1 4 0 5 2 3 1
1 3 4 5 6 2 1
5 3 0 0 0 1 2
1 2 6 4 1 5 3
1 0 1 0 0 2 3
1 1 6 2 5 4 3
1 3 4 1 5 0 2
1 2 0 3 1 4 0
13 0 0 2 0 1 3
1 1 5 2 4 0 3
1 4 3 2 6 1 5
1 2 5 1 0 3 4
1 4 2 6 1 5 3
1 0 3 0 1 0 2
1 2 4 1 5 3 6
1 0 0 1 3 2 0
1 1 4 3 0 2 5
1 1 4 5 3 2 0
1 1 3 6 5 2 4
1 1 5 2 6 4 3
9 1 0 2 3 0 0
1 5 4 3 2 6 1
1 3 2 1 5 6 4
25 1 0 3 0 2 0
1 3 0 4 0 1 2
2 3 1 0 2 4 0
1 4 1 2 3 5 6
2 6 4 5 3 1 2
1 5 4 3 6 1 2
5 0 2 0 0 1 0
1 0 0 1 2 0 0
2 1 2 4 3 0 0
1 4 2 3 5 1 6
1 1 0 0 3 4 2
2 0 0 3 1 4 2
2 2 0 3 4 1 0
1 1 3 0 0 2 4
2 3 6 1 5 2 4
3 1 0 0 0 3 2
2 0 0 1 0 3 2
1 2 1 3 0 0 4
29 1 0 0 0 0 0
1 1 5 0 4 3 2
1 4 6 3 1 2 5
1 6 4 2 3 1 5
1 4 2 0 1 3 0
1 0 2 0 1 0 3
1 3 1 0 0 0 2
1 0 3 4 2 1 0
3 3 6 2 4 1 5
1 4 1 5 6 3 2
5 3 0 2 5 1 4
1 6 2 1 5 3 4
1 5 1 2 4 3 6
1 4 0 3 0 1 2
4 0 1 0 2 0 0
1 3 2 4 0 1 0
4 2 6 3 5 1 4
1 2 0 5 4 1 3
6 0 0 0 1 3 2
1 1 2 3 4 0 0
5 0 0 0 1 2 3
4 0 3 2 0 1 0
2 0 3 2 1 0 0
1 5 6 3 1 2 4
1 1 0 0 2 3 4
1 1 5 4 3 2 6
7 2 6 3 4 1 5
4 0 0 3 1 2 0
1 6 2 5 3 1 4
3 0 0 0 2 3 1
1 3 2 4 6 5 1
1 1 5 4 6 2 3
1 1 3 2 6 4 5
4 0 0 0 2 1 0
1 0 0 4 3 1 2
1 2 0 4 1 5 3
1 4 2 5 1 6 3
2 1 0 2 3 0 4
1 0 1 0 0 0 2
1 5 1 4 2 6 3
1 6 1 3 4 2 5
2 0 0 1 0 2 3
1 1 5 3 4 2 6
2 0 3 0 2 0 1
1 2 5 4 6 3 1
1 3 2 1 4 6 5
1 2 4 1 5 6 3
1 2 5 3 6 4 1
1 2 3 1 0 0 4
7 0 0 0 1 2 0
14 1 0 0 0 2 0
2 1 5 6 4 2 3
2 2 3 4 6 1 5
1 1 4 5 3 2 6
5 1 6 2 5 3 4
1 2 1 5 3 4 6
1 2 3 1 4 5 6
2 1 6 3 5 2 4
3 0 0 3 4 2 1
1 2 5 6 4 1 3
29 0 1 0 0 0 0
1 6 5 2 3 1 4
8 3 0 1 0 2 0
2 0 0 2 1 3 0
2 5 2 3 1 4 6
1 4 5 3 6 2 1
1 5 2 3 6 4 1
23 0 0 0 0 1 0
1 2 1 0 0 0 3
1 4 2 1 3 5 0
1 6 3 5 1 4 2
3 0 1 0 3 2 0
1 2 3 4 0 1 0
1 3 1 2 6 4 5
2 2 6 1 5 3 4
1 3 2 4 1 0 0
2 2 0 0 0 3 1
1 3 2 4 5 1 6
1 5 1 4 3 6 2
2 2 0 3 1 0 4
1 1 2 0 0 0 3
1 3 0 1 5 2 4
2 4 1 2 5 3 6
1 1 4 3 0 2 0
3 0 1 2 0 3 0
2 0 1 3 0 2 0
2 2 4 3 5 1 6
4 2 0 0 1 3 0
3 3 1 5 4 2 6
3 2 0 1 0 3 4
4 2 0 1 0 0 3
2 0 2 1 0 0 3
1 1 2 0 0 0 0
4 3 0 2 4 1 0
1 4 1 3 0 2 0
1 3 4 5 1 2 0
2 5 6 4 1 2 3
1 0 0 2 1 0 3
11 0 2 0 1 0 0
1 0 3 0 1 2 0
1 2 1 5 4 6 3
3 1 0 3 0 2 4
1 0 3 0 2 1 0
2 3 4 2 5 1 6
1 2 1 0 4 3 0
4 2 3 0 1 0 0
2 0 0 3 2 0 1
1 4 3 0 1 2 0
1 3 1 5 2 6 4
1 2 6 1 4 3 5
5 0 1 0 2 0 3
1 1 6 5 4 2 3
3 0 0 1 3 0 2
1 4 1 5 0 3 2
1 2 1 4 6 3 5
3 1 6 3 4 2 5
1 1 0 0 3 2 4
1 6 5 4 1 3 2
5 1 0 0 2 0 0
1 0 2 0 3 1 0
1 3 6 4 1 2 5
1 4 3 1 2 5 6
1 3 0 0 1 4 2
2 2 0 4 0 1 3
1 3 0 1 0 2 4
1 2 1 4 3 5 6
28 0 0 0 1 0 0
1 0 3 4 0 1 2
1 3 4 1 0 2 5
1 0 0 2 0 3 1
1 0 3 2 4 1 0
3 0 1 2 0 0 0
1 2 3 4 6 5 1
1 2 6 1 5 4 3
2 1 6 3 2 5 4
2 3 6 2 5 1 4
3 1 6 2 4 3 5
2 1 2 3 0 0 4
5 2 0 0 1 0 0
5 0 1 0 0 2 0
1 1 3 2 5 4 6
1 3 1 2 4 6 5
1 2 0 0 4 1 3
5 1 0 2 0 0 3
1 2 3 4 1 5 6
1 5 4 2 6 1 3
4 0 1 3 2 0 0
1 2 0 4 5 1 3
4 0 0 3 2 1 0
7 1 0 0 3 2 0
3 3 2 0 0 1 0
1 2 0 0 3 1 4
1 1 4 0 3 2 0
1 2 5 3 1 6 4
1 0 2 0 3 0 1
1 4 0 2 3 1 0
8 0 0 2 0 1 0
3 1 0 2 0 3 4
4 3 0 0 2 1 0
1 4 0 3 0 2 1
1 3 5 6 4 1 2
1 3 0 4 1 2 0
7 0 0 3 0 1 2
1 0 0 2 0 0 1
1 1 4 3 6 5 2
32 1 0 2 0 3 0
1 1 4 2 5 3 6
1 2 1 4 3 5 0
1 4 1 3 2 6 5
1 0 0 4 1 3 2
1 4 0 1 2 3 0
1 4 6 2 1 3 5
5 2 1 0 0 3 0
1 6 3 4 2 5 1
2 3 0 2 1 0 0
6 0 0 1 0 2 0
1 3 1 5 6 4 2
1 2 5 0 3 1 4
3 3 1 2 0 0 0
1 5 3 2 6 1 4
1 1 4 2 3 5 6
2 2 0 1 3 0 0
2 0 0 1 0 0 2
3 3 0 0 0 2 1
4 1 2 3 0 0 0
40 2 0 3 0 1 0
4 3 0 0 1 2 0
3 0 0 0 0 1 2
1 3 0 1 2 0 0
1 2 5 4 6 1 3
3 2 3 0 0 1 0
1 1 6 4 2 5 3
2 1 0 3 4 2 5
1 3 1 5 4 6 2
1 1 4 3 6 2 5
1 3 0 2 4 0 1
1 6 4 5 1 3 2
1 1 4 2 3 6 5
1 4 6 3 2 1 5
1 5 3 2 0 1 4
1 5 6 2 4 1 3
1 6 1 5 4 3 2
1 5 1 4 3 2 6
2 3 0 2 0 0 1
1 2 4 3 0 1 0
3 3 0 1 0 0 2
2 3 6 2 1 5 4
5 1 0 3 0 0 2
1 5 6 4 2 3 1
2 1 3 5 4 6 2
1 1 6 4 5 2 3
2 0 0 0 2 0 1
2 3 6 2 4 5 1
14 2 0 0 0 1 0
1 0 0 3 2 1 4
8 0 0 0 0 0 1
1 2 6 3 4 5 1
6 0 0 0 3 1 2
3 1 0 0 0 0 2
1 3 6 4 5 2 1
1 2 6 4 5 1 3
1 2 0 3 4 1 5
4 0 0 0 2 1 3
21 0 0 1 0 0 0
2 4 0 3 2 1 0
5 2 0 3 0 1 4
1 2 0 1 3 4 0
2 2 3 1 0 0 0
1 6 4 2 1 3 5
9 1 0 0 0 2 3
1 1 2 4 6 5 3
3 2 1 3 4 5 6
1 4 0 2 5 1 3
3 2 0 3 0 0 1
1 6 3 1 5 4 2
2 4 0 2 0 1 3
5 0 3 0 0 1 2
1 3 1 0 4 2 0
1 0 2 3 0 1 0
7 2 0 3 1 0 0
3 0 0 0 3 2 1
1 4 2 0 3 1 0
1 2 3 1 5 4 6
2 1 6 2 4 5 3
1 1 3 2 4 6 5
2 2 3 6 5 1 4
1 4 6 3 5 1 2
1 5 1 6 4 2 3
2 3 2 4 1 6 5
1 1 0 3 4 2 0
9 3 2 0 1 0 0
2 2 0 1 0 4 3
2 4 6 2 5 1 3
1 1 3 4 0 2 0
1 3 1 5 6 2 4
1 4 6 2 3 5 1
3 1 0 0 2 3 0
1 5 1 3 4 6 2
1 4 6 2 3 1 5
3 2 0 1 0 0 0
5 2 1 0 3 0 0
1 0 2 0 1 3 0
1 3 5 2 4 1 6
1 0 2 0 0 0 1
5 1 0 3 2 0 0
1 2 1 3 6 4 5
1 2 0 4 3 1 0
1 1 5 4 0 2 3
1 4 2 3 0 1 5
1 1 6 4 3 2 5
4 2 0 0 1 0 3
1 4 3 1 6 2 5
1 2 4 3 6 1 5
1 1 6 5 3 2 4
6 1 3 0 2 0 0
1 1 2 0 0 3 0
1 4 5 2 3 1 0
2 3 6 1 4 5 2
7 0 1 0 2 3 0
1 5 6 4 2 1 3
1 2 0 1 4 3 0
1 1 5 3 6 2 4
4 0 0 1 2 3 0
1 6 3 1 2 5 4
1 1 0 3 0 4 2
2 2 0 3 5 1 4
2 2 1 3 0 0 0
7 1 3 2 0 0 0
1 6 1 5 4 2 3
10 2 1 0 0 0 0
1 5 4 3 2 1 6
2 2 0 0 0 0 1
13 2 0 0 3 1 0
1 4 3 5 2 1 0
1 0 5 3 2 1 4
5 0 0 3 1 0 2
2 0 0 1 2 0 3
37 3 0 2 0 1 0
6 3 1 0 2 0 0
2 1 0 0 2 0 3
3 0 2 0 0 1 3
1 1 6 2 3 4 5
1 5 2 6 1 4 3
1 0 0 0 0 2 1
5 3 1 0 0 2 0
2 1 2 0 3 0 0
12 1 0 2 0 0 0
1 1 0 0 3 0 2
1 6 1 3 5 2 4
1 3 0 0 2 4 1
1 6 4 3 2 1 5
3 0 1 0 0 3 2
1 5 6 3 1 4 2
1 3 0 0 2 0 1
2 1 2 0 3 0 4
20 2 0 0 0 1 3
