8 Loch a Tuath
3 5 178 1121
Donald Finlayson CRICHTON, Ind
John A MACIVER, SNP
Calum MACLEAN, Ind
Hazel Glenys MANSFIELD, Ind
Catriona MURRAY, Ind
4 1 4 2 0 3
46 2 0 1 0 3
5 1 2 3 5 4
3 5 1 2 4 3
3 3 2 1 5 4
6 0 1 2 3 0
12 1 3 0 0 2
2 1 4 3 5 2
7 0 0 2 3 1
3 2 1 4 5 3
1 4 3 1 0 2
1 2 1 3 0 4
1 0 2 1 3 0
3 1 2 3 4 5
3 0 0 1 3 2
2 1 4 5 3 2
9 1 0 2 3 0
1 4 2 3 1 5
1 3 4 1 0 2
3 1 3 4 5 2
39 1 0 3 0 2
4 0 2 0 0 1
2 3 5 1 4 2
5 2 5 1 4 3
1 4 0 3 1 2
1 1 2 0 4 3
1 4 1 5 3 2
7 2 3 1 5 4
38 1 0 0 0 0
5 0 2 1 0 0
1 2 4 3 1 0
1 2 3 4 5 1
2 1 2 4 0 3
2 0 1 0 2 0
1 0 3 2 0 1
1 0 3 2 1 0
2 3 4 1 5 2
1 0 0 3 1 2
1 5 1 4 2 3
2 1 3 5 4 2
1 0 0 0 2 1
1 2 4 1 3 0
1 3 5 4 2 1
1 2 1 3 4 0
2 3 1 4 0 2
1 0 0 0 1 2
3 2 3 5 4 1
27 1 0 0 0 2
1 0 3 1 2 0
1 5 3 4 1 2
39 0 1 0 0 0
24 3 0 1 0 2
1 5 4 1 3 2
11 0 0 0 0 1
2 4 1 2 0 3
1 4 3 2 0 1
8 0 1 0 3 2
2 3 1 2 5 4
1 4 1 5 2 3
7 2 1 3 4 5
6 1 2 4 5 3
5 1 4 3 0 2
7 0 1 2 0 3
1 5 1 4 3 2
8 0 1 3 0 2
16 1 2 0 0 0
3 0 2 0 1 0
3 0 3 0 1 2
1 4 3 2 5 1
3 1 5 4 3 2
2 0 3 0 2 1
2 2 3 0 1 0
6 1 5 2 4 3
6 1 0 0 2 0
1 2 5 4 3 1
2 0 2 1 0 3
1 1 2 5 3 4
12 0 0 0 1 0
2 3 4 2 0 1
9 0 1 2 0 0
1 4 2 1 3 0
2 3 2 1 0 4
1 4 1 2 3 5
14 0 1 0 0 2
1 2 0 0 1 0
2 2 1 3 5 4
3 0 0 3 2 1
8 1 0 0 3 2
10 1 4 2 5 3
1 3 2 0 0 1
2 4 2 1 0 3
1 1 4 0 3 2
3 4 2 3 5 1
3 0 0 2 0 1
7 3 0 0 2 1
1 5 4 3 2 1
92 1 0 2 0 3
15 2 1 0 0 3
1 3 0 2 1 0
4 0 0 1 0 2
18 3 1 2 0 0
1 4 5 3 2 1
1 4 2 1 5 3
10 2 0 1 3 0
1 4 2 5 3 1
36 1 2 3 0 0
30 2 0 3 0 1
2 3 0 1 2 0
2 4 3 1 5 2
4 2 3 0 0 1
1 0 1 4 2 3
5 0 3 1 0 2
1 4 5 1 3 2
1 1 0 4 2 3
1 2 1 5 4 3
3 1 3 2 0 4
1 3 2 4 5 1
1 3 4 5 2 1
13 2 0 0 0 1
3 1 4 3 2 5
1 5 2 4 3 1
9 3 1 4 5 2
2 2 5 1 3 4
2 3 4 2 5 1
1 3 1 2 0 4
26 0 0 1 0 0
18 2 3 1 0 0
1 2 5 4 1 3
2 1 2 3 0 4
2 2 0 3 1 0
2 3 1 2 4 5
1 3 4 0 2 1
1 1 0 3 4 2
2 3 2 0 1 0
1 1 3 4 0 2
2 4 1 0 2 3
7 1 0 0 2 3
4 1 5 2 3 4
2 4 5 1 2 3
33 2 0 1 0 0
2 2 1 4 0 3
2 2 1 0 3 0
2 0 2 0 1 3
1 1 0 3 2 0
6 2 4 1 5 3
1 2 4 1 0 3
1 5 3 4 2 1
1 0 1 2 4 3
1 4 1 2 3 0
14 1 2 0 0 3
3 4 1 2 5 3
1 4 5 2 3 1
4 0 1 0 2 3
14 3 2 1 0 0
2 2 3 1 4 5
4 0 0 1 2 3
31 1 3 2 0 0
30 2 1 3 0 0
12 2 1 0 0 0
6 4 1 3 5 2
1 2 0 0 3 1
2 2 3 1 0 4
4 1 3 2 5 4
2 1 0 2 3 4
11 3 0 2 0 1
3 3 5 4 1 2
3 3 1 0 2 0
2 1 3 0 4 2
4 1 2 0 3 0
35 1 0 2 0 0
9 3 1 0 0 2
2 2 4 3 5 1
1 0 1 2 3 4
1 5 2 1 3 4
7 1 3 2 4 5
1 3 5 2 4 1
2 3 1 5 4 2
3 3 2 1 4 5
