7 East Berwickshire
3 8 917 4238
James ANDERSON, Ind
Peter GUTHRIE, Grn
Carol HAMILTON, Con
Lynda JONES, Con
Raquel LLOYD-JONES, Ind
Aileen ORR, SNP
Edward Brownlie PRENTICE, SFP
Paul STIRTON, Lab
1 1 3 8 7 6 5 2 4
1 2 5 3 0 1 0 0 4
5 2 0 1 0 3 0 0 0
1 3 5 1 2 4 0 7 6
1 8 6 2 3 1 7 5 4
1 4 3 0 0 0 1 0 2
1 6 7 1 2 4 8 5 3
1 5 4 2 3 1 6 8 7
1 3 4 6 7 2 1 8 5
1 4 3 2 1 5 7 8 6
1 0 3 4 5 1 2 0 0
1 0 3 4 0 2 0 0 1
1 2 5 6 7 1 4 8 3
45 0 2 0 0 3 1 0 0
192 0 0 2 1 0 0 0 0
2 0 2 3 0 0 1 0 0
1 0 4 0 0 1 0 2 3
1 3 6 7 8 5 1 4 2
2 4 2 0 0 1 3 0 0
6 0 0 3 0 2 1 0 0
1 8 5 7 6 4 1 3 2
1 0 5 1 2 0 4 0 3
1 6 3 5 4 7 1 8 2
2 0 3 1 4 2 0 0 0
6 0 1 2 3 0 0 0 0
1 2 1 0 0 3 0 0 4
1 5 0 1 3 4 0 0 2
18 0 1 0 0 0 3 0 2
1 1 5 3 4 2 8 6 7
3 4 1 0 0 3 2 0 0
1 2 0 0 0 3 4 0 1
2 2 8 7 6 1 5 4 3
1 4 3 1 2 5 0 6 7
1 4 2 6 7 5 1 0 3
13 1 3 0 0 2 0 0 0
1 3 0 1 2 4 5 0 0
2 3 0 0 0 4 1 0 2
1 2 4 0 0 1 0 0 3
1 1 0 0 0 0 3 2 0
3 3 2 0 0 1 4 0 0
1 0 0 4 3 0 2 0 1
1 1 4 3 5 2 0 0 0
1 0 0 4 2 1 0 0 3
18 0 0 2 3 1 0 0 0
2 1 3 0 0 2 0 0 4
1 4 3 0 0 6 1 5 2
1 1 4 6 7 2 5 8 3
1 3 0 0 0 2 0 4 1
1 3 2 8 7 5 1 6 4
1 8 2 6 7 3 1 5 4
1 1 0 0 0 4 2 0 3
55 0 0 0 0 0 0 0 1
3 0 2 0 0 1 0 0 3
1 2 6 7 8 5 1 4 3
1 0 3 0 0 0 2 1 0
1 4 5 6 7 3 8 2 1
5 3 0 0 0 1 2 0 0
5 3 0 1 0 0 0 0 2
1 8 7 6 3 1 2 5 4
1 0 0 4 3 0 1 0 2
1 3 1 0 0 2 5 0 4
1 1 3 6 5 2 8 4 7
1 5 4 0 0 2 1 0 3
3 0 2 1 3 0 0 0 0
1 7 6 1 8 2 3 4 5
1 1 0 2 3 4 0 0 5
2 3 7 2 1 4 8 5 6
1 8 3 6 7 1 2 5 4
1 2 4 0 0 0 1 0 3
3 2 0 0 0 0 1 0 3
1 1 2 0 0 3 4 0 5
2 0 0 2 0 1 0 3 0
1 6 3 2 1 5 0 0 4
8 0 1 0 0 2 3 0 0
12 0 3 0 0 0 2 0 1
1 2 3 8 7 4 1 5 6
1 5 4 1 2 3 8 6 7
1 0 5 4 3 1 0 0 2
1 2 0 4 3 0 1 0 0
22 3 0 1 2 4 0 0 0
1 6 5 1 2 4 7 3 0
5 0 0 2 0 1 3 0 0
1 0 0 1 4 2 0 0 3
1 4 6 2 1 3 8 7 5
1 3 0 2 0 1 0 0 4
1 0 0 0 0 1 0 3 2
2 8 5 2 3 1 7 4 6
1 5 6 1 2 4 8 7 3
24 0 0 1 3 2 0 0 0
1 0 3 0 0 5 1 4 2
4 0 0 2 3 0 1 0 0
1 0 0 2 5 1 3 0 4
2 1 0 2 0 3 4 0 5
1 2 4 3 6 7 5 0 1
2 2 3 0 0 4 0 0 1
49 1 0 2 3 0 0 0 0
2 3 2 7 6 4 1 8 5
1 4 6 2 1 3 8 5 7
1 0 0 0 0 1 0 2 3
1 6 7 1 2 5 8 4 3
1 4 6 2 5 3 8 7 1
8 0 0 0 0 3 1 0 2
1 5 2 0 0 6 4 3 1
1 7 3 4 5 6 8 2 1
1 1 2 3 4 5 8 6 7
1 0 0 1 4 2 3 0 0
1 0 1 3 0 0 0 0 2
1 3 4 0 0 2 1 0 5
3 2 3 0 0 1 0 0 4
21 1 0 3 0 2 0 0 0
1 6 5 1 2 3 8 7 4
2 3 0 1 2 0 4 0 0
509 0 0 1 2 0 0 0 0
11 0 2 0 0 1 0 0 0
1 1 0 2 0 3 0 0 4
2 2 3 6 7 4 1 8 5
1 3 2 4 5 6 1 7 8
1 3 4 5 6 1 7 8 2
6 3 1 0 0 0 0 0 2
1 1 2 4 3 0 0 0 0
12 4 0 2 1 3 0 0 0
4 0 0 0 0 1 3 0 2
1 4 3 8 7 1 2 5 6
1 0 4 1 0 0 2 0 3
1 2 4 0 0 5 1 6 3
1 2 0 4 5 1 0 0 3
1 3 7 5 4 2 0 6 1
2 4 7 2 1 3 8 6 5
1 2 5 1 3 4 8 7 6
1 2 8 3 1 4 6 5 7
1 0 0 1 2 0 4 0 3
3 2 0 3 4 1 0 0 0
1 2 6 1 4 3 7 5 8
7 0 2 0 0 3 0 0 1
2 5 6 2 1 3 8 4 7
2 2 0 3 4 5 0 0 1
2 0 2 0 0 3 4 0 1
2 1 3 0 0 4 2 0 0
2 1 3 0 0 2 4 0 0
1 3 2 0 0 4 1 0 5
1 3 4 5 6 7 2 8 1
8 1 0 0 0 3 2 0 0
1 5 4 7 8 6 1 3 2
2 0 0 1 0 3 2 0 0
2 0 0 1 2 3 4 0 0
2 0 1 0 0 0 0 2 0
2 0 0 3 0 2 0 0 1
2 0 1 0 0 2 0 0 3
1 7 3 4 5 2 6 8 1
1 1 0 0 0 0 3 4 2
88 1 0 0 0 0 0 0 0
4 0 2 1 0 0 0 0 0
1 0 3 0 0 4 2 0 1
1 8 5 6 7 2 1 4 3
1 4 0 2 1 5 0 0 3
2 3 0 0 0 0 0 2 1
1 3 2 0 0 0 1 4 5
1 0 0 0 2 1 0 3 0
18 0 0 2 1 0 0 0 3
6 3 1 0 0 0 2 0 0
4 0 3 0 0 1 4 0 2
1 5 6 1 3 4 2 8 7
1 0 4 2 1 0 0 5 3
1 2 3 8 1 4 5 6 7
1 3 0 0 1 4 0 0 2
1 3 1 2 4 0 0 0 0
1 0 0 3 0 0 1 2 0
1 5 4 2 1 3 8 6 7
1 2 3 8 7 4 6 5 1
1 4 1 0 0 3 2 0 5
1 3 5 7 8 6 1 4 2
1 5 2 0 0 0 1 4 3
1 2 1 8 7 6 4 3 5
1 1 5 4 3 2 7 8 6
1 5 1 6 7 3 4 8 2
1 1 6 4 5 2 0 0 3
6 0 3 0 0 2 0 0 1
1 1 4 0 0 2 0 0 3
1 3 0 0 0 1 4 0 2
1 5 0 3 4 2 0 0 1
2 0 0 0 3 0 2 0 1
1 5 2 8 7 3 1 6 4
1 1 5 6 2 3 4 7 8
2 0 4 2 3 0 1 0 0
1 4 3 5 8 1 7 2 6
3 4 2 6 7 5 1 8 3
2 0 0 2 1 4 0 0 3
2 0 0 3 1 0 0 2 0
4 0 3 2 0 1 0 0 0
12 0 3 2 1 0 0 0 0
1 3 0 1 2 5 0 4 0
2 0 0 0 0 3 1 2 0
1 0 0 0 2 3 0 0 1
1 6 2 8 7 4 1 5 3
4 3 2 7 8 4 1 5 6
1 8 6 5 4 1 2 7 3
7 1 0 0 0 0 2 0 3
1 7 6 1 2 5 3 8 4
1 2 4 0 0 1 3 0 5
1 3 2 0 0 1 5 0 4
3 1 4 0 0 2 3 0 0
4 0 0 3 1 2 0 0 0
1 1 6 4 5 2 7 8 3
1 0 3 0 0 2 4 0 1
1 8 3 1 4 5 7 6 2
1 1 0 3 2 5 4 0 0
2 0 0 2 3 0 0 1 0
1 3 4 5 6 2 1 7 8
1 2 4 6 5 1 7 8 3
1 4 3 0 0 0 2 0 1
1 8 4 1 6 2 3 7 5
1 5 3 8 7 6 1 4 2
4 0 0 0 2 1 0 0 0
1 4 5 0 0 3 2 6 1
1 0 0 1 2 5 0 4 3
1 0 0 3 0 2 0 1 0
1 3 2 8 7 4 1 5 6
2 0 0 1 3 0 0 0 2
5 0 2 0 0 1 4 0 3
1 0 3 0 0 4 1 5 2
2 3 4 0 0 1 2 0 0
17 1 0 0 0 2 0 0 3
19 0 1 0 0 0 2 0 0
1 0 0 1 2 3 0 4 0
3 0 0 1 0 2 3 0 0
1 0 0 1 0 3 0 2 0
11 3 2 0 0 4 1 0 0
3 3 0 1 2 0 0 0 4
1 1 7 3 6 4 8 5 2
1 6 7 2 3 5 1 4 8
1 8 7 5 6 4 1 3 2
3 4 1 0 0 5 2 0 3
1 4 1 2 6 5 3 0 0
3 1 0 0 0 2 4 0 3
1 2 6 8 7 5 1 3 4
3 0 0 1 2 3 0 4 5
1 0 2 1 0 0 0 0 3
1 4 3 1 2 5 6 7 8
2 5 2 8 7 6 1 4 3
3 0 0 0 1 2 0 0 0
1 3 1 0 0 2 4 0 0
1 2 1 6 7 3 5 8 4
51 1 0 0 0 2 0 0 0
1 2 3 4 0 0 1 0 0
1 2 1 0 0 3 5 0 4
1 4 7 1 2 6 8 5 3
1 5 6 1 2 7 8 4 3
2 0 0 3 2 0 0 0 1
4 2 0 0 0 1 0 3 0
16 0 3 1 2 0 0 0 0
1 8 2 1 3 4 7 5 6
1 0 3 0 2 4 0 0 1
1 4 7 2 3 5 1 6 8
1 4 1 7 8 2 3 6 5
1 6 7 1 2 3 8 5 4
2 1 0 2 3 4 0 5 0
1 2 0 0 0 0 3 1 0
1 6 3 5 4 2 1 0 0
1 8 5 3 4 1 2 6 7
2 0 1 0 3 0 0 0 2
1 1 3 2 4 6 5 8 7
15 1 3 0 0 0 2 0 0
1 0 5 2 1 0 0 4 3
1 4 2 8 7 6 1 5 3
1 1 7 3 4 2 8 5 6
4 0 0 1 0 0 0 0 2
2 4 6 1 2 3 8 5 7
22 0 1 0 0 0 0 0 0
13 3 0 1 0 2 0 0 0
1 2 4 0 0 1 5 0 3
31 0 0 2 1 3 0 0 0
1 1 8 6 7 4 2 5 3
1 5 6 1 7 8 3 4 2
1 8 5 4 3 1 7 6 2
54 0 0 0 0 1 0 0 0
3 3 2 0 0 4 0 0 1
1 2 4 7 8 5 1 6 3
2 2 1 0 0 0 3 0 0
1 6 1 4 5 7 2 8 3
1 0 0 3 0 1 0 2 0
2 4 3 8 7 5 1 6 2
1 0 4 2 0 1 3 0 0
2 0 2 3 0 0 0 0 1
3 3 0 1 2 4 0 0 5
2 5 2 8 7 3 1 4 6
3 5 3 0 0 4 1 0 2
1 4 2 0 0 3 0 0 1
1 1 3 2 6 4 7 8 5
2 1 0 0 3 0 0 0 2
1 1 2 0 0 4 0 0 3
8 0 1 0 0 3 0 0 2
1 2 5 1 3 4 8 6 7
2 2 0 3 0 0 0 0 1
5 2 0 0 0 3 1 0 0
1 2 5 0 0 6 3 1 4
1 1 0 4 2 0 3 0 0
1 3 2 0 0 4 1 5 6
1 0 2 1 0 0 4 0 3
2 0 4 1 2 3 0 0 5
1 0 3 2 4 1 0 5 0
1 4 1 6 7 5 2 8 3
2 0 0 2 3 0 0 0 1
24 0 3 0 0 2 1 0 0
2 1 2 0 0 0 3 0 0
1 4 5 2 3 7 6 0 1
7 2 0 0 0 0 0 0 1
3 2 3 0 0 0 0 0 1
1 4 3 7 8 5 1 6 2
3 4 2 7 8 3 1 6 5
1 3 6 1 2 4 7 8 5
1 1 2 4 5 3 0 0 0
1 0 0 2 0 0 1 0 3
1 5 2 8 7 4 1 6 3
1 0 0 0 2 1 0 0 3
1 4 2 7 8 1 5 6 3
3 2 3 0 0 4 1 0 0
1 2 6 1 3 5 0 7 4
1 2 0 4 5 3 0 0 1
1 2 3 6 7 4 5 8 1
1 4 0 1 2 3 0 5 6
2 0 1 3 0 2 0 0 0
1 4 3 0 0 5 2 0 1
1 3 0 4 5 2 0 0 1
1 1 4 0 0 3 0 0 2
1 2 4 5 6 3 0 0 1
16 2 3 0 0 0 1 0 0
3 2 0 0 1 3 0 0 0
1 1 0 0 2 4 0 0 3
1 5 4 0 0 3 1 0 2
2 2 0 1 0 0 3 0 0
1 8 3 5 6 2 1 4 7
1 1 2 0 0 0 0 3 0
1 0 4 2 1 3 0 0 0
2 0 0 1 3 2 4 0 0
1 3 5 0 0 4 2 0 1
1 1 3 0 0 2 0 4 0
2 1 2 0 0 0 3 0 4
1 0 0 0 2 0 0 0 1
1 4 3 8 7 6 1 5 2
1 0 3 2 1 0 0 5 4
9 1 2 0 0 0 0 0 0
3 0 2 0 0 1 3 0 4
1 1 0 3 0 4 0 0 2
1 0 0 4 2 3 0 0 1
1 4 7 2 5 1 8 3 6
1 3 8 5 6 2 7 4 1
1 4 3 6 7 5 1 8 2
1 5 7 1 2 6 8 3 4
1 6 2 7 8 4 1 5 3
5 0 0 2 1 0 3 0 0
1 0 0 0 3 1 0 2 0
1 7 4 1 2 6 8 5 3
1 5 1 7 6 4 2 8 3
1 2 1 0 0 0 0 3 0
3 4 0 1 2 0 0 0 3
1 0 2 0 1 0 0 0 0
1 3 2 8 6 7 1 5 4
1 3 4 2 1 0 0 0 0
1 1 4 7 8 5 2 6 3
1 6 5 2 3 7 8 4 1
13 0 0 0 0 0 0 1 0
8 0 0 0 0 0 2 0 1
1 0 1 0 0 0 4 2 3
2 0 3 0 1 2 0 0 0
8 2 0 0 0 1 0 0 3
1 1 6 7 5 2 8 3 4
1 1 0 3 0 2 4 0 0
1 0 3 0 2 1 0 0 0
24 0 0 1 2 0 0 3 0
1 5 3 6 0 1 2 0 4
2 0 4 2 3 1 0 0 0
1 6 4 7 8 1 2 3 5
1 0 0 0 0 0 2 1 0
1 0 2 0 0 5 1 4 3
2 3 2 0 0 5 1 0 4
1 0 0 1 2 0 3 0 4
1 1 0 4 3 2 0 0 0
3 0 0 3 2 0 1 0 0
3 5 2 6 7 4 1 8 3
2 0 0 3 2 0 0 1 0
1 8 6 1 2 4 7 3 5
2 4 2 0 0 0 3 0 1
1 4 3 0 0 1 2 0 0
1 1 3 0 0 0 0 2 0
1 0 0 2 0 1 0 3 4
1 1 2 0 0 0 3 4 0
11 1 0 0 0 2 0 3 0
1 0 0 1 3 0 2 0 0
1 5 0 1 2 4 0 3 0
1 6 5 4 3 1 8 7 2
1 2 0 1 0 4 0 0 3
3 4 5 2 1 3 8 6 7
1 2 3 8 7 6 1 5 4
1 5 6 1 2 3 8 7 4
1 5 3 8 7 2 1 6 4
1 1 3 5 6 2 0 7 4
1 4 0 0 0 3 2 0 1
1 0 0 2 0 0 3 0 1
1 1 0 0 2 0 0 0 3
1 4 0 2 1 0 0 0 3
1 0 3 0 2 0 0 1 0
1 1 2 7 8 5 3 4 6
1 3 8 5 2 4 1 7 6
13 0 0 0 0 2 1 0 3
1 5 1 6 0 3 2 0 4
1 3 2 7 8 5 1 6 4
3 0 1 0 0 4 2 0 3
1 6 4 0 0 3 1 2 5
3 4 3 0 0 2 1 0 0
1 0 0 1 0 0 3 0 2
1 5 8 2 1 4 7 6 3
1 3 0 1 4 2 0 0 0
3 3 0 0 0 0 2 0 1
4 1 0 0 2 0 0 0 0
1 3 0 4 0 2 0 0 1
1 0 0 2 0 1 0 0 3
7 5 2 0 0 4 1 0 3
1 5 2 3 1 4 0 0 0
1 4 2 0 0 1 5 0 3
1 4 6 2 1 5 7 8 3
2 0 2 1 0 3 0 0 0
1 0 0 3 0 0 1 0 2
1 2 6 5 4 3 8 7 1
1 3 5 1 0 4 2 0 0
1 2 4 0 0 3 5 0 1
1 2 0 1 3 0 0 0 4
1 0 0 0 4 2 3 0 1
1 8 5 3 4 7 1 2 6
1 2 1 4 3 5 8 6 7
1 3 1 0 0 0 4 0 2
2 0 3 0 0 0 0 2 1
6 0 2 0 0 0 1 3 0
2 4 7 1 2 3 8 6 5
1 4 5 1 2 6 8 3 7
1 2 0 0 0 3 0 1 0
1 0 2 3 0 1 4 5 0
1 8 7 1 2 3 6 5 4
2 0 0 1 2 3 0 0 4
1 6 4 1 2 5 3 0 0
4 0 1 0 0 2 3 0 4
1 1 0 4 5 2 0 3 0
8 0 0 0 1 0 0 0 0
1 2 4 1 0 0 3 0 0
1 4 3 2 1 0 0 0 5
1 2 3 8 7 1 5 6 4
11 3 0 2 1 4 0 0 0
2 1 2 0 0 0 0 0 3
2 0 0 0 0 0 1 2 0
2 6 7 1 2 3 8 4 5
1 0 3 4 0 1 2 0 0
4 0 0 2 0 3 1 0 0
2 3 7 1 2 4 8 5 6
1 5 0 4 2 0 1 0 3
1 3 5 0 0 2 1 0 4
2 0 1 2 0 0 0 0 0
1 5 2 0 0 4 1 6 3
2 4 0 1 2 0 0 3 0
1 1 6 3 5 2 8 7 4
1 1 5 2 0 3 0 0 4
1 2 5 4 6 1 8 7 3
2 2 0 0 0 1 0 4 3
2 0 0 2 3 1 4 0 0
3 1 0 0 0 0 0 2 0
3 2 3 0 0 1 4 0 0
1 0 0 3 0 0 0 2 1
1 4 5 1 2 6 0 0 3
1 3 2 7 6 1 8 5 4
1 1 4 6 7 3 5 8 2
27 0 1 0 0 0 2 0 3
5 0 1 0 0 2 0 0 0
1 2 1 0 0 3 4 0 0
1 2 0 0 1 0 0 0 0
1 6 2 7 8 3 1 5 4
1 1 6 4 5 2 8 7 3
6 1 0 2 0 0 3 0 0
1 7 5 2 0 1 4 6 3
1 3 0 0 0 1 0 2 0
4 0 0 3 2 1 0 0 0
1 8 4 2 5 3 1 7 6
1 4 1 8 7 5 2 6 3
1 4 5 1 2 6 7 0 3
1 3 4 2 1 8 7 5 6
3 4 3 0 0 5 1 0 2
1 3 1 0 0 4 2 0 0
6 1 0 0 3 2 0 0 0
6 3 2 0 0 1 0 0 0
1 3 2 6 7 4 1 8 5
1 6 7 2 1 4 8 5 3
1 3 7 1 2 4 8 6 5
1 1 3 0 0 6 5 2 4
1 8 2 5 6 1 4 7 3
1 2 6 1 3 4 8 7 5
2 0 0 2 0 3 0 0 1
1 0 2 0 3 0 1 0 0
2 4 0 2 3 1 0 0 0
1 1 3 0 0 2 4 0 5
1 3 0 1 2 6 0 5 4
3 3 4 1 2 0 0 0 0
1 5 0 2 1 6 7 3 4
17 0 0 2 0 1 0 0 0
1 5 0 0 0 4 1 3 2
1 3 5 1 2 4 6 7 8
4 3 6 2 1 4 8 7 5
2 4 1 0 0 0 3 0 2
1 3 0 0 2 1 0 0 0
1 0 2 0 3 0 0 0 1
1 8 7 3 4 1 5 6 2
1 3 0 0 1 0 0 0 2
1 4 3 0 0 2 1 0 5
2 2 0 0 0 1 3 0 4
4 3 4 0 0 2 1 0 0
1 0 1 3 0 2 4 0 0
1 4 7 1 2 5 8 3 6
1 3 0 4 1 2 0 0 0
1 2 5 7 8 3 1 4 6
2 0 2 0 0 0 1 4 3
2 4 2 0 0 1 3 0 5
1 2 3 7 6 5 1 8 4
3 0 0 3 0 1 2 0 0
1 0 3 1 0 0 0 2 0
1 5 4 2 1 3 8 7 6
1 0 0 1 2 4 3 0 0
5 0 0 2 0 0 1 0 0
1 3 4 1 2 5 8 6 7
5 3 2 8 7 4 1 6 5
1 2 7 5 4 1 8 6 3
1 3 1 0 0 0 2 0 4
18 1 0 2 0 3 0 0 0
1 2 1 3 4 5 8 6 7
2 1 3 0 0 0 0 0 2
1 1 5 7 6 3 2 8 4
27 3 0 2 1 0 0 0 0
2 1 0 0 0 3 0 2 0
21 4 0 1 2 3 0 0 0
8 2 1 0 0 3 0 0 0
1 5 8 1 3 2 4 7 6
1 0 3 1 0 2 4 0 0
1 1 3 5 6 4 7 8 2
3 1 0 2 0 0 0 0 3
20 0 0 1 0 2 0 0 0
3 0 3 0 0 4 1 0 2
2 1 3 0 0 4 2 0 5
1 4 2 8 5 6 1 7 3
1 3 0 4 2 1 0 0 0
2 1 0 2 3 0 0 4 0
1 8 2 7 6 3 1 5 4
1 1 3 8 4 5 6 7 2
1 3 1 2 0 0 0 0 0
1 5 0 2 1 6 0 3 4
1 6 2 7 5 3 1 4 8
1 0 0 2 1 3 4 0 0
1 3 1 6 7 2 4 8 5
1 4 7 3 2 6 8 5 1
2 5 0 1 2 4 0 0 3
1 0 1 0 0 5 3 4 2
1 5 2 6 8 3 7 4 1
8 0 0 0 0 1 2 0 3
6 0 0 0 0 3 2 0 1
1 0 2 0 0 3 1 4 5
1 7 1 5 6 4 3 8 2
4 0 0 1 0 2 0 0 3
4 0 0 2 0 0 0 0 1
1 2 3 8 7 5 1 4 6
1 4 3 5 6 1 2 7 8
1 2 3 0 0 1 4 0 5
1 3 2 5 0 1 6 0 4
1 8 4 1 2 7 6 5 3
11 2 0 1 3 0 0 0 0
1 2 1 0 0 0 0 0 3
1 1 2 7 8 5 3 6 4
9 3 0 0 0 2 1 0 0
4 0 0 1 0 0 2 0 0
1 6 3 0 0 2 1 5 4
2 0 0 1 0 3 0 0 2
2 1 2 3 0 0 0 0 0
1 2 0 0 0 3 4 1 0
11 2 0 3 0 1 0 0 0
1 2 4 3 6 1 7 8 5
1 3 0 0 1 2 0 0 0
1 8 3 1 7 2 4 6 5
114 3 0 1 2 0 0 0 0
19 0 0 0 0 1 2 0 0
1 8 5 6 7 1 2 4 3
2 1 0 0 0 0 2 3 0
1 1 5 0 0 3 2 0 4
1 4 2 6 7 5 3 8 1
1 4 0 3 0 2 0 0 1
1 3 0 1 2 4 0 5 6
1 3 4 8 7 6 2 1 5
14 2 3 0 0 1 0 0 0
1 0 4 0 0 0 1 2 3
1 0 2 3 0 1 4 0 5
3 0 3 1 0 2 0 0 0
38 0 3 0 0 0 1 0 2
1 0 2 0 0 0 1 3 4
1 2 0 1 4 0 3 0 0
1 3 1 0 0 2 0 0 4
1 1 5 7 8 2 6 4 3
1 1 0 4 2 3 0 0 0
1 4 5 2 1 3 7 8 6
3 0 0 1 2 4 0 0 3
2 3 2 0 0 0 0 0 1
1 2 1 7 6 3 4 8 5
1 5 1 6 7 3 2 8 4
1 0 0 0 0 3 0 2 1
2 0 0 0 0 0 2 3 1
78 0 0 1 2 0 0 0 3
5 3 2 0 0 0 1 0 4
2 0 3 0 1 0 0 0 2
3 2 4 5 6 1 7 8 3
1 0 0 1 3 0 4 0 2
5 5 7 1 2 4 8 6 3
1 0 4 3 0 2 1 0 0
1 6 5 2 1 3 0 4 0
1 4 3 7 6 1 5 8 2
80 0 2 0 0 0 1 0 3
2 6 2 8 7 3 1 5 4
1 3 0 2 0 0 1 0 0
1 0 5 2 3 0 1 0 4
1 8 2 5 4 7 1 6 3
1 1 2 7 8 3 4 5 6
1 7 4 1 2 3 6 5 8
1 8 7 3 2 1 5 4 6
1 3 0 1 0 0 2 0 0
1 3 4 0 0 2 1 5 0
1 6 5 1 2 4 8 7 3
1 4 1 0 0 2 0 0 3
1 1 3 0 0 4 2 5 6
1 4 3 2 1 5 6 7 8
3 1 0 3 0 0 2 0 0
1 8 7 4 5 1 2 6 3
2 0 0 0 3 0 1 0 2
1 0 2 0 0 0 4 1 3
1 4 2 8 7 3 1 5 6
1 1 5 0 0 4 2 6 3
1 0 0 0 2 0 0 3 1
1 1 2 6 7 3 8 4 5
1 0 0 0 2 0 1 0 0
1 6 2 7 8 5 1 4 3
2 0 0 1 0 2 0 3 0
1 5 2 0 0 3 1 0 4
2 4 3 0 0 5 1 6 2
4 0 3 0 0 1 2 0 4
1 4 1 8 6 2 3 7 5
2 3 2 7 8 4 1 6 5
34 2 0 0 0 1 0 0 0
1 1 2 0 0 4 3 0 0
1 4 3 1 2 5 8 7 6
1 4 1 0 0 2 3 0 5
129 0 0 0 0 0 1 0 0
1 4 0 2 3 1 0 0 5
2 4 7 1 2 3 8 5 6
1 1 0 3 0 2 0 4 0
1 8 7 6 5 1 4 2 3
1 4 0 1 3 2 0 0 5
1 1 0 2 0 3 0 4 0
2 4 2 0 0 0 1 0 3
4 4 7 2 1 5 8 6 3
26 1 0 0 0 0 2 0 0
1 0 2 3 0 1 5 0 4
1 2 8 3 6 1 7 4 5
1 4 3 0 0 2 1 5 0
1 0 1 4 3 5 2 6 7
2 4 5 1 2 3 8 6 7
1 3 5 7 6 1 4 0 2
2 0 0 0 2 1 3 0 0
1 2 1 7 8 3 4 5 6
1 1 6 2 3 4 5 7 8
65 0 0 1 0 0 0 0 0
1 4 0 3 2 1 0 0 0
2 1 4 0 0 5 2 0 3
1 1 7 2 4 3 8 6 5
1 5 0 1 2 4 3 6 7
1 4 1 0 0 2 3 0 0
1 5 2 1 3 4 8 7 6
1 2 0 1 3 4 0 0 0
1 0 3 2 1 4 0 0 0
1 1 7 6 5 2 8 3 4
11 0 3 0 0 1 0 0 2
1 2 0 0 3 0 0 0 1
3 5 0 1 2 3 0 0 4
1 4 2 7 6 3 1 8 5
2 0 0 0 0 1 2 3 0
1 3 2 5 6 4 7 8 1
1 2 3 1 0 0 0 0 0
22 3 2 0 0 0 1 0 0
5 0 3 2 0 0 1 0 0
1 0 2 1 0 0 0 3 0
1 2 8 1 3 4 5 6 7
17 1 0 0 0 2 3 0 0
6 4 2 0 0 3 1 0 5
3 4 0 1 3 2 0 0 0
1 8 3 1 2 4 7 6 5
1 4 5 2 1 6 8 3 7
2 0 4 1 2 3 0 0 0
1 4 6 2 3 5 8 7 1
3 2 0 3 0 0 1 0 0
1 4 0 2 3 0 0 0 1
3 0 4 0 0 2 1 0 3
1 8 3 6 7 1 5 2 4
1 0 0 3 2 0 4 1 0
1 5 1 0 0 3 2 0 4
1 2 8 4 3 1 5 7 6
10 0 3 0 0 1 2 0 0
1 3 6 8 7 1 4 5 2
1 8 4 2 3 1 7 5 6
1 0 5 1 3 2 4 7 6
1 0 0 0 0 2 1 3 0
1 0 0 1 2 4 0 3 0
1 6 5 2 3 4 0 7 1
1 1 6 3 4 2 8 7 5
1 0 0 3 2 0 0 1 4
1 0 1 3 4 0 0 2 0
1 3 0 1 2 4 0 5 0
1 8 7 3 4 1 2 5 6
2 3 6 1 2 4 8 5 7
1 0 2 3 0 1 4 0 0
1 6 2 3 5 4 7 8 1
1 4 1 5 6 3 2 7 8
1 0 3 0 4 5 1 0 2
1 4 1 6 7 3 2 5 8
1 1 5 4 2 6 7 8 3
1 3 0 0 0 2 4 0 1
1 0 0 0 3 2 1 0 0
2 2 0 3 1 0 0 0 0
1 3 5 1 2 4 6 8 7
29 0 0 0 0 0 1 0 2
3 4 2 7 8 5 1 6 3
10 0 1 0 0 0 0 0 2
2 3 5 8 7 2 1 6 4
2 4 0 1 2 3 0 0 5
1 2 3 7 6 1 8 5 4
11 0 2 0 0 3 1 0 4
1 0 5 4 3 0 1 2 6
2 5 2 7 6 3 1 8 4
1 6 7 2 1 3 8 5 4
2 0 4 0 0 1 2 0 3
1 0 0 0 1 3 0 0 2
2 4 3 2 1 5 8 6 7
2 0 3 1 2 0 0 0 4
1 5 7 2 3 4 8 6 1
1 3 6 4 5 1 8 2 7
4 4 2 8 7 5 1 6 3
1 8 5 2 3 1 4 6 7
24 3 0 0 0 2 0 0 1
5 1 0 3 4 2 0 0 0
1 8 7 1 2 6 5 4 3
1 1 3 8 7 4 2 5 6
1 3 0 0 0 2 0 1 0
10 0 0 0 0 1 0 0 2
1 0 0 2 1 3 0 0 4
1 1 7 3 4 2 8 6 5
1 2 0 0 0 3 1 0 4
2 1 5 0 0 2 3 0 4
1 3 4 7 8 5 2 6 1
1 3 8 1 2 4 7 5 6
1 1 0 0 2 3 0 0 0
8 1 0 0 0 3 0 0 2
1 4 2 8 7 3 1 6 5
1 0 3 0 0 0 1 4 2
1 2 1 7 8 3 5 4 6
22 2 0 1 0 0 0 0 0
3 4 0 1 2 5 0 3 0
1 3 2 0 0 1 0 0 4
1 1 5 2 4 3 8 6 7
1 1 5 8 7 2 6 4 3
1 4 2 6 7 1 3 8 5
5 0 1 0 0 3 2 0 4
2 0 4 0 0 1 2 3 0
1 1 2 0 0 3 0 0 4
125 0 2 0 0 0 1 0 0
1 2 4 0 0 1 3 0 0
2 5 6 2 1 3 8 7 4
1 6 0 1 2 5 0 4 3
1 2 0 4 0 1 0 0 3
7 1 0 0 0 0 0 0 2
4 1 0 3 2 0 0 0 0
2 2 0 4 3 1 0 0 0
1 3 0 1 6 2 0 4 5
1 1 8 2 7 3 6 4 5
1 3 5 0 0 1 4 0 2
1 3 0 0 0 4 2 0 1
1 0 2 0 0 3 1 4 0
1 1 8 2 5 3 6 4 7
2 1 4 0 0 2 3 0 5
1 4 7 3 2 6 1 5 8
1 0 0 1 2 0 0 4 3
9 3 0 0 0 0 1 0 2
1 2 7 4 5 1 8 6 3
1 0 0 2 3 4 1 0 0
1 8 1 7 6 2 3 4 5
1 1 5 2 3 4 6 7 8
1 4 0 2 1 5 0 6 3
1 5 4 8 7 3 1 6 2
1 5 2 6 7 3 1 8 4
1 7 5 3 1 4 2 6 8
1 4 3 1 2 5 8 6 7
1 7 8 1 2 3 6 4 5
1 5 7 1 2 3 8 4 6
5 0 0 0 0 2 3 0 1
1 4 0 0 0 1 0 2 3
1 0 3 0 2 0 0 0 1
11 1 2 0 0 3 0 0 0
1 0 1 0 2 3 0 0 0
19 2 0 0 0 3 0 0 1
1 1 4 0 0 2 0 3 0
3 0 3 1 2 4 0 0 0
4 0 2 0 0 0 0 3 1
1 3 0 1 0 4 0 0 2
1 8 3 7 6 1 2 5 4
1 4 3 7 8 2 6 5 1
1 4 3 0 0 0 1 5 2
1 2 3 4 5 8 1 6 7
1 0 2 0 0 1 0 3 0
2 6 0 1 2 4 0 3 5
1 3 4 2 1 5 8 6 7
1 4 2 3 0 1 0 0 0
2 0 5 3 4 2 0 0 1
2 0 0 0 0 2 0 1 0
1 3 4 0 0 1 5 0 2
1 5 7 1 2 4 6 8 3
7 4 2 0 0 3 1 0 0
4 0 0 1 3 0 0 2 0
1 3 2 6 7 1 8 5 4
1 0 3 1 2 0 0 4 0
1 0 0 2 0 0 0 1 3
133 0 0 1 2 3 0 0 0
1 4 0 3 2 0 1 0 0
2 5 3 1 2 4 0 0 0
1 1 3 0 0 2 5 0 4
1 5 2 6 7 1 3 4 8
1 5 6 1 2 3 7 8 4
5 0 2 0 0 4 1 0 3
1 0 2 0 4 1 0 3 0
1 1 3 2 0 0 0 0 0
1 2 1 3 0 0 0 0 0
1 3 1 0 0 4 2 0 5
1 5 0 2 1 4 0 0 3
1 0 3 0 0 1 0 2 0
1 1 2 6 7 3 5 8 4
16 2 0 0 0 0 1 0 0
1 1 8 2 3 4 7 6 5
1 3 7 2 6 1 5 8 4
1 6 5 4 2 7 8 3 1
1 2 1 0 0 0 0 0 0
1 0 4 0 0 3 1 0 2
2 4 2 6 7 3 1 8 5
2 2 0 0 3 1 0 0 0
2 3 5 1 2 4 0 0 0
1 1 0 3 4 2 0 5 0
1 4 5 1 2 3 7 6 8
5 0 3 0 0 2 1 0 4
1 8 4 2 5 1 3 6 7
1 4 2 7 8 5 1 3 6
1 5 6 2 1 4 3 7 8
1 3 5 1 2 4 8 6 7
11 0 0 1 2 0 3 0 0
6 1 0 2 3 4 0 0 0
1 2 0 3 0 4 1 0 5
1 4 7 1 2 5 8 6 3
1 1 8 2 3 4 5 6 7
3 5 2 7 8 4 1 6 3
1 7 8 4 5 6 1 2 3
13 0 2 0 0 0 0 0 1
1 6 2 1 4 3 0 7 5
1 0 3 2 4 1 0 0 5
3 3 4 0 0 2 0 0 1
1 0 2 0 0 4 3 0 1
1 3 2 8 7 4 6 5 1
1 5 2 7 8 6 1 4 3
1 2 3 0 0 4 1 5 0
13 0 2 0 0 1 3 0 0
22 0 0 0 0 2 1 0 0
1 0 0 0 1 0 0 3 2
3 1 4 0 0 3 2 0 0
1 8 7 1 2 4 3 6 5
14 1 0 2 0 0 0 0 0
4 3 1 0 0 2 0 0 0
1 1 0 0 3 0 2 0 0
1 6 3 4 5 1 7 8 2
1 4 3 8 7 2 1 6 5
3 0 0 3 4 2 0 0 1
9 0 2 0 0 0 3 0 1
1 0 2 3 7 1 4 6 5
2 0 0 0 0 0 1 3 2
1 0 1 2 3 4 0 0 0
1 3 1 6 8 2 4 7 5
1 2 1 7 6 5 4 8 3
1 2 1 7 8 4 3 6 5
1 1 0 4 0 2 0 0 3
4 4 0 1 2 5 0 0 3
1 8 7 1 2 6 3 4 5
1 2 3 7 8 4 1 6 5
1 2 0 1 4 3 0 5 6
9 0 1 0 0 3 2 0 0
1 2 6 7 8 5 3 4 1
1 0 0 3 0 1 0 0 2
4 0 0 1 0 0 0 2 0
6 0 0 0 0 2 0 0 1
2 2 0 0 0 0 0 3 1
1 0 1 2 3 0 4 0 0
1 2 3 6 7 1 5 8 4
1 4 1 0 0 3 2 6 5
1 3 5 2 1 4 8 6 7
1 3 2 6 5 0 1 7 4
1 5 1 0 0 4 3 0 2
9 2 0 0 0 1 3 0 0
1 1 3 2 4 8 5 6 7
7 0 0 2 1 0 0 3 0
1 3 2 4 5 6 1 8 7
1 8 5 1 2 3 7 6 4
2 6 5 1 2 7 8 3 4
7 4 2 0 0 5 1 0 3
1 6 2 7 8 3 1 4 5
10 3 0 0 0 1 0 0 2
1 1 4 5 0 3 2 0 0
1 0 4 0 0 1 3 0 2
