8 Kelso and District
3 7 538 3920
Wilson GEORGE, Lab
Shelagh KING, Grn
Kenryck LLOYD-JONES, Lab
Simon MOUNTFORD, Con
Euan Macfarlane ROBSON, SLD
Sunny SMITH, Van
Tom WEATHERSTON, Con
8 1 4 2 0 3 0 0
3 4 6 5 2 1 7 3
1 4 0 5 3 2 0 1
1 1 7 2 3 4 6 5
11 2 0 1 0 3 0 0
1 0 2 0 1 3 0 4
1 7 5 6 2 1 3 4
2 0 1 0 0 3 0 2
4 0 1 0 2 0 0 3
2 2 6 5 4 1 7 3
2 4 7 6 1 2 5 3
1 0 3 4 5 2 0 1
1 2 4 3 6 1 7 5
1 2 0 0 3 1 0 4
3 0 2 0 0 3 1 0
1 0 0 2 1 0 0 0
1 1 5 2 0 3 4 6
1 4 5 3 7 2 6 1
1 5 1 4 2 3 7 6
1 7 5 6 2 1 4 3
1 2 4 1 5 0 3 6
3 3 0 2 0 1 4 0
2 2 5 3 6 1 4 7
5 1 4 2 0 3 5 0
2 6 5 7 1 2 4 3
1 5 4 0 1 3 6 2
1 3 1 2 6 4 7 5
1 0 0 0 1 2 3 4
2 4 2 3 5 1 7 6
4 4 6 5 2 3 7 1
1 4 3 5 2 1 7 6
3 4 0 5 3 1 0 2
1 1 6 2 5 4 7 3
11 3 0 0 2 0 0 1
1 3 0 4 0 2 1 0
3 1 3 0 0 2 0 0
2 0 0 4 2 3 0 1
4 2 1 3 0 4 5 0
1 3 2 0 0 1 4 0
4 0 0 2 3 1 0 0
1 5 4 6 1 7 3 2
4 5 4 6 3 1 7 2
2 4 1 3 0 2 5 0
1 0 1 0 3 0 2 0
2 6 4 5 1 3 7 2
1 0 2 0 3 0 0 1
3 0 0 0 0 1 3 2
3 2 1 3 5 4 7 6
1 0 3 0 0 0 2 1
1 3 6 2 4 1 7 5
21 2 1 3 0 4 0 0
1 1 2 3 5 6 4 7
1 1 6 2 4 3 7 5
1 7 6 5 2 1 4 3
1 0 0 5 2 3 4 1
1 3 4 5 6 1 7 2
1 3 0 1 0 2 0 4
3 0 0 2 0 1 0 3
1 5 7 6 2 1 4 3
1 3 2 0 0 0 0 1
16 0 1 0 0 2 3 0
1 0 0 0 1 0 2 3
1 5 0 4 3 1 0 2
1 4 2 5 3 1 7 6
1 3 2 4 0 1 0 5
3 4 7 5 3 1 6 2
1 6 4 7 1 3 5 2
9 0 4 0 3 1 0 2
1 1 2 3 6 4 5 7
1 0 0 2 0 1 3 0
1 4 3 1 5 2 6 7
1 1 0 2 4 3 0 0
1 4 5 6 3 1 7 2
2 5 7 6 1 3 4 2
1 4 5 6 3 2 7 1
1 1 4 3 0 2 5 0
1 5 0 2 3 1 0 4
1 4 2 5 6 1 0 3
2 4 2 3 7 1 5 6
1 1 2 3 4 5 6 7
3 1 0 2 3 0 0 0
1 3 6 1 4 5 7 2
1 3 4 1 0 2 0 0
1 3 6 5 2 4 7 1
1 5 0 4 1 2 0 3
1 3 5 4 2 1 6 7
1 1 6 2 3 5 7 4
1 2 3 1 0 5 4 0
12 1 0 3 0 2 0 0
2 3 0 4 1 5 0 2
1 6 4 5 2 3 0 1
88 0 2 0 0 1 0 0
2 1 3 2 7 4 5 6
1 6 5 4 3 2 0 1
1 0 1 4 0 3 2 0
1 0 0 1 2 0 0 0
1 7 4 6 3 2 5 1
1 2 3 4 7 1 5 6
1 2 1 5 4 3 6 7
1 4 0 3 1 2 0 0
1 5 6 7 1 3 4 2
1 2 3 1 0 4 5 0
1 1 2 0 4 3 0 0
1 7 5 4 2 3 6 1
1 4 1 5 7 2 3 6
1 2 7 3 5 1 6 4
1 3 2 0 0 1 0 4
4 0 4 0 2 1 0 3
1 0 1 0 3 2 0 4
1 1 2 0 6 3 4 5
1 3 4 6 2 7 5 1
1 1 0 0 0 3 2 0
1 1 3 2 0 0 4 0
1 4 5 3 2 6 7 1
24 0 0 0 2 0 3 1
82 0 0 0 2 1 0 3
19 1 0 0 0 0 0 0
1 1 6 2 4 3 0 5
1 4 1 2 3 6 7 5
1 0 0 3 0 2 4 1
2 1 3 2 6 5 4 7
1 3 1 0 0 0 2 0
1 2 3 4 5 1 6 7
1 4 6 3 2 5 7 1
3 1 6 2 5 3 7 4
1 2 3 4 5 1 0 0
1 5 7 6 2 3 4 1
1 0 0 0 4 2 3 1
5 3 1 4 7 2 5 6
1 0 2 0 0 1 3 4
1 5 6 4 1 2 7 3
1 2 3 1 6 5 4 7
2 0 1 0 2 0 0 0
2 1 2 4 0 3 0 0
1 4 0 3 0 1 2 0
35 3 2 4 0 1 0 0
1 0 0 0 1 2 3 0
1 0 0 3 1 0 0 2
1 0 3 4 1 0 0 2
7 0 3 2 0 1 0 0
1 4 0 0 2 3 0 1
83 0 0 0 3 2 0 1
2 0 0 3 1 2 0 0
5 0 0 0 2 3 4 1
1 4 1 5 7 3 2 6
1 3 1 4 5 6 7 2
1 3 5 4 0 1 2 0
19 0 0 0 2 1 0 0
4 0 0 3 0 2 0 1
2 3 1 4 0 2 5 0
1 2 1 3 5 4 0 6
10 0 1 0 0 0 2 0
1 2 4 1 3 0 0 0
3 5 0 4 1 3 0 2
6 4 1 5 6 3 2 7
1 5 1 4 7 2 3 6
1 4 0 5 1 2 0 3
4 2 0 3 4 1 0 5
3 5 6 4 3 1 7 2
2 1 4 2 7 3 5 6
27 3 1 4 0 2 0 0
1 3 4 5 2 6 7 1
2 4 0 3 2 0 0 1
16 0 0 0 1 2 0 0
3 3 6 4 1 5 7 2
1 5 0 3 1 2 0 4
1 1 2 5 6 4 3 7
1 4 6 5 7 1 3 2
1 3 2 4 6 1 7 5
8 1 0 0 0 2 0 0
2 2 0 5 4 1 0 3
243 0 0 0 1 3 0 2
6 2 0 0 0 1 0 3
1 4 6 3 2 7 5 1
1 3 1 4 7 5 6 2
1 2 1 3 7 4 5 6
1 5 1 4 6 3 2 7
122 0 1 0 0 0 0 0
5 1 0 2 0 0 0 3
1 4 0 2 0 1 0 3
3 4 0 0 2 1 0 3
3 3 0 1 0 2 0 0
10 4 0 5 2 3 0 1
2 2 0 3 0 1 0 4
1 0 0 2 1 3 0 0
195 0 0 0 0 1 0 0
1 3 0 0 4 2 0 1
1 2 1 0 0 0 3 0
1 0 4 2 0 1 3 0
2 0 0 3 0 1 0 2
1 4 6 5 1 3 0 2
1 6 5 7 1 3 4 2
1 1 4 3 7 2 6 5
3 4 3 2 0 1 0 0
1 7 6 4 2 1 5 3
1 4 1 2 0 3 0 0
3 5 0 4 2 3 0 1
2 4 3 2 7 1 5 6
5 2 3 4 0 1 0 0
1 3 4 5 7 2 6 1
1 2 1 3 0 4 0 5
2 4 0 0 1 3 0 2
1 5 3 4 1 6 7 2
361 0 0 0 1 0 0 2
7 0 3 0 0 2 0 1
1 5 2 4 6 1 3 7
1 4 7 5 2 3 6 1
4 3 2 4 6 1 5 7
1 5 6 0 1 3 4 2
1 5 4 3 6 1 2 7
1 4 3 5 0 1 0 2
55 0 0 0 1 2 0 3
4 0 1 2 0 3 0 0
15 0 1 3 0 2 0 0
1 4 0 6 1 3 5 2
5 4 6 5 1 3 7 2
1 4 0 0 3 2 0 1
1 1 2 0 0 0 0 3
1 0 3 2 0 1 0 4
1 7 4 6 1 2 5 3
1 2 7 1 3 4 5 6
3 1 2 0 0 0 0 0
20 4 1 3 0 2 0 0
1 2 4 3 5 1 7 6
1 0 0 0 1 2 4 3
121 0 0 0 3 1 0 2
1 5 1 4 6 2 3 7
1 2 6 5 3 1 7 4
1 2 1 0 0 0 0 3
2 0 2 0 1 0 0 0
61 0 0 0 0 0 0 1
5 0 3 0 1 2 0 0
5 0 3 0 2 1 0 0
2 3 5 4 2 6 7 1
2 2 3 0 1 0 0 0
6 0 0 3 2 0 0 1
1 3 0 0 2 4 0 1
1 1 2 0 0 0 3 4
1 4 0 5 1 3 0 2
2 5 0 4 3 2 0 1
1 1 0 0 0 2 0 3
1 4 3 5 7 1 6 2
1 7 4 6 2 1 5 3
8 3 0 4 2 0 0 1
13 0 3 0 2 0 0 1
2 3 6 4 2 5 7 1
1 4 0 3 2 5 0 1
1 7 3 6 2 4 5 1
1 5 6 4 1 3 7 2
1 4 1 3 6 2 7 5
2 6 5 7 4 1 3 2
1 4 3 5 7 2 6 1
8 0 2 0 3 1 0 0
1 1 4 2 6 5 3 7
6 2 0 0 0 3 0 1
1 5 2 6 3 4 7 1
1 2 5 6 3 1 7 4
47 0 0 0 1 0 0 0
11 3 4 2 0 1 0 0
5 3 2 4 0 1 5 0
1 2 4 1 0 0 3 0
2 4 7 5 1 3 6 2
1 1 2 3 4 5 0 6
1 3 6 5 1 2 7 4
1 0 0 1 2 3 5 4
2 5 7 4 3 2 6 1
1 4 7 3 2 6 5 1
1 0 3 0 4 2 0 1
3 0 1 2 0 0 0 0
2 3 2 4 7 1 5 6
1 3 2 1 0 4 0 0
1 2 3 5 7 1 6 4
1 4 3 6 5 2 7 1
1 3 4 0 1 0 0 2
1 5 2 6 4 1 7 3
84 0 1 0 0 2 0 0
3 2 0 0 1 0 0 0
1 6 5 4 3 1 7 2
1 1 2 3 0 0 4 0
1 4 7 5 3 2 6 1
3 5 7 4 2 3 6 1
1 4 6 3 5 2 7 1
6 1 0 2 0 0 3 0
11 3 0 0 1 0 0 2
21 3 0 0 0 1 0 2
1 3 5 4 2 7 6 1
1 2 7 3 6 1 4 5
1 4 2 5 6 1 7 3
2 0 0 3 2 1 0 0
3 0 4 0 3 2 0 1
1 5 1 4 7 3 2 6
2 2 3 1 7 4 5 6
1 1 4 2 5 3 0 0
1 1 0 0 3 2 0 0
41 3 2 0 0 1 0 0
1 1 4 2 5 6 0 3
1 4 0 3 1 0 0 2
1 6 1 3 7 4 5 2
5 4 1 5 6 2 3 7
1 2 0 3 0 0 0 1
1 4 0 5 1 3 6 2
2 4 2 1 0 3 0 0
1 3 4 5 2 1 7 6
9 0 0 2 0 1 0 0
3 4 6 5 3 1 7 2
1 3 0 0 1 4 0 2
1 5 6 4 3 1 0 2
4 5 6 4 2 3 7 1
3 3 0 0 2 1 0 0
1 3 4 2 6 1 5 7
1 3 0 4 1 2 0 0
1 1 2 3 5 4 6 7
1 0 4 5 2 1 0 3
1 0 0 3 0 1 2 0
1 0 0 2 0 0 0 1
49 1 0 2 0 3 0 0
1 6 7 3 4 1 5 2
5 2 1 0 0 3 0 0
1 4 0 2 3 0 0 1
1 3 0 2 1 0 0 0
2 1 0 0 0 3 0 2
1 7 2 3 6 1 4 5
3 0 0 1 0 2 0 0
1 3 5 4 7 1 2 6
1 0 4 5 3 2 0 1
1 3 1 2 5 6 7 4
8 3 1 2 0 0 0 0
1 0 4 0 1 2 0 3
1 2 5 4 6 1 3 7
2 1 3 2 6 4 5 7
1 4 0 3 1 2 0 5
1 4 3 5 1 6 7 2
1 7 4 6 2 3 5 1
1 2 0 3 5 1 0 4
1 2 5 3 6 4 0 1
1 3 4 0 0 1 0 2
4 6 7 5 1 3 4 2
1 4 1 3 6 2 5 7
1 6 7 5 2 3 4 1
1 4 1 5 2 6 7 3
2 3 0 0 0 2 1 0
2 4 1 5 0 2 3 0
2 7 2 6 1 5 4 3
16 1 2 3 0 0 0 0
2 0 2 0 0 3 0 1
73 2 0 3 0 1 0 0
1 3 6 7 4 1 5 2
1 3 0 0 1 2 0 0
273 0 0 0 2 0 0 1
1 5 2 6 1 3 7 4
5 0 0 0 0 1 2 0
1 6 3 0 1 4 5 2
4 2 1 3 6 4 7 5
3 0 0 0 3 1 4 2
20 2 3 0 0 1 0 0
1 5 1 6 2 4 7 3
1 2 3 1 6 4 5 7
1 3 6 1 2 4 7 5
15 2 4 3 0 1 0 0
1 0 3 0 2 4 0 1
9 1 3 2 0 4 0 0
1 4 0 0 3 1 0 2
1 0 0 3 4 1 0 2
1 3 2 4 5 1 0 0
1 6 7 5 3 1 4 2
3 2 6 3 4 1 7 5
1 2 0 0 3 0 0 1
1 1 0 3 0 0 2 0
31 0 0 0 1 0 3 2
4 3 0 4 1 0 0 2
1 4 2 6 3 1 0 5
1 0 0 1 0 2 0 3
14 2 0 0 0 1 0 0
1 3 1 4 6 2 7 5
1 5 4 3 2 6 7 1
1 5 3 6 2 1 7 4
9 0 0 0 0 0 1 0
2 5 4 6 1 3 7 2
3 0 4 0 1 3 0 2
1 5 7 6 2 4 3 1
3 0 2 0 1 0 0 3
1 3 0 2 1 5 4 0
2 1 0 0 0 0 2 0
1 1 0 2 4 3 0 5
8 3 1 2 0 4 0 0
3 1 4 2 5 3 7 6
1 5 1 4 3 6 7 2
4 0 0 1 0 0 0 0
1 2 0 3 0 1 4 0
1 6 3 4 5 1 7 2
1 3 2 1 7 4 5 6
1 0 2 4 3 1 0 0
7 5 7 4 1 3 6 2
1 1 0 4 2 0 0 3
2 7 4 6 1 3 5 2
3 2 3 1 0 0 0 0
1 0 0 0 0 1 2 3
2 1 0 0 0 2 3 0
4 1 2 3 0 4 0 0
1 2 0 3 0 0 1 0
1 4 0 2 0 1 3 0
12 0 3 0 1 0 0 2
2 0 3 0 0 1 2 0
1 0 4 0 1 3 5 2
1 1 6 2 5 3 0 4
2 0 0 0 3 2 4 1
11 0 2 3 0 1 0 0
1 4 5 3 6 2 7 1
1 5 6 4 2 1 7 3
1 3 1 4 6 5 2 7
1 0 5 0 1 3 4 2
1 4 1 5 2 3 6 7
1 7 4 6 3 1 5 2
1 2 1 6 3 5 4 0
3 2 3 4 5 1 7 6
3 0 0 0 0 2 3 1
3 4 7 5 1 2 6 3
1 3 4 0 2 1 0 0
1 5 3 6 1 2 7 4
1 6 7 5 2 4 3 1
1 2 3 1 5 6 7 4
1 6 3 5 2 4 7 1
1 7 3 5 4 1 2 6
9 3 1 4 6 2 5 7
7 2 4 3 0 1 5 0
3 2 4 1 7 3 6 5
1 0 2 4 0 1 0 3
4 3 0 0 0 2 0 1
1 2 1 4 7 3 5 6
1 2 6 3 5 1 7 4
2 0 4 0 2 0 3 1
2 3 2 0 1 0 0 0
1 3 1 4 7 2 6 5
1 0 4 0 2 3 0 1
1 4 2 0 0 1 0 3
1 4 3 5 2 6 7 1
1 0 1 0 2 3 0 4
1 1 3 4 0 2 0 0
1 2 1 3 5 4 6 7
13 2 0 1 0 0 0 0
1 0 1 0 3 2 4 0
1 4 5 6 2 3 7 1
2 2 1 4 0 3 0 0
2 0 2 0 1 3 0 0
1 0 0 2 0 3 0 1
2 5 4 6 2 3 7 1
2 7 5 6 1 4 3 2
2 1 0 0 2 0 0 3
1 1 0 3 2 0 0 0
2 4 7 6 2 3 5 1
1 0 4 3 2 1 0 5
2 6 4 7 2 3 5 1
1 6 5 7 2 3 4 1
2 1 7 2 5 3 6 4
3 2 4 3 7 1 5 6
1 2 1 3 0 5 4 0
1 0 2 0 3 4 0 1
1 1 5 2 4 3 6 7
1 4 2 3 0 1 5 0
1 5 3 4 2 1 0 0
1 0 0 0 2 4 3 1
1 0 1 2 0 0 3 0
1 4 0 5 2 3 6 1
4 1 0 0 3 0 0 2
1 3 6 5 2 1 7 4
1 0 2 3 4 1 0 0
2 1 4 2 6 3 5 7
3 0 2 0 0 0 0 1
1 0 3 0 1 0 4 2
3 0 0 0 1 3 4 2
1 4 3 2 5 1 6 7
2 4 2 5 6 1 3 7
2 0 1 0 3 0 0 2
1 2 1 4 6 3 5 7
1 7 6 5 2 3 4 1
6 1 2 0 0 3 0 0
1 2 4 1 5 3 7 6
1 0 1 0 2 3 0 0
2 3 2 1 0 0 0 0
77 0 0 0 0 1 0 2
1 5 4 0 2 1 0 3
1 3 0 0 1 2 0 4
11 0 2 0 0 1 0 3
1 1 5 2 7 4 3 6
2 3 1 4 5 2 7 6
1 3 5 4 6 1 7 2
52 0 0 0 0 2 0 1
1 1 0 2 4 0 0 3
12 4 2 3 0 1 0 0
1 4 1 3 7 2 5 6
1 3 6 4 5 2 7 1
1 2 3 4 6 1 5 7
1 1 0 2 4 5 0 3
1 4 5 3 6 1 7 2
1 0 2 0 4 1 0 3
1 7 3 6 5 4 2 1
261 0 0 0 2 3 0 1
40 1 3 2 0 0 0 0
35 2 1 3 0 0 0 0
1 6 5 7 3 2 4 1
10 0 3 0 0 1 0 2
1 5 6 4 3 2 7 1
1 1 3 2 0 4 5 0
3 2 4 3 6 1 5 7
4 2 1 0 0 0 0 0
1 0 0 0 2 1 4 3
4 2 0 0 3 1 0 0
1 3 0 0 4 1 0 2
1 2 3 1 0 4 0 0
1 0 0 1 2 0 3 0
28 3 0 2 0 1 0 0
1 0 0 4 2 1 0 3
1 3 1 0 2 0 0 0
1 5 6 7 2 3 4 1
1 0 4 3 0 2 0 1
1 6 4 7 2 1 5 3
13 0 2 0 0 1 3 0
1 0 0 0 0 2 1 0
20 3 1 0 0 2 0 0
33 1 0 2 0 0 0 0
1 1 0 0 3 0 2 0
1 1 0 2 5 3 0 4
1 2 4 3 5 1 0 0
1 5 6 7 4 1 3 2
2 4 2 3 6 1 5 7
3 0 1 0 0 2 0 3
6 0 2 0 3 1 0 4
1 2 1 3 7 4 6 5
1 7 5 4 3 2 6 1
4 0 1 0 0 3 2 0
4 3 2 4 5 1 7 6
8 2 1 3 6 4 5 7
1 4 3 1 7 2 5 6
1 5 6 4 2 1 0 3
2 0 0 2 1 0 0 3
3 2 0 0 0 1 3 0
1 4 6 5 1 2 7 3
2 7 3 6 1 4 5 2
