8 Johnstone South and Elderslie
4 6 424 5563
Jacqueline CAMERON, SNP
John HOOD, Lab
Brian JACKSON, Con
Robert MACINTYRE, SLD
Iain MCMILLAN, Lab
Andy STEEL, SNP
1 1 6 4 3 5 2
7 4 2 6 5 1 3
7 5 2 1 4 3 6
1 2 0 1 0 3 0
7 0 0 2 1 0 0
5 0 2 0 0 3 1
1 0 2 3 1 0 0
1 3 4 0 5 2 1
24 4 2 0 0 1 3
25 0 3 1 4 2 0
1 1 4 5 3 6 2
7 0 1 2 3 0 0
2 4 1 0 0 3 2
2 1 3 0 0 2 0
1 2 4 3 0 0 1
1 2 4 0 5 1 3
29 3 2 0 0 1 4
2 1 6 5 3 4 2
1 5 3 6 4 2 1
1 0 0 2 3 1 0
3 3 0 0 1 0 2
1 5 2 6 3 4 1
1 0 0 0 1 0 2
2 4 2 5 3 1 6
1 3 4 5 6 2 1
3 1 2 6 4 5 3
5 6 2 1 3 4 5
1 4 3 0 5 1 2
1 4 1 3 6 2 5
2 3 0 0 0 1 2
17 0 2 1 3 0 0
2 0 3 0 4 2 1
24 0 1 0 0 2 3
1 4 3 5 1 2 0
32 2 0 0 3 0 1
1 1 5 2 4 0 3
2 0 3 0 1 0 2
9 1 5 6 4 3 2
1 3 5 1 2 6 4
2 1 0 3 2 0 4
9 0 0 1 3 2 0
1 1 0 2 4 3 0
1 1 2 3 4 5 6
4 2 1 6 5 4 3
1 3 4 5 0 2 1
1 1 3 6 5 2 4
2 1 0 2 3 0 0
2 4 2 1 6 3 5
5 6 2 1 4 3 5
1 2 1 5 6 4 3
21 2 4 0 0 3 1
1 3 1 0 2 4 0
1 4 1 2 3 5 6
52 0 0 1 2 0 0
485 0 2 0 0 1 0
19 1 5 6 3 4 2
4 1 4 5 6 3 2
2 2 4 5 3 6 1
1 0 1 2 4 0 3
1 1 5 3 4 6 2
3 2 3 5 6 4 1
3 4 1 0 3 2 5
4 1 0 0 3 4 2
3 2 1 5 6 3 4
77 1 3 0 0 4 2
1 1 3 0 0 2 4
1 0 4 1 2 0 3
74 1 0 0 0 3 2
1 2 1 0 5 4 3
1 0 0 1 2 3 4
73 1 0 0 0 0 0
28 0 2 1 0 0 0
1 2 0 5 4 3 1
1 1 5 0 4 3 2
5 3 1 0 0 0 2
1 6 4 2 3 1 5
1 4 2 0 1 3 0
1 3 5 6 2 4 1
1 4 2 1 3 5 6
1 1 2 5 3 6 4
5 0 1 0 2 0 0
3 5 1 2 4 3 6
7 6 2 4 3 1 5
1 1 5 0 2 4 3
1 3 2 0 1 4 5
1 6 2 3 4 5 1
1 0 0 0 1 3 2
1 4 2 0 3 0 1
3 0 0 0 1 2 3
1 4 2 0 5 1 3
16 0 3 2 0 1 0
2 0 3 2 1 0 0
1 1 0 0 2 3 4
6 1 4 0 0 2 3
3 0 0 3 1 2 0
4 6 2 5 3 1 4
3 4 2 0 3 1 5
1 5 4 3 1 2 6
10 0 0 0 2 1 0
3 3 4 0 0 1 2
1 6 2 5 4 1 3
11 0 1 0 0 0 2
16 6 1 3 4 2 5
5 5 2 6 3 1 4
1 4 3 6 2 1 5
1 0 3 1 0 0 2
7 3 2 0 0 4 1
2 5 2 4 1 3 6
1 4 2 6 3 5 1
15 2 5 6 3 4 1
1 2 4 5 3 0 1
1 4 2 0 1 3 5
1 3 1 0 4 2 5
2 2 6 4 3 5 1
19 3 1 0 0 2 4
5 0 0 0 1 2 0
3 2 5 6 4 3 1
16 1 0 0 0 2 0
1 1 5 6 4 2 3
2 5 3 1 2 4 6
16 0 3 1 2 0 0
2 2 4 5 6 1 3
1 3 4 2 1 5 6
1 2 5 3 4 6 1
78 1 3 0 0 0 2
123 0 1 0 0 0 0
2 2 5 0 3 4 1
1 4 3 2 1 5 6
1 3 0 1 0 2 0
2 0 0 2 1 3 0
98 0 0 0 0 1 0
23 3 2 6 5 1 4
9 2 1 0 0 0 3
1 2 5 6 1 4 3
2 2 3 0 4 0 1
3 2 4 5 6 3 1
1 3 5 0 2 1 4
1 0 1 4 3 0 2
1 2 5 0 1 3 4
1 4 1 2 0 3 0
112 0 1 0 3 2 0
2 1 2 0 3 5 4
1 3 1 2 6 4 5
40 2 0 0 0 3 1
1 4 1 6 2 3 5
3 3 2 4 5 1 6
1 5 1 6 4 3 2
6 0 3 0 0 2 1
25 1 2 0 0 0 3
1 5 4 2 3 1 6
15 1 4 0 5 3 2
66 1 4 6 5 3 2
24 0 1 2 0 3 0
19 2 3 0 0 4 1
1 3 5 0 1 2 4
78 0 1 3 0 2 0
10 0 2 1 3 4 0
1 3 2 6 1 4 5
26 2 3 0 0 0 1
1 3 1 5 4 2 6
7 2 0 1 0 0 3
1 0 4 2 1 3 0
1 1 0 3 4 0 2
1 1 4 0 2 0 3
1 3 2 6 4 1 5
1 2 0 4 1 0 3
30 1 2 0 0 0 0
2 6 1 4 2 3 5
6 1 4 0 3 5 2
1 0 2 0 1 0 0
15 5 1 6 3 2 4
12 0 3 0 1 2 0
12 0 3 0 2 1 0
1 2 4 0 3 0 1
3 0 4 2 3 1 0
2 1 3 4 5 6 2
1 2 1 0 4 3 0
1 2 3 0 1 0 0
4 1 2 0 3 4 5
1 0 0 3 2 0 1
3 6 3 1 2 4 5
4 4 3 0 0 1 2
1 3 4 6 5 2 1
4 1 3 0 4 0 2
2 5 2 1 6 3 4
1 0 2 4 1 3 0
2 6 1 2 4 3 5
9 1 3 5 6 4 2
5 4 3 0 0 2 1
1 5 4 0 3 1 2
1 1 0 0 2 0 0
1 6 3 2 4 1 5
51 0 2 1 0 3 0
100 0 2 0 3 1 0
6 6 3 1 4 2 5
1 5 1 3 2 4 6
13 2 4 6 3 5 1
1 2 3 0 4 5 1
2 1 2 5 6 3 4
1 5 1 4 6 3 2
35 0 0 0 1 0 0
2 4 1 5 3 2 6
13 5 1 3 4 2 6
2 1 4 0 5 2 3
4 0 3 2 4 1 0
7 0 1 2 0 0 0
1 4 1 3 5 2 6
5 4 3 6 5 1 2
2 0 2 0 4 1 3
5 4 1 0 5 2 3
4 2 3 0 0 1 4
1 1 2 6 4 3 5
1 1 4 6 2 3 5
461 0 1 0 0 2 0
3 2 0 0 1 0 0
8 2 1 0 0 3 4
11 1 5 0 3 4 2
3 0 0 3 2 1 0
4 0 1 3 2 0 0
32 3 2 0 0 1 0
4 6 1 4 3 2 5
1 4 2 3 1 5 6
3 0 3 4 1 2 0
1 4 3 0 1 2 5
1 3 1 2 4 5 6
6 0 0 2 0 1 0
1 1 0 2 0 3 4
5 2 3 0 5 4 1
5 3 4 0 0 2 1
1 5 1 2 3 4 6
1 3 5 6 4 1 2
2 1 4 3 6 5 2
1 5 2 6 4 3 1
1 0 4 3 1 2 0
3 0 4 3 2 1 0
2 1 4 3 5 6 2
6 3 2 5 6 1 4
2 1 0 2 0 3 0
1 4 0 1 0 2 3
50 0 1 3 4 2 0
11 2 1 0 0 3 0
1 3 0 2 1 0 0
3 2 1 0 0 4 3
1 3 1 6 4 2 5
19 0 0 1 0 2 0
1 3 4 0 5 1 2
4 4 2 3 6 1 5
1 3 1 2 0 0 0
1 0 0 2 1 3 4
1 6 5 2 3 4 1
2 2 0 1 3 0 0
1 0 0 1 0 0 2
9 3 0 0 0 2 1
3 1 2 3 0 0 0
2 3 0 0 1 2 0
1 2 0 3 0 1 0
6 1 4 0 3 0 2
15 5 2 4 3 1 6
2 6 3 4 1 2 5
2 3 0 1 2 0 0
11 0 0 0 0 1 2
1 1 4 0 2 3 0
8 2 4 0 5 3 1
7 2 3 0 0 1 0
1 5 4 0 3 2 1
45 0 3 1 0 2 0
4 1 2 0 5 3 4
19 2 4 6 5 3 1
18 3 1 6 5 2 4
1 3 1 4 5 0 2
12 2 1 6 5 3 4
2 5 1 4 2 3 6
2 3 2 6 5 4 1
1 4 1 5 6 2 3
26 5 1 4 3 2 6
1 3 0 2 0 0 1
1 3 0 1 0 0 2
1 3 2 0 1 4 0
1 1 2 0 4 0 3
1 4 3 1 2 0 0
12 5 2 3 4 1 6
8 1 0 3 0 0 2
3 3 4 6 2 5 1
1 4 3 1 2 0 5
28 0 1 4 3 2 0
1 0 0 0 2 0 1
1 2 0 0 3 4 1
1 4 2 1 5 3 6
14 1 2 0 0 4 3
9 2 0 0 0 1 0
2 2 1 6 3 4 5
33 0 0 0 0 0 1
1 3 5 4 1 6 2
1 2 6 3 4 5 1
613 1 0 0 0 0 2
36 1 4 6 3 5 2
3 1 3 4 6 5 2
1 6 2 4 1 3 5
1 0 0 0 2 1 3
178 0 0 1 0 0 0
11 1 2 0 0 3 4
27 0 2 4 3 1 0
20 4 1 0 0 2 3
3 0 3 2 1 4 0
1 3 2 5 4 1 6
18 4 1 6 5 2 3
18 0 4 1 2 3 0
2 0 3 2 0 0 1
4 1 2 6 5 3 4
16 1 0 0 0 2 3
2 3 2 0 0 0 1
1 4 3 6 5 2 1
4 2 0 3 0 0 1
10 0 3 0 0 1 2
2 3 1 0 4 2 0
1 4 3 5 6 2 1
8 4 1 6 3 2 5
2 3 1 0 5 2 4
4 2 3 5 4 6 1
2 6 4 1 3 2 5
103 0 2 3 0 1 0
2 0 4 1 3 2 0
5 1 5 4 3 6 2
2 0 0 0 3 2 1
2 2 0 3 1 0 0
2 5 4 1 2 3 6
1 4 2 0 3 1 0
1 1 6 2 4 5 3
4 5 2 1 3 4 6
1 4 2 5 6 1 3
4 4 1 0 3 2 0
5 2 3 6 5 1 4
3 5 1 6 4 2 3
1 4 1 5 2 3 6
3 3 2 0 1 0 0
26 0 2 1 4 3 0
2 1 5 4 2 6 3
1 2 0 1 0 4 3
1 5 4 6 2 1 3
1 3 1 5 6 2 4
1 4 6 2 3 5 1
4 1 3 0 4 5 2
2 1 0 0 2 3 0
2 0 1 0 3 2 4
1 2 0 1 0 0 0
1 2 3 0 4 1 0
3 2 1 0 3 0 0
8 0 2 0 1 3 0
1 4 2 6 1 3 5
1 2 4 0 3 1 0
3 0 1 3 2 4 0
2 1 2 0 5 4 3
7 0 2 0 0 0 1
3 2 4 0 0 1 3
1 5 6 4 3 1 2
1 2 5 4 1 6 3
6 1 3 6 4 5 2
84 1 3 6 5 4 2
4 2 3 6 4 5 1
1 4 3 6 2 5 1
1 0 1 0 2 3 4
1 4 5 1 2 6 3
1 0 1 2 0 0 3
1 1 6 3 4 5 2
16 0 1 2 4 3 0
9 4 2 6 3 1 5
2 2 0 0 1 0 3
2 1 4 6 2 5 3
51 0 2 3 4 1 0
2 3 1 4 5 2 6
3 6 3 2 1 4 5
29 2 3 6 5 4 1
2 1 3 0 2 0 0
11 1 2 0 0 3 0
1 0 4 0 2 1 3
12 0 3 1 2 4 0
20 0 1 0 2 3 0
1 3 2 1 0 0 0
3 5 3 4 2 1 6
15 1 2 6 5 4 3
2 4 2 3 0 1 0
2 5 3 1 4 2 6
2 4 2 0 0 3 1
1 6 5 3 4 2 1
14 0 0 1 2 3 0
1 2 1 3 0 0 0
1 1 3 2 0 0 0
240 2 0 0 0 0 1
10 2 1 0 0 0 0
3 5 2 0 3 1 4
2 5 4 3 2 1 6
2 2 5 4 1 3 6
4 2 4 0 3 5 1
1 3 1 6 5 4 2
10 6 2 3 4 1 5
8 2 4 6 5 1 3
5 1 4 6 5 2 3
2 0 0 1 2 0 3
1 5 3 6 2 1 4
2 3 1 0 2 0 0
1 3 0 2 0 1 0
5 1 0 0 2 0 3
54 1 4 0 0 3 2
21 1 3 0 5 4 2
13 0 0 0 0 2 1
32 0 2 0 0 1 3
1 1 3 0 4 2 0
87 1 0 0 3 0 2
21 3 1 0 0 2 0
2 1 0 2 0 0 0
5 1 2 0 3 0 0
1 6 1 3 5 2 4
10 0 1 2 3 4 0
1 4 0 0 1 3 2
2 3 2 0 5 1 4
2 4 1 6 5 3 2
1 0 4 0 1 2 3
6 0 1 0 0 3 2
1 3 6 1 2 5 4
1 1 3 0 5 2 4
1 0 1 2 3 0 4
9 2 0 0 0 1 3
2 6 1 2 3 4 5
1 2 3 6 1 5 4
