5 Bishopbriggs South
3 6 505 6070
"Jesper BACH" "Scottish Greens – Think Global Act Local", 
Catherine BROWN, Con
Eamonn GALLAGHER, Alba
Gordan LOW, SNP
Alan MOIR, Lab
Ben ROSE, SLD
2 4 2 6 5 1 3
2 1 6 3 2 4 5
30 0 0 2 1 0 0
82 0 2 0 0 3 1
1 0 2 3 1 0 0
4 3 4 5 1 2 6
2 2 4 6 3 1 5
1 0 2 3 0 0 1
1 4 2 0 0 1 3
2 4 3 5 2 6 1
4 0 0 3 0 2 1
1 4 2 5 0 3 1
8 3 5 4 6 1 2
1 3 4 6 1 2 5
5 4 5 6 3 2 1
6 2 6 5 3 1 4
1 1 3 5 2 6 4
6 4 1 0 0 3 2
1 4 5 3 2 1 6
2 1 3 0 0 2 0
4 1 0 0 4 2 3
1 5 3 4 1 2 6
2 3 2 0 0 1 4
1 0 3 0 1 2 4
6 2 0 4 1 3 0
3 0 0 2 3 1 0
1 5 2 3 6 1 4
4 5 3 6 4 2 1
1 1 6 5 3 4 2
46 3 0 0 1 0 2
1 4 0 5 3 1 2
1 5 2 6 3 4 1
5 0 1 0 3 0 2
2 6 1 3 5 4 2
1 4 0 5 2 1 3
20 0 0 0 1 0 2
1 4 6 1 3 2 5
2 4 6 3 1 5 2
2 2 6 4 3 1 5
4 3 4 5 6 2 1
1 4 1 0 2 5 3
1 6 2 5 3 4 1
65 3 0 0 0 1 2
10 2 6 4 1 5 3
1 0 1 0 4 3 2
1 6 4 5 2 3 1
1 5 6 2 1 4 3
20 2 6 5 1 4 3
1 4 5 2 1 3 6
201 0 1 0 0 2 3
1 0 4 0 1 3 2
1 5 3 6 4 1 2
9 2 0 3 1 4 0
1 1 6 2 5 4 3
1 5 6 1 2 3 4
9 2 0 0 3 0 1
2 0 0 2 0 1 3
3 0 3 0 1 0 2
2 6 5 3 2 1 4
1 4 2 6 1 5 3
1 1 2 3 4 5 6
2 2 4 6 1 5 3
2 0 0 1 3 2 0
6 4 0 0 2 1 3
2 0 0 4 1 2 3
2 1 0 2 3 0 0
15 2 5 6 1 3 4
6 2 0 4 1 3 5
5 3 6 4 2 1 5
2 3 0 5 1 2 4
1 3 2 1 4 5 6
1 2 1 5 6 4 3
1 6 5 1 2 4 3
1 2 4 0 0 3 1
1 5 2 3 4 6 1
3 5 4 3 6 1 2
2 1 0 3 0 2 0
1 6 4 5 3 1 2
1 3 0 4 0 1 2
30 0 2 0 0 1 0
9 0 0 1 2 0 0
1 1 5 6 3 4 2
1 0 1 4 0 3 2
1 2 3 5 6 4 1
11 4 5 6 1 2 3
1 4 0 3 1 2 0
1 4 2 5 1 3 6
2 2 1 5 6 3 4
1 3 4 6 2 1 5
1 3 6 1 5 2 4
8 1 0 0 0 3 2
10 1 6 5 2 3 4
2 0 0 1 0 3 2
1 3 0 1 2 5 4
28 2 0 0 1 4 3
11 4 6 3 1 2 5
25 2 6 4 1 3 5
6 0 2 1 0 0 0
21 1 0 0 0 0 0
9 4 6 5 2 1 3
11 3 1 0 0 0 2
4 0 2 0 1 0 3
2 3 5 6 2 4 1
1 0 3 4 2 1 0
1 3 6 2 4 1 5
15 4 1 5 6 3 2
1 6 3 4 1 5 2
3 3 6 5 1 4 2
21 3 6 5 1 2 4
1 4 5 3 1 6 2
1 6 2 1 5 3 4
6 0 1 0 2 0 0
1 2 0 5 4 1 3
1 2 6 3 5 1 4
1 1 0 4 2 3 5
40 0 0 0 1 3 2
1 2 0 0 4 3 1
100 0 0 0 1 2 3
1 1 5 6 2 4 3
1 0 3 2 1 0 0
6 0 3 2 0 1 0
5 4 5 6 3 1 2
3 6 5 4 1 2 3
1 4 5 3 6 1 2
4 5 6 3 1 2 4
13 1 0 0 2 3 4
1 1 5 4 3 2 6
8 4 6 5 3 1 2
4 3 0 0 4 1 2
2 2 6 3 4 1 5
23 0 0 3 1 2 0
1 6 2 5 3 1 4
23 0 0 0 2 3 1
4 1 0 0 4 3 2
1 1 5 4 6 2 3
79 0 0 0 2 1 0
5 3 0 0 4 2 1
2 3 5 4 2 1 6
1 4 2 5 1 6 3
3 3 4 0 0 1 2
114 0 1 0 0 0 2
34 2 6 3 1 5 4
22 5 1 4 6 2 3
1 5 1 4 2 6 3
3 4 3 6 2 1 5
2 0 0 1 0 2 3
1 4 3 5 1 6 2
4 6 3 5 4 1 2
2 5 6 2 3 1 4
3 4 2 6 3 5 1
1 1 5 3 4 2 6
6 0 3 0 2 0 1
3 2 5 6 3 4 1
1 2 5 3 1 4 6
1 2 1 3 4 0 0
1 5 3 0 1 2 4
111 0 0 0 1 2 0
10 1 0 0 0 2 0
8 4 6 5 2 3 1
1 1 0 5 2 4 3
3 5 6 4 1 3 2
1 2 4 5 6 1 3
1 3 4 2 1 5 6
1 4 0 2 1 3 5
2 3 5 1 2 4 6
1 1 3 0 0 0 2
5 4 5 6 2 3 1
7 4 2 5 6 3 1
4 2 5 6 4 1 3
254 0 1 0 0 0 0
1 4 3 2 1 5 6
9 0 0 2 1 3 0
1 4 5 3 6 2 1
451 0 0 0 0 1 0
5 2 0 5 1 3 4
7 2 1 0 0 0 3
7 2 5 6 1 4 3
1 5 1 3 6 4 2
5 0 1 0 3 2 0
1 4 5 0 1 2 3
2 5 2 4 6 1 3
18 2 0 0 0 3 1
1 3 2 4 5 1 6
4 2 0 3 1 0 4
1 5 0 3 2 1 4
3 5 1 6 4 3 2
80 0 3 0 0 2 1
1 6 1 5 2 4 3
1 5 4 2 3 1 6
1 1 4 0 5 3 2
3 0 1 2 0 3 0
1 1 4 6 5 3 2
1 3 5 0 1 2 4
4 3 6 4 1 5 2
1 2 3 0 0 4 1
2 0 1 3 0 2 0
2 3 5 6 1 4 2
143 2 0 0 1 3 0
4 2 3 0 0 0 1
1 3 2 1 6 5 4
1 4 3 5 1 2 6
2 0 1 0 4 2 3
1 5 1 6 2 3 4
6 4 5 6 2 1 3
1 5 6 1 3 2 4
8 3 6 5 4 1 2
1 3 2 6 4 1 5
1 1 4 0 3 5 2
2 1 2 0 0 0 0
8 0 0 2 1 0 3
10 5 6 4 1 2 3
6 0 2 0 1 0 0
1 5 4 1 6 2 3
1 3 5 4 6 2 1
4 0 3 0 1 2 0
42 2 6 3 1 4 5
11 0 3 0 2 1 0
3 2 3 0 1 0 0
5 5 3 4 6 1 2
4 0 0 3 2 0 1
13 4 3 5 6 1 2
6 4 3 0 0 1 2
6 0 1 0 2 0 3
4 3 4 6 5 2 1
1 5 4 6 3 2 1
1 0 0 1 3 0 2
4 5 3 4 6 2 1
2 6 4 5 2 1 3
2 1 0 0 3 2 4
1 3 1 0 2 0 4
3 6 5 4 1 3 2
5 4 3 0 0 2 1
48 1 0 0 2 0 0
4 5 6 3 2 1 4
1 0 2 1 0 3 0
6 0 2 0 3 1 0
9 3 6 4 1 2 5
2 1 5 6 2 3 4
1 5 3 1 6 4 2
7 3 0 0 1 4 2
1 5 1 3 6 2 4
1 4 5 3 1 2 6
1 6 3 4 5 1 2
1 1 2 5 6 3 4
9 5 1 4 6 3 2
376 0 0 0 1 0 0
1 1 5 6 3 2 4
1 4 1 5 3 2 6
1 0 3 4 0 1 2
1 3 1 0 4 5 2
2 3 0 2 1 4 0
1 0 0 2 0 3 1
1 3 2 0 4 0 1
23 4 6 5 1 2 3
5 4 3 6 5 1 2
3 3 6 5 4 2 1
3 0 1 2 0 0 0
1 3 4 5 2 6 1
1 0 2 0 4 1 3
1 1 6 2 4 3 5
304 2 0 0 1 0 0
63 0 1 0 0 2 0
1 6 5 4 2 1 3
2 2 0 0 4 1 3
1 1 5 0 3 4 2
2 5 4 2 6 1 3
8 0 0 3 2 1 0
3 5 4 6 2 3 1
9 1 0 0 3 2 0
1 3 1 0 0 4 2
6 3 2 0 0 1 0
1 4 2 3 1 5 6
1 4 0 5 1 2 3
3 2 0 0 3 1 4
8 0 2 0 3 0 1
4 2 5 3 1 6 4
5 3 5 6 2 1 4
2 4 0 0 3 1 2
1 3 1 2 4 5 6
6 0 0 2 0 1 0
1 0 3 0 1 4 2
51 3 0 0 2 1 0
1 1 0 2 0 3 4
1 2 3 1 5 6 4
8 3 5 6 4 1 2
3 3 0 4 1 2 0
2 3 4 0 0 2 1
1 0 1 3 0 2 4
13 0 0 3 0 1 2
1 0 0 2 0 0 1
1 3 5 0 4 1 2
2 5 2 6 4 3 1
1 4 6 1 2 3 5
6 5 4 6 1 2 3
2 3 2 5 6 1 4
2 1 0 2 0 3 0
1 6 5 2 4 3 1
56 2 6 5 1 3 4
1 6 1 5 3 2 4
9 4 6 2 1 3 5
55 3 0 2 1 0 0
15 2 0 0 1 3 4
6 2 1 0 0 3 0
1 4 0 1 2 3 0
1 3 1 6 4 2 5
2 6 2 5 4 3 1
3 0 0 1 0 2 0
3 5 6 3 4 1 2
1 3 0 2 1 4 5
2 3 0 4 2 1 0
2 3 1 2 0 0 0
1 5 4 0 1 2 3
1 0 0 2 1 3 4
1 0 2 0 1 3 4
3 0 1 4 0 2 3
1 2 0 1 3 0 0
41 3 0 0 0 2 1
1 0 0 1 0 0 2
1 0 2 4 3 0 1
1 4 3 0 2 1 0
1 1 2 3 0 0 0
145 3 0 0 1 2 0
7 2 0 3 0 1 0
1 5 3 0 4 1 2
1 6 3 4 1 2 5
191 0 0 0 0 1 2
6 3 0 1 2 0 0
1 2 5 4 6 1 3
2 2 3 0 0 1 0
1 3 1 6 5 2 4
1 2 4 1 6 3 5
1 0 1 2 3 4 5
1 6 4 5 1 3 2
1 2 4 5 1 3 6
5 4 6 5 3 2 1
2 4 6 3 2 1 5
4 5 2 6 4 1 3
9 4 1 5 6 2 3
2 6 1 5 4 3 2
2 3 0 2 0 0 1
1 5 1 4 3 2 6
13 3 6 2 1 5 4
1 2 5 6 3 1 4
2 2 4 3 1 5 6
14 3 6 5 2 1 4
12 0 0 0 2 0 1
1 5 6 3 2 4 1
5 5 4 6 3 1 2
3 2 0 0 3 4 1
12 3 0 0 2 1 4
40 2 0 0 0 1 0
109 0 0 0 0 0 1
1 6 1 2 5 3 4
1 3 5 4 1 6 2
42 0 0 0 3 1 2
10 1 0 0 0 0 2
1 3 6 4 5 2 1
3 2 6 4 5 1 3
1 2 4 5 1 6 3
1 3 0 2 1 5 4
2 1 4 6 3 5 2
56 0 0 0 2 1 3
14 0 0 1 0 0 0
2 6 1 5 2 3 4
3 3 5 6 4 2 1
1 4 0 3 2 1 0
1 2 3 0 5 1 4
3 4 0 0 3 2 1
4 3 6 4 5 1 2
1 4 1 0 0 2 3
4 4 1 6 5 2 3
9 4 0 0 1 2 3
1 3 4 5 1 6 2
1 2 3 1 0 0 0
1 2 6 1 3 4 5
8 1 0 0 0 2 3
9 3 2 0 0 0 1
1 1 2 6 5 3 4
6 4 3 6 5 2 1
3 2 1 3 4 5 6
1 2 0 3 0 0 1
2 5 0 3 1 2 4
1 4 0 2 0 1 3
127 0 3 0 0 1 2
3 3 6 5 2 4 1
3 4 3 5 6 2 1
1 4 1 6 3 2 5
1 3 0 5 1 4 2
14 3 6 2 1 4 5
1 0 4 1 3 2 0
2 0 2 3 0 1 0
1 5 2 6 1 3 4
126 2 0 3 1 0 0
23 0 0 0 3 2 1
3 3 0 2 1 0 4
1 5 1 6 3 4 2
6 2 6 5 4 1 3
1 3 1 0 4 0 2
1 1 6 4 2 3 5
2 0 4 0 2 3 1
10 4 2 5 6 1 3
1 4 6 3 5 1 2
3 5 1 6 4 2 3
1 2 3 6 5 1 4
6 3 2 0 1 0 0
2 6 1 5 3 4 2
1 3 0 5 2 1 4
2 2 3 6 1 4 5
1 4 6 2 5 1 3
3 5 4 6 2 1 3
39 1 0 0 2 3 0
7 4 6 5 1 3 2
1 5 6 2 1 3 4
2 2 0 1 0 0 0
4 4 0 0 2 3 1
3 0 2 0 1 3 0
6 3 4 5 6 1 2
1 6 2 4 5 3 1
50 0 2 0 0 0 1
6 2 0 3 1 4 5
5 1 0 0 2 4 3
2 2 5 4 1 6 3
1 5 6 4 3 1 2
15 1 0 3 2 0 0
6 3 5 6 1 2 4
1 1 3 6 5 4 2
1 2 3 6 4 5 1
1 3 0 5 2 4 1
1 5 4 6 1 3 2
4 0 1 2 0 0 3
6 4 2 6 5 3 1
2 1 6 4 3 2 5
1 0 2 4 0 1 3
77 2 0 0 1 0 3
1 5 2 4 3 6 1
1 4 3 1 6 2 5
3 1 0 5 2 3 4
19 3 0 0 1 2 4
1 5 2 4 1 6 3
4 5 2 4 6 3 1
2 1 6 5 3 2 4
1 1 3 0 2 0 0
2 1 2 0 0 3 0
5 0 1 0 2 3 0
7 5 6 4 2 1 3
2 4 3 6 1 2 5
1 6 3 5 1 2 4
3 4 6 3 5 2 1
3 3 5 4 1 2 6
1 3 2 5 0 4 1
6 3 4 6 5 1 2
3 2 0 3 1 5 4
2 5 0 4 1 3 2
2 4 2 0 0 3 1
2 6 3 4 5 2 1
1 2 5 3 6 1 4
3 0 0 1 2 3 0
2 1 6 5 2 4 3
1 3 0 5 4 1 2
1 2 3 6 4 1 5
9 3 6 1 2 4 5
14 2 0 0 0 0 1
4 2 1 0 0 0 0
1 2 5 4 1 3 6
1 1 4 5 2 3 6
2 6 1 5 4 2 3
2 4 3 5 2 1 6
1 5 4 3 2 1 6
1 4 1 0 2 0 3
28 2 0 0 3 1 0
1 1 6 5 4 3 2
2 3 1 6 5 4 2
1 2 0 4 3 1 5
1 0 2 0 1 4 3
1 6 3 1 5 2 4
5 0 0 3 1 0 2
1 6 3 5 2 1 4
1 1 4 6 5 2 3
3 5 3 6 2 1 4
2 6 2 5 1 3 4
1 0 0 1 2 0 3
6 0 1 3 0 0 2
4 3 0 2 0 1 0
3 3 1 0 2 0 0
19 1 0 0 2 0 3
93 0 0 0 0 2 1
88 0 2 0 0 1 3
1 5 2 6 1 4 3
5 3 1 0 0 2 0
1 1 0 2 0 0 0
3 1 0 0 3 0 2
1 2 3 0 4 1 5
3 3 0 0 2 4 1
8 4 0 0 1 3 2
2 4 0 2 1 0 3
7 4 1 6 5 3 2
3 0 4 0 1 2 3
3 6 1 4 5 2 3
203 0 1 0 0 3 2
2 3 6 1 2 5 4
1 2 3 5 6 1 4
13 3 0 0 2 0 1
2 5 6 3 1 4 2
3 4 5 6 1 3 2
33 2 0 0 0 1 3
