6 Inverclyde South West
3 6 449 4061
Paul CASSIDY, Lab
James DAISLEY, SNP
Lisa DALLAS, Con
Alasdair HIGGINS, SLD
Innes NELSON, SNP
Paul TRAVERS, Ind
7 1 5 2 3 6 4
14 4 2 6 5 1 3
1 1 6 4 3 5 2
2 2 0 1 0 3 0
1 3 2 0 4 1 5
23 0 2 0 0 3 1
9 0 0 2 1 0 0
1 1 0 4 2 5 3
1 0 2 3 0 0 1
1 0 2 3 1 0 0
5 1 4 3 2 5 6
5 4 2 0 0 1 3
2 5 1 0 4 3 2
1 1 4 5 3 6 2
4 3 1 4 6 2 5
1 3 5 4 6 1 2
1 2 4 3 1 5 0
2 1 2 0 3 4 0
2 4 1 0 0 3 2
16 1 3 0 0 2 0
2 2 1 3 4 6 5
1 1 6 5 3 4 2
1 5 3 6 4 2 1
5 0 1 0 3 0 2
1 5 2 6 3 4 1
3 3 0 0 1 0 2
13 0 0 0 1 0 2
4 4 2 5 3 1 6
1 4 1 0 2 5 3
1 1 2 6 4 5 3
2 2 6 4 1 5 3
3 3 0 0 0 1 2
2 2 1 4 5 3 6
1 3 2 5 4 6 1
99 0 1 0 0 2 3
2 1 2 3 6 4 5
7 2 0 0 3 0 1
2 3 0 1 2 4 0
13 1 0 3 2 0 4
4 3 5 1 2 6 4
12 0 0 2 3 0 1
3 1 3 6 5 2 4
1 1 2 5 4 3 0
1 6 3 2 5 1 4
88 1 0 2 3 0 0
1 6 4 5 3 2 1
1 6 2 1 4 3 5
1 1 3 2 4 5 6
1 2 1 5 6 4 3
1 2 1 0 4 3 5
1 1 5 3 6 4 2
4 4 0 1 2 0 3
1 1 0 3 0 2 0
9 3 0 1 2 0 4
218 0 2 0 0 1 0
3 1 5 6 3 4 2
1 2 4 1 3 5 0
2 2 4 5 3 6 1
37 0 0 1 2 0 0
1 1 5 3 4 6 2
3 4 1 0 3 2 5
1 4 2 5 1 3 6
5 3 5 1 4 6 2
1 1 2 0 4 3 0
1 2 1 0 3 0 4
11 3 2 0 4 1 0
1 4 1 5 3 2 0
2 1 3 0 0 2 4
1 1 3 0 0 4 2
6 2 6 1 3 5 4
3 1 0 0 0 3 2
1 1 3 2 4 0 0
1 1 6 5 2 3 4
294 1 0 0 0 0 0
1 6 1 2 4 5 3
1 2 0 3 4 0 1
6 3 1 0 0 0 2
4 2 1 5 4 3 6
4 1 2 4 3 5 6
1 4 5 3 1 6 2
8 0 1 0 2 0 0
1 1 2 4 0 3 0
6 1 5 3 2 6 4
1 3 4 0 2 0 1
1 3 2 4 0 1 0
2 1 5 6 2 4 3
1 0 0 0 1 2 3
1 0 3 2 0 1 0
1 1 5 4 3 2 6
1 2 6 3 4 1 5
1 4 2 0 3 1 5
2 0 0 3 1 2 0
1 0 0 0 2 3 1
1 2 4 5 3 1 0
1 1 0 3 2 5 4
3 0 0 0 2 1 0
1 3 2 4 1 5 0
26 1 0 2 3 0 4
15 0 1 0 0 0 2
1 6 2 5 4 1 3
2 2 6 3 1 5 4
17 2 0 1 3 0 4
1 1 5 3 2 4 6
4 5 2 6 3 1 4
1 2 4 1 3 0 0
1 4 3 6 2 1 5
3 4 5 3 2 6 1
4 0 3 0 2 0 1
1 1 5 3 4 2 6
2 1 3 4 5 2 6
1 4 6 3 2 5 1
1 2 5 6 3 4 1
5 3 1 0 4 2 5
1 2 6 4 3 5 1
3 0 0 0 1 2 0
3 3 1 0 0 2 4
2 1 0 0 0 2 0
1 4 0 2 3 0 1
2 1 5 6 4 2 3
3 0 3 1 2 0 0
1 6 3 5 4 2 1
1 3 5 1 2 4 6
4 2 5 3 4 6 1
6 1 0 2 4 0 3
1 2 1 5 3 4 6
10 1 3 0 0 0 2
2 2 3 1 4 5 6
93 0 1 0 0 0 0
2 0 2 0 4 3 1
1 0 0 2 1 3 0
8 3 2 6 5 1 4
39 0 0 0 0 1 0
4 2 1 0 0 0 3
1 2 3 0 4 0 1
1 2 5 6 1 4 3
2 3 5 2 1 4 6
1 6 3 5 2 4 1
1 4 3 2 0 1 0
50 0 1 0 3 2 0
1 5 2 4 6 1 3
5 1 6 2 3 5 4
1 3 2 0 4 5 1
2 2 0 0 0 3 1
10 1 0 4 2 0 3
3 2 5 4 3 6 1
2 3 2 4 5 1 6
1 3 4 1 6 5 2
5 5 1 6 4 3 2
4 2 0 3 1 0 4
21 0 3 0 0 2 1
1 4 1 5 2 3 0
3 1 2 0 0 0 3
1 1 2 4 5 3 0
1 1 4 6 5 3 2
3 0 1 2 0 3 0
1 2 3 0 0 4 1
10 0 1 3 0 2 0
12 2 3 0 0 0 1
6 3 1 5 4 2 6
9 0 1 0 4 2 3
4 2 0 0 1 3 0
2 3 2 6 4 5 1
18 2 0 1 0 0 3
1 5 1 6 2 3 4
1 4 2 3 1 0 0
25 3 2 6 4 1 5
5 2 0 4 1 0 3
1 1 4 0 2 0 3
39 1 2 0 0 0 0
5 0 0 2 1 0 3
1 2 3 1 6 5 4
2 0 2 0 1 0 0
1 1 3 5 2 4 6
10 5 1 6 3 2 4
2 0 3 0 1 2 0
3 1 2 6 3 4 5
4 0 3 0 2 1 0
1 2 1 5 4 6 3
4 2 3 0 1 0 0
7 0 0 3 2 0 1
1 1 2 0 3 4 5
1 4 3 0 0 1 2
2 3 5 2 1 6 4
1 6 3 1 2 4 5
5 0 1 0 2 0 3
11 0 0 1 3 0 2
1 3 4 6 5 2 1
2 2 1 0 3 4 0
1 3 2 5 6 4 1
1 2 1 4 6 3 5
1 1 4 2 3 0 0
90 1 0 0 2 0 0
2 0 2 1 0 3 0
34 0 2 0 3 1 0
1 5 1 3 2 4 6
2 2 4 6 3 5 1
2 6 3 4 5 1 2
1 1 2 5 3 4 0
1 4 5 3 1 2 6
2 1 2 5 6 3 4
10 2 5 1 3 6 4
41 0 0 0 1 0 0
2 3 2 4 5 6 1
3 4 1 5 3 2 6
1 3 2 4 0 1 5
1 3 4 2 1 5 0
1 2 1 0 5 3 4
1 6 2 4 5 1 3
2 1 2 5 3 4 6
1 4 6 2 1 5 3
4 5 1 3 4 2 6
2 4 3 6 5 1 2
2 4 1 3 5 2 6
4 0 1 2 0 0 0
1 3 0 4 2 0 1
6 1 6 3 2 5 4
1 4 1 0 5 2 3
10 1 2 6 4 3 5
2 1 4 6 2 3 5
1 0 5 1 2 3 4
32 2 0 0 1 0 0
374 0 1 0 0 2 0
2 2 1 0 0 3 4
4 1 2 0 4 3 5
1 1 3 2 5 4 6
21 1 0 2 0 0 3
1 5 2 3 4 1 0
1 2 3 4 1 5 6
10 1 0 0 3 2 0
1 3 1 0 0 4 2
68 3 2 0 0 1 0
1 6 1 4 3 2 5
7 1 2 4 5 3 6
6 0 2 0 3 0 1
3 2 5 3 1 6 4
1 4 2 1 0 3 0
1 3 1 2 4 5 6
1 3 2 4 6 1 5
3 3 0 0 2 1 0
2 2 4 1 3 5 6
1 2 3 0 5 4 1
2 4 6 1 3 5 2
1 5 1 2 3 4 6
1 5 1 0 2 4 3
8 0 0 2 0 0 1
4 5 2 6 4 3 1
5 1 0 2 0 3 0
1 1 4 2 5 3 6
1 5 4 6 1 2 3
3 6 1 5 3 2 4
16 3 0 2 1 0 0
27 2 1 0 0 3 0
34 3 1 6 4 2 5
7 2 1 6 4 3 5
1 6 2 5 4 3 1
1 0 0 1 0 2 0
1 3 1 5 6 4 2
1 3 1 2 0 0 0
4 3 0 4 1 0 2
5 1 4 2 3 5 6
2 5 1 0 4 2 3
63 2 0 1 3 0 0
1 4 2 5 3 1 0
23 0 0 1 0 0 2
6 1 2 3 0 0 0
2 3 0 0 1 2 0
1 5 2 4 3 1 6
56 3 0 1 2 0 0
2 0 0 0 0 1 2
1 1 2 3 5 4 6
1 1 4 0 2 3 0
6 1 3 6 2 4 5
5 2 3 0 0 1 0
1 3 4 1 2 0 5
5 2 0 1 4 0 3
1 0 3 1 0 2 0
2 1 2 0 5 3 4
31 3 1 6 5 2 4
1 1 3 5 2 4 0
1 2 4 6 5 3 1
4 2 1 6 5 3 4
1 3 0 2 4 0 1
2 2 1 5 4 3 0
1 1 4 2 3 6 5
1 4 6 5 3 2 1
23 5 2 6 4 1 3
1 5 1 4 2 3 6
2 4 1 5 6 2 3
3 3 0 2 0 0 1
3 6 1 5 4 3 2
4 5 1 4 3 2 6
7 3 0 1 0 0 2
2 4 5 2 3 6 1
1 3 2 0 1 4 0
1 3 1 6 2 5 4
8 1 0 3 0 0 2
1 5 2 3 4 1 6
2 3 4 6 2 5 1
18 0 0 0 2 0 1
1 3 6 2 4 5 1
1 1 6 4 5 2 3
1 5 4 2 3 6 1
1 4 2 1 5 3 6
4 2 1 6 3 4 5
5 2 0 0 0 1 0
1 1 2 0 0 4 3
1 1 4 3 2 5 0
58 0 0 0 0 0 1
2 3 5 4 2 6 1
3 1 5 4 2 3 6
1 2 1 3 6 5 4
4 3 4 1 2 5 6
2 3 1 4 5 2 0
1 4 6 1 2 5 3
41 1 0 0 0 0 2
1 2 4 5 1 6 3
5 1 4 6 3 5 2
3 0 0 0 2 1 3
117 0 0 1 0 0 0
1 5 4 1 2 6 3
7 3 2 5 4 1 6
6 4 1 0 0 2 3
1 0 2 4 3 1 0
1 1 2 0 0 3 4
25 4 1 6 5 2 3
1 4 0 0 1 2 3
3 3 2 0 0 0 1
8 1 2 6 5 3 4
3 2 1 5 3 4 0
2 1 0 0 0 2 3
7 4 3 6 5 2 1
3 2 0 3 0 0 1
1 2 1 3 4 5 6
1 0 2 3 5 1 4
10 0 3 0 0 1 2
11 3 1 0 4 2 0
17 4 1 6 3 2 5
1 5 3 2 1 4 6
4 2 3 5 4 6 1
1 3 1 0 5 2 4
1 0 2 3 0 1 0
1 1 2 3 6 5 4
4 3 0 2 1 0 4
19 2 0 3 1 0 0
1 1 5 4 3 6 2
1 3 1 0 4 0 2
4 4 2 0 3 1 0
2 0 4 0 2 3 1
2 1 6 2 4 5 3
2 4 2 5 6 1 3
9 4 1 0 3 2 0
28 5 1 6 4 2 3
1 4 1 5 2 3 6
1 2 3 6 5 1 4
6 3 2 0 1 0 0
1 6 1 5 3 4 2
2 2 3 6 1 4 5
6 1 5 4 2 6 3
11 1 0 4 3 0 2
1 3 1 5 6 2 4
1 3 1 0 5 4 2
7 1 0 0 2 3 0
1 1 4 5 2 3 0
1 1 5 2 3 4 0
32 2 0 1 0 0 0
1 2 1 4 0 3 0
4 0 1 0 3 2 4
10 2 1 0 3 0 0
6 0 2 0 1 3 0
3 4 2 6 1 3 5
11 0 2 0 0 0 1
1 2 5 4 1 6 3
1 2 1 3 6 4 5
1 1 3 6 4 5 2
67 1 0 3 2 0 0
3 1 3 6 5 4 2
1 2 3 6 4 5 1
1 2 4 1 5 3 0
3 4 5 1 2 6 3
1 0 1 0 2 3 4
5 4 2 6 5 3 1
1 1 6 3 4 5 2
8 4 2 6 3 1 5
19 2 0 0 1 0 3
6 1 4 6 2 5 3
4 3 1 4 5 2 6
2 5 2 4 6 3 1
1 2 3 6 5 4 1
48 1 2 0 0 3 0
14 1 3 0 2 0 0
1 3 6 1 4 5 2
1 0 4 0 2 1 3
6 0 1 0 2 3 0
2 3 2 1 0 0 0
2 2 3 5 1 4 6
1 6 3 5 1 2 4
1 2 3 5 4 1 6
1 3 5 2 4 6 1
1 3 4 6 5 1 2
1 1 2 6 5 4 3
4 4 2 0 0 3 1
1 5 3 1 4 2 6
5 4 0 3 2 0 1
5 0 0 1 2 3 0
2 1 3 0 2 4 0
4 2 1 3 0 0 0
3 1 3 2 0 0 0
1 1 6 5 2 4 3
2 2 3 6 4 1 5
16 2 0 0 0 0 1
20 2 1 0 0 0 0
2 6 1 5 4 2 3
2 4 1 0 2 0 3
1 4 5 2 1 6 3
1 1 6 5 4 3 2
4 2 0 0 3 1 0
2 3 1 6 5 4 2
1 4 3 5 2 1 0
4 0 0 3 1 0 2
1 6 2 3 4 1 5
1 1 4 6 5 2 3
1 2 3 1 0 4 0
1 1 0 2 3 4 0
23 0 0 1 2 0 3
1 1 3 2 5 4 0
5 3 1 0 2 0 0
1 3 0 2 0 1 0
57 1 0 0 2 0 3
51 0 2 0 0 1 3
3 0 0 0 0 2 1
4 1 2 5 4 3 6
5 1 5 2 4 6 3
1 1 3 0 4 2 0
1 1 6 2 3 4 5
32 1 0 2 0 0 0
124 3 1 0 0 2 0
27 1 0 0 3 0 2
21 1 2 0 3 0 0
7 1 3 6 4 2 5
2 4 0 2 1 0 3
5 3 0 1 4 0 2
1 4 1 6 5 3 2
4 4 0 1 3 0 2
15 0 1 0 0 3 2
3 3 6 1 2 5 4
10 3 0 0 2 0 1
1 4 5 6 1 3 2
3 3 1 5 4 2 0
1 2 0 0 0 1 3
