7 Elgin City South
3 6 538 4062
Peter BLOOMFIELD, Con
Paul BRIGGS, Ind
John DIVERS, Lab
Michaela FRENCH, Ind
Graham LEADBITTER, SNP
Bernard Matthew SALMON, SLD
2 1 0 2 0 4 3
1 5 2 1 4 3 6
16 2 0 1 0 3 0
9 0 2 3 1 0 0
3 0 0 2 1 0 0
1 1 4 3 2 5 6
4 0 0 3 0 2 1
1 5 4 2 0 3 1
4 0 3 1 4 2 0
6 1 4 5 3 6 2
1 2 4 1 0 5 3
3 0 1 2 3 0 0
1 3 5 4 6 1 2
5 1 3 5 2 6 4
4 4 5 1 6 2 3
1 5 4 2 0 1 3
3 4 5 3 2 1 6
2 3 1 4 2 6 5
1 1 3 0 0 2 0
8 6 4 1 3 5 2
2 0 4 1 5 2 3
2 2 1 3 4 6 5
40 0 0 2 3 1 0
1 0 1 0 3 0 2
4 0 0 0 1 0 2
1 4 6 1 3 2 5
1 4 2 5 3 1 6
12 6 5 1 4 2 3
1 4 3 1 0 2 0
1 4 3 2 1 6 5
1 3 4 5 6 2 1
2 6 2 1 3 4 5
6 3 0 0 0 1 2
2 3 5 1 2 0 4
1 2 1 4 5 3 6
25 0 2 1 3 0 0
1 5 3 1 4 0 2
1 1 4 5 2 0 3
1 3 4 1 5 0 2
1 3 2 5 1 6 4
1 1 6 2 5 4 3
131 0 0 2 0 1 3
1 4 3 2 6 1 5
1 2 0 0 3 0 1
3 6 5 3 2 1 4
4 3 5 1 2 6 4
2 4 2 6 1 5 3
1 2 4 1 3 6 5
1 2 5 1 0 3 4
1 1 0 3 2 0 4
21 0 0 1 3 2 0
6 1 2 3 4 5 6
7 5 2 1 3 6 4
1 1 0 2 4 3 0
2 0 0 2 3 0 1
1 5 3 2 4 0 1
1 2 4 6 1 5 3
6 6 3 2 5 1 4
2 1 5 3 4 0 2
2 1 5 2 6 4 3
2 6 2 3 5 1 4
27 1 0 2 3 0 0
1 0 4 0 3 1 2
1 6 4 5 3 2 1
2 1 4 5 2 6 3
1 4 2 1 6 3 5
1 1 3 2 4 5 6
1 6 5 1 2 4 3
1 4 2 5 1 0 3
1 2 3 1 0 5 4
2 0 0 1 4 2 3
2 0 5 1 4 2 3
3 1 2 3 4 0 5
6 1 0 3 0 2 0
4 6 4 5 3 1 2
1 3 0 4 0 1 2
14 0 5 2 4 1 3
8 0 0 1 2 0 0
9 0 2 0 0 1 0
2 2 4 5 3 6 1
3 4 2 1 3 6 5
2 4 5 1 6 3 2
5 1 5 3 4 6 2
1 2 3 5 6 4 1
1 2 5 3 4 0 1
5 3 5 1 4 6 2
1 2 1 0 3 0 4
16 1 2 4 3 6 5
1 1 4 3 0 0 2
10 2 3 1 4 6 5
1 0 5 3 4 1 2
3 3 6 1 5 2 4
4 3 0 1 0 4 2
10 1 3 2 4 0 0
19 0 0 1 0 3 2
1 0 3 1 5 4 2
6 1 2 5 3 0 4
1 5 1 2 4 6 3
290 1 0 0 0 0 0
2 1 4 2 0 0 3
26 0 2 1 0 0 0
9 0 2 0 1 0 3
1 3 1 0 0 0 2
14 6 4 2 3 1 5
1 3 5 6 2 4 1
1 0 3 4 2 1 0
3 1 3 5 4 0 2
3 0 5 2 3 1 4
23 1 2 5 3 6 4
2 6 2 1 5 3 4
3 1 2 4 3 5 6
7 6 2 4 3 1 5
10 0 1 0 2 0 0
3 2 6 3 5 1 4
1 0 4 2 3 0 1
3 1 2 3 4 0 0
1 4 2 0 3 0 1
1 1 2 5 4 0 3
3 0 0 0 1 2 3
1 2 4 3 5 6 1
7 0 3 2 1 0 0
35 0 3 2 0 1 0
1 6 5 4 1 2 3
2 4 5 3 6 1 2
5 6 2 5 3 1 4
5 0 0 3 1 2 0
1 4 1 6 2 5 3
2 0 0 0 2 3 1
1 4 5 2 3 1 6
1 0 2 3 1 0 4
1 3 5 4 0 1 2
2 1 3 2 6 4 5
16 0 0 0 2 1 0
2 4 2 5 1 6 3
3 0 1 0 0 0 2
3 5 1 4 2 6 3
3 6 2 5 4 1 3
10 0 3 1 0 0 2
49 0 0 1 0 2 3
3 2 4 1 3 0 0
1 6 1 3 4 2 5
1 2 0 1 3 0 4
2 5 2 6 3 1 4
3 6 3 5 4 1 2
1 5 6 2 3 1 4
12 0 3 0 2 0 1
3 1 3 0 2 0 4
5 2 4 1 5 6 3
2 3 2 1 4 6 5
1 6 1 3 2 5 4
1 2 4 5 3 0 1
4 0 0 0 1 2 0
2 0 2 5 3 1 4
1 2 3 1 0 0 4
2 6 4 3 1 2 5
5 1 0 0 0 2 0
2 1 5 6 4 2 3
1 0 2 1 5 3 4
1 3 6 1 4 2 5
18 0 3 1 2 0 0
1 2 4 5 6 1 3
4 1 3 4 2 6 5
1 1 3 4 2 5 6
1 1 0 2 4 0 3
2 3 0 2 0 4 1
16 1 3 0 0 0 2
4 1 3 2 4 0 5
1 2 3 1 4 5 6
3 1 6 3 5 2 4
1 2 4 1 5 0 3
6 6 5 1 3 2 4
6 0 1 0 0 0 0
16 3 0 1 0 2 0
8 6 5 2 3 1 4
3 0 0 2 1 3 0
431 0 0 0 0 1 0
8 6 5 4 3 1 2
2 0 4 2 0 1 3
1 0 4 1 3 5 2
4 1 2 5 4 6 3
1 0 1 0 3 2 0
1 3 2 4 1 0 0
2 2 6 1 5 3 4
1 5 1 3 4 0 2
1 2 0 0 0 3 1
1 1 3 4 2 0 0
2 2 3 4 5 1 6
1 1 0 4 2 0 3
1 3 4 2 1 6 5
1 4 5 2 3 0 1
1 2 1 4 3 6 5
2 1 5 2 3 4 6
9 1 2 0 0 0 3
1 3 5 2 6 1 4
1 0 3 0 0 2 1
1 5 4 2 3 1 6
1 5 0 2 3 1 4
6 6 2 1 3 5 4
1 6 4 5 1 2 3
1 0 1 2 0 3 0
2 2 3 1 4 0 5
2 2 4 3 5 1 6
2 0 2 1 3 4 0
1 5 3 1 0 4 2
1 2 0 1 0 3 4
1 2 5 3 4 1 6
1 2 3 0 0 0 1
40 2 0 1 0 0 3
1 2 6 3 5 4 1
4 0 0 1 3 2 4
1 4 2 3 1 0 0
6 0 2 1 0 0 3
3 4 5 2 6 1 3
1 5 6 1 3 2 4
1 5 1 3 2 6 4
3 1 4 0 2 0 3
15 1 2 0 0 0 0
1 0 4 1 2 3 5
1 0 0 2 1 0 3
15 0 2 0 1 0 0
1 1 4 3 2 0 5
4 0 3 0 1 2 0
1 5 4 1 6 2 3
1 6 2 3 1 4 5
38 0 3 0 2 1 0
1 5 3 1 2 0 4
1 2 5 1 6 3 4
1 1 0 3 0 2 4
6 0 4 2 3 1 0
6 0 4 1 3 0 2
3 2 3 0 1 0 0
2 1 3 4 5 6 2
2 0 0 3 2 0 1
1 6 3 1 2 4 5
2 3 1 5 2 6 4
23 0 0 1 3 0 2
6 0 1 0 2 0 3
1 1 6 5 4 2 3
1 2 3 4 1 0 0
2 0 3 4 1 2 5
3 6 4 5 2 1 3
3 1 3 0 4 0 2
2 0 2 4 1 3 0
1 5 2 1 6 3 4
2 3 1 0 2 0 4
2 0 4 1 0 2 3
1 6 1 2 4 3 5
1 1 4 2 3 0 0
2 1 3 2 5 6 4
15 1 0 0 2 0 0
7 6 4 1 5 2 3
1 5 6 3 2 1 4
22 6 3 2 4 1 5
1 3 5 1 4 2 6
20 6 5 3 4 1 2
3 0 2 1 0 3 0
32 0 2 0 3 1 0
1 4 0 1 0 3 2
17 6 4 2 5 1 3
5 6 3 1 4 2 5
1 3 6 4 1 2 5
1 5 1 3 2 4 6
1 2 0 4 0 1 3
1 2 4 6 3 5 1
1 0 4 3 0 1 2
2 0 4 2 3 1 5
2 6 2 3 1 5 4
12 0 0 0 1 0 0
1 3 0 1 0 2 4
1 2 4 1 0 0 3
1 6 2 4 5 1 3
4 0 0 2 0 3 1
1 0 0 3 4 1 2
1 0 5 1 4 3 2
3 0 1 2 0 0 0
1 1 0 4 3 5 2
7 0 3 2 4 1 0
2 4 2 1 3 0 0
1 4 1 3 5 2 6
1 2 3 1 6 4 5
2 1 2 3 5 6 4
2 4 3 1 5 2 6
1 5 4 1 0 2 3
1 2 6 1 5 4 3
3 3 6 2 5 1 4
1 0 5 1 2 3 4
4 6 5 4 2 1 3
4 1 2 3 0 0 4
4 2 0 0 1 0 0
2 1 5 4 3 0 2
2 0 1 0 0 2 0
74 1 0 2 0 0 3
2 5 2 1 4 6 3
2 5 4 2 6 1 3
1 0 4 5 1 2 3
7 0 1 3 2 0 0
7 0 0 3 2 1 0
1 6 4 2 3 5 1
2 1 0 0 3 2 0
1 0 2 5 1 4 3
1 4 2 3 1 5 6
14 2 5 1 4 6 3
1 6 3 2 4 5 1
1 2 5 3 1 6 4
1 0 2 0 3 0 1
1 2 4 3 5 0 1
226 0 0 2 0 1 0
1 4 1 2 3 6 5
1 1 5 2 6 3 4
4 2 3 1 5 6 4
1 1 0 2 0 3 4
2 3 0 0 2 1 0
1 1 3 5 2 0 4
1 3 0 4 1 2 0
1 2 4 1 3 5 6
44 0 0 3 0 1 2
10 0 0 2 0 0 1
1 1 4 3 6 5 2
21 1 0 2 0 3 0
2 0 4 3 2 1 0
7 1 4 3 5 6 2
1 1 4 2 5 3 6
1 4 6 2 1 3 5
3 3 0 2 1 0 0
1 6 3 4 2 5 1
1 0 3 1 0 2 4
112 0 0 1 0 2 0
1 1 2 3 5 0 4
1 0 2 1 3 0 4
1 4 2 3 6 1 5
4 5 3 2 6 1 4
1 0 0 2 1 3 4
2 5 3 2 4 1 6
1 0 5 4 3 1 2
1 6 2 5 1 4 3
1 3 2 1 5 0 4
1 4 2 1 6 5 3
1 1 3 6 2 5 4
11 2 0 1 3 0 0
2 0 3 0 2 1 4
45 0 0 1 0 0 2
2 3 2 0 1 0 4
1 3 0 0 0 2 1
1 5 4 1 3 0 2
13 1 2 3 0 0 0
2 0 2 4 3 0 1
16 2 0 3 0 1 0
1 3 0 0 1 2 0
1 5 2 4 3 1 6
3 1 4 0 3 0 2
17 0 0 0 0 1 2
5 3 0 1 2 0 0
1 2 5 1 6 4 3
2 2 5 4 6 1 3
2 0 0 2 4 1 3
1 2 3 0 0 1 0
1 6 5 2 1 3 4
26 0 3 1 0 2 0
2 0 3 1 5 2 4
1 2 0 1 4 0 3
7 0 3 1 4 0 2
1 0 2 1 3 4 5
3 1 4 2 3 6 5
1 5 2 6 4 1 3
1 5 6 2 4 1 3
3 3 0 2 0 0 1
2 4 6 1 5 2 3
3 1 4 3 5 0 2
2 2 3 1 4 0 0
2 1 2 4 3 0 5
4 5 3 1 2 6 4
2 0 3 4 2 0 1
25 3 0 1 0 0 2
1 1 2 0 4 0 3
1 1 2 4 5 6 3
1 5 2 1 6 4 3
1 3 1 6 2 5 4
26 1 0 3 0 0 2
4 3 6 1 5 4 2
1 0 0 0 2 0 1
5 1 3 5 4 6 2
1 5 4 2 3 6 1
1 4 5 1 3 6 2
6 5 3 1 4 6 2
1 4 5 1 3 0 2
6 2 0 0 0 1 0
1 0 0 3 2 1 4
15 0 0 0 0 0 1
9 0 0 0 3 1 2
1 4 6 1 5 3 2
39 1 0 0 0 0 2
1 1 3 4 6 5 2
1 6 2 4 1 3 5
1 1 3 4 2 0 5
4 0 0 0 2 1 3
245 0 0 1 0 0 0
2 6 1 5 2 3 4
1 2 0 3 0 1 4
2 5 4 1 2 6 3
2 1 3 4 0 0 2
1 2 6 1 4 5 3
1 6 4 2 1 3 5
9 1 4 2 5 0 3
1 3 4 2 0 0 1
10 2 3 1 0 0 0
4 4 3 1 2 6 5
3 0 3 2 0 0 1
1 3 2 0 0 0 1
1 6 2 4 3 5 1
4 2 0 3 0 0 1
1 6 3 1 5 4 2
5 4 0 2 0 1 3
6 0 3 0 0 1 2
2 0 2 3 4 1 5
6 6 4 1 3 2 5
1 2 3 5 4 6 1
1 0 0 1 4 3 2
3 0 4 1 3 2 0
3 0 2 3 0 1 0
1 5 4 2 3 0 1
1 2 5 1 4 0 3
1 6 1 3 2 4 5
2 2 0 3 1 0 0
5 0 0 0 3 2 1
1 1 5 4 3 6 2
1 5 6 1 4 3 2
2 5 4 1 2 3 6
15 1 3 2 4 6 5
1 0 5 2 4 3 1
1 4 6 3 5 1 2
6 6 5 1 4 3 2
1 3 2 4 1 6 5
1 0 2 1 0 3 4
5 3 2 0 1 0 0
1 0 4 2 0 3 1
4 4 6 2 5 1 3
1 1 0 4 3 0 2
1 0 2 1 4 3 0
1 1 5 4 2 6 3
1 5 4 6 2 1 3
1 2 3 5 1 0 4
1 1 0 0 2 3 0
51 2 0 1 0 0 0
1 0 3 4 2 1 5
1 2 1 5 3 0 4
1 5 4 1 2 0 3
5 0 2 0 1 3 0
5 2 1 0 3 0 0
2 5 6 4 3 1 2
12 1 4 2 5 6 3
1 2 5 4 1 6 3
8 1 0 3 2 0 0
1 4 3 6 2 5 1
1 3 5 1 6 4 2
2 0 1 2 0 0 3
1 0 1 3 0 4 2
2 4 5 1 2 6 3
4 5 4 1 3 6 2
1 1 6 3 4 5 2
1 3 2 6 1 5 4
4 2 0 0 1 0 3
1 4 3 1 6 2 5
1 0 2 3 4 1 0
2 1 4 2 3 0 5
1 6 5 4 3 2 1
4 5 2 4 1 6 3
26 1 3 0 2 0 0
1 6 4 3 5 2 1
1 1 2 0 0 3 0
39 6 5 2 4 1 3
4 0 1 0 2 3 0
1 0 3 1 2 4 0
5 3 4 1 5 6 2
12 3 2 1 0 0 0
1 5 6 4 2 1 3
1 5 3 4 2 1 6
1 6 3 5 1 2 4
10 6 3 4 2 1 5
2 3 4 6 5 1 2
3 1 5 3 6 2 4
1 5 3 1 4 2 6
7 6 3 1 4 5 2
3 5 2 3 1 6 4
1 6 5 3 4 2 1
3 2 5 3 6 1 4
1 0 0 4 2 1 3
6 0 0 1 2 3 0
1 4 3 2 5 1 6
1 6 3 1 2 5 4
31 1 3 2 0 0 0
1 2 1 3 0 0 0
1 6 4 1 2 3 5
1 2 3 6 4 1 5
1 1 5 2 3 0 4
1 4 5 2 1 6 3
1 0 3 1 2 0 4
4 2 0 0 0 0 1
2 2 1 0 0 0 0
7 2 0 0 3 1 0
4 3 5 1 6 2 4
8 6 3 5 2 1 4
3 0 0 3 1 0 2
1 2 4 6 5 1 3
4 6 3 1 5 2 4
4 6 2 3 4 1 5
1 2 3 1 0 4 0
7 1 2 3 4 6 5
11 0 0 1 2 0 3
3 2 4 1 3 0 5
2 5 3 6 2 1 4
1 6 2 5 1 3 4
20 3 0 2 0 1 0
1 0 1 3 0 0 2
8 3 1 0 2 0 0
11 1 0 0 2 0 3
2 3 4 2 5 6 1
4 0 0 0 0 2 1
6 1 5 2 4 6 3
1 0 5 1 3 4 2
2 0 2 0 0 1 3
2 1 4 3 2 6 5
1 3 4 1 0 0 2
69 1 2 0 3 0 0
111 1 0 2 0 0 0
9 1 0 0 3 0 2
2 6 1 3 5 2 4
1 0 2 3 4 0 1
8 6 4 3 5 1 2
1 0 1 2 3 4 0
1 0 3 2 4 5 1
3 6 4 3 2 1 5
1 3 0 1 4 0 2
2 0 3 0 4 1 2
1 3 6 2 5 4 1
9 1 2 0 3 0 4
1 3 4 1 5 2 6
3 2 0 0 0 1 3
1 6 1 2 3 4 5
