5 Midlothian East
3 6 484 4942
Bill KERR-SMITH, Grn
Jenny Claire MARR, SLD
Stuart Douglas MCKENZIE, SNP
Ann MONTAGUE, SNP
Bryan POTTINGER, Lab
Peter SMAILL, Con
3 4 2 6 5 1 3
8 2 0 1 0 3 0
140 0 0 2 1 0 0
126 0 2 0 0 3 1
1 0 2 3 0 0 1
1 0 2 3 1 0 0
6 4 2 0 0 1 3
3 1 4 3 2 5 6
1 1 4 3 5 2 6
3 0 0 3 0 2 1
3 0 1 2 3 0 0
1 2 4 3 1 5 0
2 1 5 2 4 3 6
1 5 3 2 1 6 4
1 4 1 0 0 3 2
13 4 5 3 2 1 6
24 1 3 0 0 2 0
1 2 1 3 4 6 5
5 3 2 0 0 1 4
1 3 2 4 1 5 6
1 6 4 1 3 5 2
34 0 0 2 3 1 0
1 2 0 4 1 3 0
2 4 2 5 3 1 6
1 6 5 1 4 2 3
2 3 4 5 6 2 1
2 4 3 1 0 2 0
1 2 1 4 5 3 0
9 3 0 0 0 1 2
1 0 2 1 3 0 0
1 3 2 1 5 4 6
1 5 6 2 1 4 3
1 0 3 0 4 2 1
1 3 2 5 4 6 1
13 4 5 2 1 3 6
1 2 6 5 1 4 3
25 0 1 0 0 2 3
1 3 1 0 2 4 5
6 2 5 1 3 4 6
2 2 0 3 1 4 0
14 3 0 1 2 4 0
1 2 0 0 3 0 1
1 0 0 2 0 1 3
1 6 5 3 2 1 4
4 3 5 1 2 6 4
1 0 3 0 1 0 2
8 0 0 1 3 2 0
2 1 2 3 4 5 6
2 1 2 5 4 3 0
1 1 3 6 5 2 4
1 2 1 6 5 4 3
5 1 3 5 4 2 6
37 1 0 2 3 0 0
2 3 4 1 0 2 0
1 6 4 5 3 2 1
1 5 4 3 2 6 1
2 5 1 2 3 6 4
4 3 4 1 2 5 0
4 1 3 4 5 2 0
3 1 3 2 4 5 6
1 6 5 1 2 4 3
1 3 2 1 4 5 6
1 2 5 4 3 1 6
5 1 0 3 0 2 0
1 3 0 1 2 0 4
1 3 4 5 2 1 6
270 0 0 1 2 0 0
116 0 2 0 0 1 0
1 2 4 1 3 5 0
1 2 3 5 6 4 1
1 1 2 4 3 0 0
6 4 0 2 1 3 0
1 4 2 3 5 1 6
1 2 5 1 4 3 0
1 4 2 5 1 3 6
1 1 2 0 4 3 0
1 2 0 3 4 1 0
2 2 1 5 6 3 4
1 3 2 0 4 1 0
1 2 3 1 4 6 5
2 1 3 0 0 2 4
6 1 0 0 0 3 2
2 2 0 3 4 0 1
37 1 0 0 0 0 0
1 4 6 3 1 2 5
1 0 2 1 0 0 0
8 3 1 0 0 0 2
1 0 2 0 1 0 3
2 1 4 2 3 5 0
1 1 3 5 4 0 2
2 4 1 5 6 3 2
1 2 4 3 1 0 0
1 2 3 4 5 1 0
5 1 5 3 2 4 0
2 2 1 5 4 3 6
1 1 2 4 3 5 6
1 6 2 4 3 1 5
3 3 2 4 0 1 0
3 1 2 3 4 0 0
1 0 0 0 1 3 2
1 0 0 0 1 2 3
7 0 3 2 0 1 0
10 0 3 2 1 0 0
1 6 5 4 1 2 3
1 5 6 3 1 2 4
5 1 5 4 3 2 6
5 0 0 3 1 2 0
1 3 4 2 6 5 1
9 4 5 2 3 1 6
2 5 4 3 1 2 6
1 3 5 4 2 1 6
17 0 0 0 2 1 0
8 3 5 2 1 4 0
1 3 2 4 1 5 0
1 0 0 4 3 1 2
9 3 4 0 0 1 2
14 0 1 0 0 0 2
3 6 2 5 4 1 3
7 1 5 3 2 4 6
1 0 3 1 0 0 2
1 5 6 2 3 1 4
6 3 2 0 0 4 1
3 6 3 5 4 1 2
5 1 5 3 4 2 6
4 0 3 0 2 0 1
3 1 3 4 5 2 6
2 2 5 3 1 4 6
3 2 3 5 4 1 0
2 3 1 0 0 2 4
1 0 0 0 1 2 0
18 1 0 0 0 2 0
3 5 3 1 2 4 6
2 2 4 5 6 1 3
20 0 3 1 2 0 0
5 6 3 5 4 2 1
51 3 4 2 1 5 6
2 1 3 4 2 5 6
37 3 5 1 2 4 6
1 2 1 5 3 4 6
10 1 3 0 0 0 2
4 2 3 1 4 5 6
1 5 4 2 1 3 0
1 5 4 2 1 6 3
1 4 5 2 6 3 1
11 4 2 5 6 3 1
29 0 1 0 0 0 0
2 6 5 2 3 1 4
4 4 3 2 1 5 6
7 3 0 1 0 2 0
46 0 0 2 1 3 0
400 0 0 0 0 1 0
6 2 1 0 0 0 3
4 3 2 6 5 1 4
1 2 4 5 6 3 1
3 6 5 4 3 1 2
1 2 3 0 4 0 1
23 3 5 2 1 4 6
1 1 2 5 4 6 3
3 0 1 0 3 2 0
1 3 2 4 1 0 0
7 2 0 0 0 3 1
4 2 3 4 5 1 6
2 1 3 4 2 0 0
11 3 2 4 5 1 6
1 3 4 2 1 6 5
1 2 5 4 3 6 1
233 0 3 0 0 2 1
12 1 5 2 3 4 6
1 3 5 2 6 1 4
6 1 2 0 0 0 3
3 5 4 2 3 1 6
1 1 2 4 5 3 0
1 0 1 2 0 3 0
1 1 4 6 5 3 2
1 2 3 0 0 4 1
3 2 4 3 5 1 6
2 0 2 1 3 4 0
1 4 1 3 2 5 6
2 2 0 0 1 3 0
3 3 1 5 4 2 6
13 2 3 0 0 0 1
1 2 5 3 4 1 6
2 2 0 1 0 0 3
3 0 4 2 1 3 0
1 4 2 3 1 0 0
1 0 0 1 3 2 4
1 4 5 2 6 1 3
23 1 2 0 0 0 0
1 3 0 2 4 1 0
5 0 0 2 1 0 3
1 5 1 0 3 2 4
9 3 4 2 1 0 0
1 2 1 0 4 0 3
6 0 3 0 1 2 0
3 1 5 4 3 2 0
5 0 3 0 2 1 0
1 0 4 2 3 1 0
3 2 3 0 1 0 0
2 2 1 0 4 3 0
7 0 0 3 2 0 1
1 1 0 4 3 2 0
22 4 3 5 6 1 2
7 4 3 0 0 1 2
4 4 5 2 1 3 0
2 6 3 1 2 4 5
1 1 6 5 4 2 3
2 3 2 5 6 4 1
1 1 5 2 4 3 0
1 2 1 4 6 5 3
2 5 3 4 6 2 1
6 1 4 2 3 0 0
11 4 3 0 0 2 1
5 1 0 0 2 0 0
2 2 5 4 3 1 0
2 3 5 1 4 2 6
1 6 3 2 4 1 5
5 6 5 3 4 1 2
1 0 2 1 0 3 0
4 0 2 0 3 1 0
6 4 3 1 2 5 6
2 4 3 1 2 5 0
3 2 5 3 4 1 0
1 1 2 5 3 4 0
1 6 4 1 2 5 3
3 6 3 4 5 1 2
10 5 4 2 1 3 6
1 1 2 5 6 3 4
1 5 1 4 6 3 2
9 3 4 2 1 5 0
21 0 0 0 1 0 0
1 2 1 4 3 5 6
1 6 2 4 5 1 3
1 4 1 5 3 2 6
8 3 0 2 1 4 0
1 3 2 5 4 1 0
5 5 4 1 2 3 0
1 5 2 3 4 0 1
1 0 0 2 0 3 1
1 5 1 3 4 2 6
4 4 3 6 5 1 2
1 0 1 2 0 0 0
1 3 2 1 0 4 0
1 4 1 3 5 2 6
1 0 2 0 4 1 3
1 4 3 1 5 2 6
1 1 2 4 3 5 0
1 0 0 2 3 1 4
1 2 3 0 0 1 4
28 4 5 1 2 3 6
25 0 1 0 0 2 0
5 2 0 0 1 0 0
1 6 5 4 2 1 3
2 5 2 3 4 1 0
1 5 4 2 6 1 3
5 1 0 3 2 4 0
32 0 0 3 2 1 0
8 1 0 0 3 2 0
1 6 4 2 3 5 1
1 3 1 0 0 4 2
95 3 2 0 0 1 0
1 4 2 3 1 5 6
4 1 2 4 5 3 6
1 4 3 0 2 0 1
10 3 4 1 2 0 0
2 4 0 2 3 1 0
3 0 2 0 3 0 1
1 3 2 4 6 1 5
13 0 0 2 0 1 0
1 6 4 3 2 5 1
14 3 0 0 2 1 0
3 5 4 3 2 1 0
2 5 1 2 3 4 6
5 3 4 0 0 2 1
4 2 4 1 3 5 6
3 0 0 3 0 1 2
1 0 0 1 2 4 3
2 4 6 1 2 3 5
1 0 4 3 1 2 0
1 4 1 3 2 0 0
4 1 0 2 0 3 0
7 3 2 5 6 1 4
3 0 4 3 2 1 0
1 1 3 5 6 2 4
154 3 0 2 1 0 0
19 2 1 0 0 3 0
10 4 0 1 2 3 0
3 1 3 4 2 5 0
1 3 1 5 6 4 2
10 0 0 1 0 2 0
4 6 2 5 4 3 1
1 5 6 3 4 1 2
3 3 0 4 2 1 0
1 5 3 2 4 1 6
10 1 4 2 3 5 6
5 4 5 3 2 1 0
1 4 1 3 2 5 0
1 6 5 2 3 4 1
1 3 2 4 0 5 1
30 2 0 1 3 0 0
1 0 3 0 2 1 4
9 3 0 0 0 2 1
1 4 1 5 0 2 3
7 1 2 3 0 0 0
16 2 0 3 0 1 0
2 3 0 0 1 2 0
5 5 2 4 3 1 6
227 3 0 1 2 0 0
64 0 0 0 0 1 2
2 1 4 0 2 3 0
1 1 2 3 5 4 6
52 2 3 0 0 1 0
1 5 4 0 3 2 1
1 6 5 2 1 3 4
1 1 0 4 2 3 0
4 0 3 1 0 2 0
1 3 1 6 5 2 4
1 2 1 6 5 3 4
2 3 1 2 0 4 5
1 2 3 4 5 6 1
1 2 1 5 4 3 0
1 5 2 6 4 1 3
1 1 5 3 4 2 0
2 4 1 5 6 2 3
2 3 2 6 5 4 1
1 2 3 4 1 5 0
4 5 1 4 3 2 6
1 6 1 5 4 3 2
1 2 4 3 0 1 0
1 5 3 1 2 6 4
1 1 3 2 0 4 0
2 3 0 1 0 0 2
1 3 2 4 5 1 0
2 4 3 1 2 0 0
1 0 3 1 2 4 5
2 4 3 2 5 6 1
1 2 4 3 1 5 6
5 5 2 3 4 1 6
1 2 3 4 5 0 1
1 3 6 2 4 5 1
1 0 1 4 3 2 0
2 0 0 0 2 0 1
5 1 4 3 2 5 0
47 2 0 0 0 1 0
1 1 2 0 0 4 3
328 0 0 0 0 0 1
1 1 5 4 2 3 6
45 3 4 1 2 5 6
1 3 1 4 5 2 0
5 0 0 0 3 1 2
2 4 6 1 2 5 3
2 2 5 1 3 4 0
1 3 0 2 1 5 4
2 1 0 0 0 0 2
1 0 0 0 2 1 3
3 4 3 2 1 0 0
3 4 0 3 2 1 0
53 0 0 1 0 0 0
1 0 2 4 3 1 0
6 3 2 5 4 1 6
1 1 2 0 0 3 4
1 4 1 0 0 2 3
1 2 0 1 3 4 0
1 5 1 2 3 4 0
3 4 1 6 5 2 3
1 2 3 1 0 0 0
25 3 2 0 0 0 1
2 1 0 0 0 2 3
2 4 0 1 3 2 0
1 2 5 4 1 3 0
1 4 3 1 2 6 5
1 0 3 2 0 0 1
1 0 4 1 2 3 0
4 2 0 3 0 0 1
2 4 3 6 5 2 1
2 2 1 3 4 5 6
152 0 3 0 0 1 2
9 4 3 5 6 2 1
5 5 3 2 1 4 6
11 0 2 3 0 1 0
2 2 5 1 4 0 3
12 2 0 3 1 0 0
3 0 0 0 3 2 1
14 5 4 1 2 3 6
1 0 0 3 2 4 1
1 3 4 2 1 0 5
1 0 3 4 0 2 1
1 4 2 0 3 1 0
1 1 6 2 4 5 3
12 4 2 5 6 1 3
1 1 3 2 4 6 5
5 2 3 6 5 1 4
2 1 0 3 4 2 0
1 3 2 0 1 0 0
1 1 3 4 0 2 0
1 3 1 5 6 2 4
6 1 5 2 3 4 0
3 1 0 0 2 3 0
1 4 5 1 2 3 0
1 5 6 2 1 3 4
11 2 0 1 0 0 0
1 4 6 2 3 1 5
1 5 1 3 4 6 2
1 0 2 0 1 3 0
2 6 2 4 5 3 1
1 3 5 2 4 1 6
3 3 4 5 6 1 2
4 2 1 0 3 0 0
89 0 2 0 0 0 1
2 5 4 2 3 1 0
2 2 4 0 0 1 3
1 0 1 3 2 4 0
25 1 0 3 2 0 0
2 1 3 6 5 4 2
1 4 5 1 3 2 6
1 1 5 4 2 3 0
3 4 5 1 2 6 3
4 4 2 6 5 3 1
1 4 5 3 1 2 0
1 1 6 4 3 2 5
1 5 2 4 3 6 1
4 3 1 4 5 2 6
1 2 4 3 6 1 5
1 6 1 4 5 3 2
2 6 5 4 3 2 1
5 2 3 6 5 4 1
1 6 3 2 1 4 5
3 4 5 2 3 1 0
4 1 3 0 2 0 0
25 1 2 0 0 3 0
5 3 2 1 0 0 0
2 0 1 0 2 3 0
1 0 3 1 2 4 0
1 6 3 5 1 2 4
4 2 3 5 4 1 6
1 2 0 1 4 3 0
2 1 2 6 5 4 3
6 4 2 0 0 3 1
5 6 3 4 5 2 1
1 5 3 1 4 2 6
110 0 0 1 2 3 0
1 2 5 3 6 1 4
1 4 3 2 5 1 6
1 6 3 1 2 5 4
5 1 4 3 2 0 0
5 1 3 2 0 0 0
3 2 1 3 0 0 0
1 6 4 1 2 3 5
12 2 0 0 0 0 1
17 2 1 0 0 0 0
1 3 6 1 2 4 5
7 5 4 3 2 1 6
1 4 5 2 1 6 3
1 0 3 1 2 0 4
2 2 5 4 1 3 6
1 1 4 5 2 3 6
11 3 5 1 2 4 0
6 2 0 0 3 1 0
3 3 1 6 5 4 2
5 6 2 3 4 1 5
1 0 0 3 1 0 2
1 5 3 2 1 4 0
8 1 0 2 3 4 0
6 0 0 1 2 0 3
6 6 5 1 2 3 4
3 3 1 0 2 0 0
11 3 0 2 0 1 0
1 3 5 4 1 2 0
3 1 0 0 2 0 3
120 0 0 0 0 2 1
75 0 2 0 0 1 3
1 1 2 5 4 3 6
20 3 1 0 0 2 0
6 1 0 2 0 0 0
1 1 2 0 3 0 0
3 4 1 6 5 3 2
3 6 4 3 2 1 5
2 6 1 4 5 2 3
15 0 1 0 0 3 2
1 3 1 4 2 5 6
6 2 3 5 6 1 4
1 3 0 0 2 0 1
1 3 4 1 5 2 6
12 2 0 0 0 1 3
1 6 1 2 3 4 5
