1 North West and Central Sutherland
3 7 585 2756
Michael BAIRD, SLD
Charlotte GIBSON, Con
Marianne HUTCHISON, SNP
Robert Alan JARDINE, FA
Hugh MORRISON, Ind
Clive SOLEY, Lab
Philipp TANZER, SFP
1 1 4 3 5 2 6 7
1 1 7 2 3 4 6 5
1 3 1 0 0 0 0 2
32 2 0 1 0 3 0 0
1 2 1 0 4 0 0 3
1 1 5 3 7 4 2 6
1 2 1 0 3 0 0 4
3 6 7 1 4 2 5 3
1 1 2 0 0 4 0 3
1 0 5 1 3 2 4 0
1 2 6 3 1 4 5 7
2 0 1 0 0 3 0 2
1 2 0 0 3 1 0 4
3 0 1 0 2 0 0 3
1 0 2 3 0 0 1 0
2 0 0 2 1 0 0 0
1 1 4 7 5 3 2 6
1 0 2 0 0 3 1 0
1 2 1 7 4 3 5 6
1 1 3 6 5 2 4 7
2 2 6 1 7 4 5 3
1 1 4 6 7 2 3 5
1 1 5 4 0 3 2 0
1 2 4 1 5 7 3 6
1 1 6 5 4 2 7 3
1 0 0 0 0 3 2 1
4 3 0 2 0 1 4 0
2 0 0 3 0 2 1 0
3 4 6 1 5 2 3 7
1 4 7 3 5 1 2 6
29 1 3 0 0 2 0 0
1 3 0 0 2 0 0 1
2 1 0 0 4 2 3 0
1 3 6 1 5 2 4 7
1 1 2 6 4 3 0 5
1 1 6 7 4 3 2 5
2 4 0 2 0 3 1 0
1 2 1 3 0 4 5 0
1 3 2 0 0 1 4 0
8 0 0 2 3 1 0 0
1 3 2 4 0 1 5 6
1 0 1 0 3 0 2 0
1 1 4 6 7 5 2 3
2 5 1 0 0 2 3 4
1 0 2 0 3 0 0 1
1 0 0 0 0 1 3 2
1 4 3 1 0 2 0 0
1 3 6 2 4 1 7 5
1 1 4 7 5 2 3 6
1 2 1 3 0 4 0 0
8 3 0 0 0 1 2 0
1 7 6 5 2 1 4 3
1 0 2 1 3 0 0 0
5 0 0 2 0 1 0 3
1 5 3 1 4 0 2 0
1 3 0 1 0 2 0 4
1 1 3 4 5 6 7 2
1 3 2 0 0 0 0 1
2 4 7 1 3 2 6 5
1 5 4 7 2 6 3 1
3 3 6 1 4 5 2 7
15 0 0 2 0 1 3 0
1 3 0 2 0 0 4 1
1 2 6 7 4 1 3 5
1 2 0 0 3 0 1 0
1 1 4 7 2 6 3 5
1 2 3 6 5 4 1 7
1 3 7 1 4 5 2 6
1 4 3 1 5 2 6 7
5 0 0 1 3 2 0 0
1 5 7 1 2 3 6 4
1 0 0 2 3 0 1 0
1 2 4 1 5 3 6 0
1 1 2 3 4 5 6 0
1 1 7 6 3 2 5 4
1 0 4 3 0 1 5 2
2 5 4 1 7 2 3 6
1 1 3 2 6 5 4 0
1 2 1 7 4 5 3 6
1 3 4 1 0 2 0 0
1 5 6 1 7 2 4 3
2 1 0 2 3 0 0 0
1 7 1 4 5 3 2 6
1 3 5 2 6 1 7 4
1 3 1 5 0 4 2 0
1 1 5 2 0 3 6 4
1 1 7 5 4 2 3 6
1 2 0 3 0 4 1 0
1 0 0 1 4 2 3 0
1 3 0 4 0 1 2 0
1 3 1 0 2 4 0 0
13 1 0 3 0 2 0 0
19 0 2 0 0 1 0 0
5 0 0 1 2 0 0 0
1 2 1 0 3 4 0 5
1 4 7 2 5 1 3 6
1 1 2 3 6 5 4 7
1 4 0 3 1 2 0 0
1 1 2 0 4 3 0 0
2 2 0 3 4 1 0 0
1 1 4 3 0 0 2 0
1 1 3 0 0 4 2 0
2 1 2 7 6 4 5 3
21 1 0 0 0 3 2 0
4 3 0 1 0 4 2 0
13 0 0 1 0 3 2 0
3 0 1 0 0 0 0 2
2 2 1 7 4 3 6 5
1 1 3 4 6 5 2 7
1 0 0 0 2 0 3 1
4 0 2 1 0 0 0 0
119 1 0 0 0 0 0 0
2 0 0 0 2 1 0 3
1 2 7 1 5 3 4 6
1 0 4 0 0 1 3 2
5 3 1 0 0 0 2 0
1 7 6 1 4 2 3 5
1 3 1 7 5 2 4 6
1 7 1 3 4 5 2 6
1 7 6 2 4 1 5 3
2 0 0 3 0 0 1 2
1 6 7 1 4 2 3 5
1 3 6 7 1 2 4 5
1 0 0 0 4 2 3 1
1 2 7 1 4 3 5 6
2 1 2 7 6 5 3 4
1 3 2 4 6 5 1 7
1 4 0 3 0 1 2 0
1 3 2 4 0 1 0 0
1 1 0 4 0 2 3 0
1 6 1 7 5 4 3 2
1 0 0 0 1 2 3 0
1 5 7 1 3 2 6 4
6 0 3 2 0 1 0 0
1 1 2 0 0 3 5 4
1 2 0 1 4 5 3 6
3 3 7 1 4 2 5 6
1 2 1 7 5 6 4 3
1 0 0 0 3 2 0 1
1 3 0 1 0 4 2 5
1 0 0 3 1 2 0 0
2 1 4 0 0 2 3 0
1 5 2 3 7 1 4 6
1 3 5 4 0 1 2 0
3 0 0 3 0 2 0 1
6 0 0 0 2 1 0 0
1 0 0 4 3 1 2 0
1 3 4 0 0 1 2 0
1 2 1 5 4 6 3 7
1 2 4 1 5 6 3 7
5 3 7 1 5 2 4 6
4 0 1 0 0 0 2 0
1 0 0 3 0 1 2 4
21 0 0 1 0 2 3 0
4 0 3 1 0 0 2 0
7 0 0 1 0 3 0 2
1 6 7 1 5 2 3 4
1 2 0 1 3 0 4 0
1 1 6 7 2 3 4 5
3 2 1 0 0 3 0 4
2 3 5 1 0 2 4 0
2 6 7 1 3 2 5 4
2 0 0 1 0 0 2 3
1 3 1 0 0 2 0 4
4 0 0 0 1 2 0 0
1 3 2 4 6 1 7 5
1 1 2 5 6 4 3 7
49 1 0 0 0 2 0 0
1 1 4 7 3 2 5 6
1 6 7 1 2 3 5 4
5 2 0 0 0 1 0 3
1 3 1 7 4 2 5 6
3 0 0 0 1 3 0 2
1 6 0 1 2 3 4 5
1 6 3 2 7 5 1 4
2 0 3 1 2 0 0 0
2 3 6 7 2 4 5 1
1 2 0 0 0 0 3 1
1 4 3 2 5 6 1 7
1 2 4 5 0 1 3 0
20 1 3 0 0 0 2 0
52 3 0 1 0 2 0 0
68 0 1 0 0 0 0 0
10 1 0 2 0 0 0 3
5 0 0 2 1 3 0 0
1 1 2 6 3 4 7 5
1 1 5 7 4 3 2 6
85 0 0 0 0 1 0 0
13 2 1 0 0 0 3 0
1 4 3 7 2 1 5 6
6 0 0 3 0 1 0 2
1 5 4 0 2 3 0 1
1 1 7 2 5 6 3 4
1 6 7 1 4 3 5 2
1 3 7 1 4 2 6 5
1 1 5 2 6 3 4 7
3 0 1 0 3 2 0 0
1 2 0 1 0 4 0 3
1 3 0 1 4 2 5 0
1 3 0 0 0 0 1 2
1 0 1 0 2 4 0 3
6 2 0 0 0 3 1 0
1 2 7 1 5 3 6 4
1 0 2 3 0 0 0 1
1 3 2 7 4 1 6 5
2 0 3 0 0 2 0 1
6 0 0 0 1 0 0 2
3 1 0 3 0 0 0 2
33 1 2 0 0 0 3 0
1 3 2 4 6 1 5 7
1 5 0 2 3 1 4 0
1 3 0 1 5 2 4 0
1 1 4 2 6 3 7 5
1 2 1 0 4 0 3 5
1 1 6 5 3 4 2 7
1 3 5 7 6 2 4 1
1 1 4 3 0 2 0 0
2 0 0 0 1 2 0 3
1 5 7 1 4 2 3 6
2 1 2 7 5 3 6 4
1 3 2 0 5 4 6 1
2 0 1 3 0 2 0 0
11 2 0 1 0 3 4 0
3 2 3 0 0 0 1 0
45 2 0 1 0 0 3 0
16 1 2 0 0 0 0 3
1 0 3 2 0 1 0 4
1 7 3 4 5 6 2 1
1 1 0 3 4 0 2 0
1 3 2 5 6 1 4 7
1 2 7 1 3 4 5 6
1 3 7 2 1 4 5 6
57 1 2 0 0 0 0 0
1 0 0 0 3 1 0 2
1 2 0 0 0 3 1 4
1 1 5 7 4 3 6 2
1 1 7 4 3 5 2 6
1 6 1 7 4 2 3 5
10 2 1 0 0 0 0 3
1 1 2 7 4 5 3 6
1 0 0 1 3 2 0 4
12 0 0 0 0 0 0 1
1 1 7 2 4 3 5 6
3 0 3 0 2 1 0 0
1 1 0 3 0 2 4 0
1 1 2 0 6 5 3 4
2 0 0 1 2 0 0 3
1 2 3 1 5 4 6 7
1 0 0 0 0 0 2 1
1 2 3 0 1 0 0 0
3 2 1 0 4 3 0 0
2 2 7 1 4 5 3 6
1 3 5 1 7 2 4 6
1 1 2 0 3 4 5 0
5 1 3 0 0 0 0 2
1 1 2 0 0 0 3 4
1 1 2 7 3 5 4 6
15 1 0 0 0 2 0 3
2 0 0 1 3 0 2 0
1 2 1 3 6 5 4 7
1 2 0 0 5 1 3 4
1 2 1 0 3 4 0 0
3 4 7 1 5 2 3 6
1 4 2 0 0 1 3 5
2 1 0 0 5 4 2 3
1 2 3 4 7 5 1 6
1 3 2 4 5 1 6 7
1 3 4 2 5 1 6 7
1 6 0 1 4 2 3 5
1 3 0 1 4 2 0 0
3 1 0 0 2 0 0 0
1 5 4 1 2 3 6 7
6 0 2 1 0 3 0 0
3 4 0 1 0 3 2 0
1 0 2 0 3 1 0 0
1 2 0 1 5 3 0 4
2 2 1 0 0 4 0 3
2 3 7 1 6 4 2 5
2 3 2 7 5 1 4 6
2 1 4 5 6 2 3 7
1 6 7 2 5 1 3 4
2 2 1 7 5 3 4 6
3 2 0 0 0 3 0 1
1 0 0 2 0 0 3 1
1 1 2 5 6 3 4 0
8 3 0 1 0 2 4 0
2 3 4 2 0 1 0 0
11 0 0 0 1 0 0 0
1 0 0 0 0 0 1 2
2 0 0 2 0 3 1 0
1 3 4 5 2 7 6 1
1 1 4 2 3 6 5 7
1 2 4 0 0 1 0 3
2 1 6 7 5 4 2 3
1 7 5 1 2 3 4 6
1 0 1 2 0 0 0 0
1 1 7 4 5 2 3 6
1 5 4 3 7 6 2 1
1 1 2 0 3 0 0 4
3 2 3 0 0 1 4 0
4 1 0 0 0 0 0 2
1 4 6 1 2 3 5 7
2 1 7 6 3 2 4 5
23 0 1 0 0 2 0 0
1 2 0 0 4 1 3 0
3 2 1 0 0 3 4 0
2 3 0 1 0 0 0 2
1 1 2 0 4 3 5 0
2 2 0 0 1 0 0 0
10 1 0 2 0 0 3 0
1 3 2 5 4 1 6 7
1 3 2 1 5 7 4 6
2 5 7 1 3 2 4 6
1 2 7 3 6 1 4 5
2 3 0 0 0 1 0 2
1 3 0 0 1 0 0 2
7 0 0 3 2 1 0 0
1 2 0 4 5 1 3 0
1 0 1 3 2 0 0 0
10 1 0 0 3 2 0 0
5 2 6 1 5 4 3 7
1 1 3 7 4 5 2 6
18 3 2 0 0 1 0 0
1 3 0 1 4 6 2 5
1 1 6 7 4 3 5 2
2 2 0 0 3 1 4 0
1 1 0 4 0 3 2 0
1 2 0 3 0 0 0 1
1 2 7 4 6 3 1 5
1 4 0 2 3 1 0 0
1 2 7 1 6 3 4 5
34 0 0 2 0 1 0 0
1 2 3 4 5 6 1 7
1 1 0 2 0 3 4 0
1 4 0 3 0 2 1 0
3 3 0 0 2 1 0 0
1 1 4 6 5 3 2 7
1 2 3 0 5 4 1 0
1 0 1 3 0 2 4 0
4 0 0 3 0 1 2 0
1 0 3 1 0 0 0 2
1 1 2 3 5 6 7 4
5 0 0 2 0 0 1 0
17 1 0 2 0 3 0 0
2 1 6 2 5 4 3 7
1 4 5 2 7 1 3 6
1 3 2 6 5 4 1 7
1 1 4 3 0 5 2 0
2 4 0 1 0 2 3 0
29 2 1 0 0 3 0 0
1 6 7 1 5 3 4 2
7 1 0 0 0 3 0 2
1 3 0 2 1 0 0 0
106 0 0 1 0 2 0 0
1 2 5 0 3 0 4 1
3 2 7 1 5 4 3 6
6 3 1 2 0 0 0 0
1 1 3 2 6 4 5 7
1 1 4 0 0 0 3 2
2 5 4 3 2 1 6 7
4 2 0 1 3 0 0 0
37 0 0 1 0 0 2 0
6 3 0 0 0 2 1 0
1 5 1 7 2 3 6 4
9 1 2 3 0 0 0 0
3 0 2 0 0 3 0 1
2 2 0 0 0 0 0 1
1 2 0 0 0 3 4 1
13 2 0 3 0 1 0 0
1 3 6 7 4 1 5 2
1 3 0 0 1 2 0 0
2 0 0 0 2 0 0 1
1 3 0 2 0 1 0 4
1 3 5 0 0 1 4 2
7 1 0 0 0 0 2 3
1 3 4 0 0 2 0 1
9 0 0 0 0 1 2 0
3 3 0 1 2 0 0 0
1 3 0 4 0 2 1 5
1 1 4 7 6 2 5 3
1 2 4 0 5 3 1 0
21 2 3 0 0 1 0 0
2 5 0 1 0 2 3 4
1 3 5 1 6 4 2 7
3 0 3 1 0 2 0 0
1 4 2 3 0 0 1 0
1 1 0 4 2 3 0 0
1 4 7 1 3 2 5 6
1 0 1 0 0 2 4 3
1 4 5 2 6 1 3 7
3 1 2 7 6 3 4 5
1 3 4 7 5 2 1 6
3 4 5 1 6 2 3 7
1 4 5 2 0 1 0 3
7 3 0 2 0 0 1 0
3 4 6 1 5 3 2 7
2 1 2 7 5 3 4 6
1 2 3 1 4 5 6 7
1 2 1 0 0 0 4 3
45 3 0 1 0 0 2 0
2 3 7 1 5 4 2 6
1 0 0 3 4 1 0 2
1 1 2 0 4 0 3 0
1 4 0 1 5 2 3 0
1 2 0 0 3 0 0 1
14 1 0 3 0 0 2 0
1 2 5 1 3 7 4 6
1 2 0 0 3 4 1 0
1 2 4 5 3 7 6 1
1 4 6 3 7 2 5 1
9 0 0 1 0 2 0 3
1 3 6 1 5 4 7 2
1 2 7 1 3 4 6 5
2 1 2 0 0 4 3 0
16 2 0 0 0 1 0 0
1 4 2 6 1 3 7 5
1 3 0 0 2 1 4 0
23 0 0 0 0 0 1 0
1 0 0 3 2 1 4 0
1 1 5 4 6 2 3 7
3 0 0 0 3 1 2 0
2 3 5 1 6 2 4 7
24 1 0 0 0 0 2 0
1 0 2 0 1 0 0 3
1 0 0 1 0 2 3 4
5 2 0 1 0 0 0 3
1 5 0 1 3 6 4 2
1 3 4 5 6 7 2 1
1 0 0 0 2 1 3 0
1 1 4 7 6 5 3 2
276 0 0 1 0 0 0 0
3 2 0 3 0 1 4 0
1 1 2 7 3 4 5 6
1 1 3 0 0 4 0 2
2 1 2 0 0 3 4 0
1 2 7 1 6 5 4 3
3 1 3 4 0 0 2 0
9 2 3 1 0 0 0 0
2 0 0 0 0 1 2 3
1 4 6 1 7 2 5 3
22 1 0 0 0 2 3 0
1 3 2 0 0 0 1 0
1 4 0 2 5 1 3 0
2 4 7 1 6 2 3 5
9 2 0 3 0 0 1 0
1 2 1 0 0 5 4 3
1 3 4 7 6 1 2 5
6 4 0 2 0 1 3 0
1 4 6 7 1 3 2 5
1 1 2 0 5 6 3 4
6 0 3 0 0 1 2 0
1 1 7 6 2 3 4 5
2 0 0 0 0 2 1 3
1 1 3 7 6 4 2 5
1 1 4 7 6 2 3 5
5 1 3 7 6 2 4 5
6 0 2 3 0 1 0 0
1 7 4 3 5 1 6 2
3 0 0 0 3 2 1 0
1 1 5 4 7 2 6 3
1 3 2 1 6 4 5 7
1 2 6 3 7 1 5 4
1 0 0 0 0 2 3 1
1 7 4 1 5 2 3 6
2 2 5 1 6 4 3 7
2 5 6 4 3 1 2 7
1 3 5 1 0 2 6 4
1 4 1 0 5 3 6 2
1 2 4 1 7 3 6 5
1 2 0 1 4 3 5 6
1 3 0 0 0 2 0 1
1 4 7 1 5 2 6 3
1 1 4 6 7 3 2 5
1 1 4 0 3 0 0 2
1 0 0 1 0 0 3 2
6 2 0 1 0 4 3 0
1 1 4 7 2 5 3 6
1 4 2 0 0 1 0 3
1 1 3 4 0 2 0 0
1 4 5 1 7 2 6 3
1 1 2 7 4 5 6 3
5 1 0 0 2 3 0 0
2 5 7 1 4 2 6 3
57 2 0 1 0 0 0 0
1 2 3 0 4 1 0 0
1 0 0 0 4 1 3 2
1 1 5 4 3 2 6 7
2 0 0 2 0 3 0 1
1 3 0 1 6 2 5 4
6 2 1 0 3 0 0 0
2 1 0 0 2 0 0 3
1 0 2 0 0 0 1 0
1 6 1 7 4 3 2 5
3 1 0 3 2 0 0 0
2 1 0 2 5 4 3 0
1 2 0 4 0 3 0 1
1 0 0 1 4 2 3 5
1 4 7 1 6 2 5 3
4 3 7 1 6 2 4 5
1 4 5 1 7 2 3 6
1 2 4 1 0 3 0 0
1 0 1 2 0 0 3 0
1 1 2 6 5 3 4 7
1 3 2 1 7 5 6 4
1 1 2 7 3 6 4 5
1 2 1 7 5 4 3 6
1 1 0 0 3 0 0 2
5 0 2 0 0 0 0 1
1 1 5 7 6 2 3 4
1 5 4 2 0 3 0 1
1 2 0 1 4 5 3 0
1 1 7 2 3 4 5 6
1 3 4 7 6 1 5 2
50 1 2 0 0 3 0 0
3 1 3 0 2 0 0 0
1 0 1 0 2 3 0 0
3 1 4 0 0 2 0 3
2 1 2 7 5 4 3 6
1 5 6 1 2 3 4 7
8 0 0 0 0 1 0 2
1 5 7 1 6 2 3 4
10 0 2 0 0 1 0 3
2 1 3 0 0 2 4 5
1 6 7 1 5 2 4 3
1 3 7 2 5 1 4 6
1 4 3 0 0 1 0 2
3 0 0 0 0 2 0 1
1 1 0 2 4 0 0 3
1 4 2 0 0 3 1 0
1 3 6 7 5 1 2 4
1 1 2 0 0 3 4 5
7 0 0 1 2 3 0 0
1 5 3 2 6 1 4 7
1 6 7 1 3 2 4 5
1 3 4 1 2 7 5 6
1 1 0 3 0 4 2 0
1 7 3 6 5 4 2 1
1 0 0 0 2 3 0 1
1 2 4 1 6 7 3 5
1 2 1 3 0 0 0 0
6 1 3 2 0 0 0 0
1 2 6 3 0 1 4 5
4 0 3 0 0 1 0 2
1 3 6 1 5 4 2 7
42 2 1 0 0 0 0 0
7 2 0 0 0 0 1 0
9 2 0 0 3 1 0 0
1 3 5 7 2 4 6 1
2 1 2 7 6 4 3 5
1 3 5 4 6 1 2 7
1 0 0 2 0 0 1 3
1 1 3 2 5 4 6 7
1 0 5 1 3 2 4 6
1 1 0 2 3 4 0 0
1 4 5 1 2 3 6 7
2 5 6 7 2 3 4 1
17 3 0 2 0 1 0 0
3 3 1 0 2 0 0 0
2 1 0 0 2 0 3 0
7 0 2 0 0 1 3 0
1 0 0 0 0 2 1 0
3 1 4 0 0 3 2 0
1 1 3 0 4 2 0 0
1 1 3 6 5 4 2 7
20 1 0 2 0 0 0 0
13 3 1 0 0 2 0 0
7 1 0 0 3 0 2 0
8 1 2 0 3 0 0 0
1 2 3 6 5 1 7 4
1 1 6 0 5 2 3 4
1 1 0 0 0 4 2 3
1 2 0 1 4 0 3 5
1 4 2 7 6 3 5 1
3 3 0 0 0 0 2 1
10 0 1 0 0 2 0 3
1 1 5 2 4 6 3 7
3 0 1 0 0 3 2 0
1 3 7 2 6 1 4 5
17 0 0 1 0 0 0 2
1 1 2 7 6 5 4 3
2 6 7 1 3 5 4 2
1 0 0 4 0 3 1 2
14 2 0 0 0 1 3 0
2 1 2 0 0 3 0 4
1 3 4 7 6 2 5 1
