20 Badenoch and Strathspey
4 8 1607 5529
John BRUCE, Con
Muriel COCKBURN, SNP
Dave FALLOWS, SNP
Declan GALLACHER, SLD
Pippa HADLEY, Grn
Russell JONES, Ind
Bill LOBBAN, Ind
Charlie WHELAN, Lab
2 0 0 2 0 0 1 3 4
1 7 6 8 1 5 2 3 4
1 0 2 1 4 3 5 0 0
1 5 0 0 3 1 4 2 0
1 1 7 8 5 4 3 2 6
1 0 3 4 5 2 1 0 0
7 0 3 2 0 4 1 0 0
1 2 0 1 0 3 0 0 0
1 0 5 7 6 4 1 2 3
1 2 1 0 3 0 0 4 0
1 8 7 6 3 1 5 4 2
1 0 1 2 5 3 6 4 7
1 1 2 0 0 4 0 3 0
1 8 3 4 5 7 6 2 1
1 0 0 0 3 2 1 4 5
1 1 8 7 4 5 2 6 3
1 4 5 8 3 2 1 6 7
1 0 1 0 0 3 0 2 0
1 4 3 5 6 8 1 2 7
1 0 2 0 0 1 3 5 4
1 0 1 0 2 0 0 3 0
6 0 2 0 0 3 1 0 0
14 0 2 3 0 0 1 0 0
1 0 4 0 0 1 0 2 3
1 8 3 4 5 7 1 2 6
1 6 0 0 4 5 3 2 1
6 0 2 3 1 0 0 0 0
2 0 1 3 0 5 2 4 0
2 8 4 5 6 1 3 2 7
1 6 5 8 2 3 7 1 4
1 7 8 6 3 5 2 1 4
1 3 0 0 0 0 2 1 4
2 0 2 0 0 1 0 4 3
1 0 0 1 3 0 5 4 2
1 4 5 6 7 8 1 2 3
1 0 2 5 0 3 1 4 0
20 0 0 0 0 3 2 1 0
8 0 0 3 0 2 1 0 0
1 0 5 4 6 1 2 3 0
2 0 0 0 0 2 0 1 3
1 6 5 8 3 4 2 7 1
1 0 3 1 4 2 0 0 0
1 0 0 0 1 4 3 2 0
3 0 2 1 4 3 0 5 0
1 3 0 0 1 0 0 2 4
1 8 2 1 3 4 5 6 7
1 6 3 4 8 2 1 5 7
11 0 1 2 3 0 0 0 0
1 0 3 2 4 1 0 6 5
1 1 5 3 2 4 6 8 7
5 0 0 0 1 2 3 4 0
2 8 1 2 7 6 3 4 5
1 0 0 0 4 3 1 0 2
1 8 4 3 5 2 7 1 6
39 1 0 0 0 0 3 2 0
2 0 1 0 0 2 4 0 3
3 0 4 3 0 1 0 2 0
1 8 1 2 7 3 5 6 4
11 3 0 0 2 0 0 1 0
1 1 0 0 4 2 3 0 0
1 0 2 1 5 0 4 0 3
1 4 7 8 5 3 2 1 6
6 3 0 0 5 0 1 2 4
1 0 5 4 6 1 3 2 0
1 0 2 4 0 5 1 3 0
1 8 2 7 6 3 4 1 5
3 1 0 0 2 0 0 3 4
2 8 3 2 4 1 6 5 7
1 7 1 3 8 2 4 6 5
1 0 5 0 4 2 1 0 3
1 0 4 3 5 0 2 0 1
1 1 7 6 5 8 2 3 4
1 1 8 7 5 6 2 4 3
1 1 5 6 3 2 4 8 7
1 0 4 2 3 5 6 1 0
1 0 0 2 3 1 0 0 0
1 8 3 6 1 2 4 5 7
1 3 0 0 0 2 0 4 1
1 0 3 4 0 2 1 0 5
1 0 4 5 0 3 1 2 6
5 3 0 0 1 0 2 0 0
1 0 1 5 7 6 3 2 4
15 0 0 0 1 0 2 0 0
1 0 4 0 1 2 0 0 3
3 8 1 2 5 3 6 7 4
1 0 0 3 5 2 1 0 4
1 5 4 3 6 2 8 1 7
1 2 1 4 0 0 3 0 0
12 1 0 0 4 0 2 3 0
1 5 0 6 3 0 1 2 4
2 0 4 3 0 2 1 5 0
31 0 0 0 0 0 0 0 1
10 0 0 0 0 1 3 2 0
4 0 2 0 0 1 0 0 3
2 0 2 0 3 0 0 1 0
1 8 3 7 2 6 1 4 5
1 0 0 0 0 1 3 4 2
1 1 6 5 3 4 0 0 2
3 3 8 7 4 6 2 1 5
1 8 2 1 4 3 7 5 6
3 0 0 0 4 0 1 3 2
14 0 3 0 0 0 2 1 0
1 0 3 0 5 4 2 1 0
1 0 0 4 3 0 1 0 2
1 3 0 0 0 1 2 0 0
4 0 2 4 0 3 0 1 0
2 8 3 4 6 5 2 1 7
1 0 0 0 1 4 3 0 2
3 0 0 0 2 1 3 4 0
2 2 0 0 1 0 4 0 3
1 3 0 1 0 0 0 0 2
8 0 4 3 0 0 2 1 0
1 2 4 5 1 6 7 8 3
2 6 2 3 4 5 1 8 7
1 8 2 4 3 1 6 7 5
1 4 0 0 0 2 3 1 0
1 8 1 2 6 7 5 4 3
1 1 0 0 3 0 2 5 4
3 0 3 0 4 2 1 0 0
2 0 4 5 6 1 2 3 7
5 0 2 1 3 0 0 0 0
1 6 8 7 5 4 2 1 3
1 8 3 2 4 1 5 6 7
13 0 1 2 0 3 4 0 0
6 2 0 0 0 0 1 0 3
2 8 3 4 5 6 2 1 7
2 0 0 2 0 1 0 3 0
1 2 7 8 4 5 1 3 6
2 0 3 0 0 0 2 0 1
15 0 0 0 1 0 2 3 0
3 8 2 1 6 3 4 5 7
5 0 2 3 0 4 1 0 0
3 0 1 0 0 2 3 0 0
10 0 1 2 0 0 0 0 3
1 7 6 5 1 3 8 2 4
1 8 5 6 4 1 3 2 7
1 5 7 6 2 8 4 1 3
1 0 2 3 4 0 6 5 1
1 2 0 4 3 0 1 0 0
1 0 1 0 2 0 0 0 3
16 2 0 0 3 0 1 0 0
1 1 8 6 7 5 2 3 4
4 0 5 4 0 3 1 2 0
2 1 0 0 5 0 3 2 4
2 8 2 3 4 1 7 5 6
2 0 0 2 0 1 3 0 0
1 0 4 0 3 1 0 2 0
1 5 6 7 3 8 2 1 4
1 4 0 3 0 0 2 1 0
2 3 0 2 0 0 4 1 0
4 3 0 0 0 0 0 1 2
4 0 0 0 3 4 2 1 0
1 8 3 1 5 2 4 6 7
1 8 7 6 5 3 2 1 4
1 0 4 3 0 1 5 2 0
1 1 4 3 0 0 0 2 0
1 5 7 8 1 6 2 3 4
1 0 1 0 4 2 0 0 3
1 0 0 1 3 2 0 0 0
2 8 2 3 7 6 1 4 5
1 0 1 0 0 2 3 4 5
3 3 0 0 0 4 2 1 0
1 4 6 3 7 2 1 5 8
1 1 7 8 2 6 4 5 3
1 1 0 0 2 0 4 3 5
1 6 3 4 5 7 1 2 0
1 8 1 3 7 2 5 4 6
3 0 2 3 0 4 0 0 1
1 0 2 0 0 4 5 3 1
1 1 5 6 2 4 0 0 3
3 0 0 0 3 0 0 2 1
1 2 4 1 5 6 3 7 8
1 2 0 0 5 0 1 4 3
1 0 0 0 1 3 0 4 2
2 0 2 0 0 3 4 1 0
2 5 0 0 1 0 3 2 4
1 0 1 4 0 0 2 3 0
2 0 4 0 0 2 3 1 0
1 2 0 0 1 3 0 0 4
1 8 5 3 1 2 7 6 4
1 0 2 3 7 4 6 1 5
2 8 6 7 4 3 1 5 2
2 2 0 0 0 0 1 4 3
1 0 6 0 4 3 1 2 5
8 0 0 0 0 1 0 2 3
9 0 1 2 0 0 4 3 0
1 0 0 0 5 4 1 2 3
3 2 0 0 1 4 0 0 3
6 0 0 0 0 3 1 0 2
2 0 4 0 0 0 1 3 2
1 0 3 0 2 4 1 0 0
1 1 4 0 0 0 2 3 5
1 0 4 7 3 1 6 5 2
1 2 4 0 0 3 1 0 0
2 0 1 3 0 0 0 0 2
1 5 0 0 4 1 2 0 3
1 0 1 5 0 3 0 2 4
1 0 1 3 5 0 4 2 0
1 8 5 6 4 7 3 2 1
8 0 0 0 2 0 0 1 3
1 4 7 6 3 8 1 2 5
3 0 3 0 0 4 1 2 0
4 0 2 3 0 1 0 4 0
2 0 3 4 2 1 5 6 7
2 0 1 4 0 0 3 2 0
1 0 0 0 3 4 1 5 2
1 3 0 0 4 0 1 2 5
2 0 1 2 4 0 3 0 0
12 0 2 0 0 1 0 0 0
5 0 0 1 2 0 0 0 0
4 1 0 0 3 0 4 0 2
1 8 2 3 4 1 6 5 7
1 1 5 6 8 4 2 3 7
1 3 6 7 2 8 1 4 5
1 0 2 6 4 1 5 3 7
8 8 1 2 6 3 4 5 7
3 0 4 2 0 0 3 1 0
1 0 3 6 5 1 4 2 7
1 0 0 0 2 4 1 5 3
1 2 0 0 1 6 4 5 3
1 0 0 0 2 3 1 4 0
6 0 0 0 0 1 3 0 2
2 8 1 2 6 3 7 4 5
1 0 5 6 4 3 2 1 0
1 0 2 3 6 1 0 5 4
1 0 0 0 3 4 0 1 2
1 1 0 0 4 2 6 5 3
13 0 0 0 1 0 0 0 2
1 0 1 3 6 2 4 5 7
1 7 3 6 2 4 1 8 5
2 8 1 2 3 4 7 6 5
1 8 7 6 2 5 3 4 1
1 5 0 0 2 4 3 6 1
1 1 2 0 5 0 4 3 6
1 8 5 7 4 6 1 2 3
1 1 7 8 4 6 3 2 5
1 8 4 2 6 1 3 7 5
1 3 7 5 1 6 2 8 4
1 0 1 6 3 5 2 4 0
1 0 1 2 4 0 0 0 3
2 2 0 0 4 0 1 0 3
2 0 2 0 0 3 0 0 1
1 8 2 5 7 1 3 4 6
1 3 2 8 4 7 5 1 6
1 0 1 4 0 2 5 3 0
3 8 4 3 6 5 1 2 7
1 0 2 0 0 3 4 0 1
4 0 0 0 2 0 1 3 4
2 0 4 0 2 1 0 3 0
1 1 0 3 0 0 2 4 0
1 8 5 4 1 3 6 7 2
2 1 0 0 0 3 2 0 0
1 2 0 3 0 0 1 4 0
1 7 6 8 1 5 4 2 3
1 0 2 6 1 3 5 4 0
1 1 0 0 2 3 0 0 4
1 4 0 0 2 0 3 1 5
1 8 4 5 3 2 7 1 6
1 0 0 0 2 0 1 4 3
1 0 0 0 3 2 0 1 4
12 0 0 0 2 0 1 3 0
1 8 3 2 5 4 7 1 6
1 0 0 1 0 3 2 0 0
1 0 0 3 0 4 1 2 0
4 0 1 0 0 0 0 2 0
1 1 8 7 2 6 4 5 3
3 0 1 0 0 2 0 0 3
1 0 3 2 0 0 0 0 1
1 0 0 3 0 2 0 0 1
1 1 2 8 5 6 4 3 7
1 5 0 0 1 2 3 4 0
49 0 2 1 0 0 0 0 0
204 1 0 0 0 0 0 0 0
3 8 2 1 6 3 5 4 7
8 1 0 0 3 0 4 2 0
9 0 0 0 2 0 3 1 0
5 3 0 0 0 0 0 2 1
1 0 0 0 2 1 0 3 0
1 6 7 8 3 5 2 1 4
4 0 2 3 5 4 1 0 0
4 0 0 0 3 0 1 2 4
1 0 2 5 0 3 4 1 0
1 0 1 2 7 3 5 6 4
1 0 3 4 2 1 0 0 0
1 8 5 4 1 6 2 3 7
6 0 0 3 0 0 1 2 0
1 8 2 3 6 5 1 4 7
1 1 0 0 3 4 5 0 2
1 0 0 3 0 4 0 1 2
1 2 0 0 0 0 3 1 4
1 0 3 2 4 0 0 0 1
1 8 3 4 5 2 6 1 7
5 0 2 3 0 1 0 0 4
1 0 0 3 2 1 0 4 0
1 7 1 2 6 3 5 4 8
1 0 0 5 4 1 2 3 0
1 0 1 3 0 5 2 0 4
1 0 0 0 4 2 3 1 0
2 0 1 3 0 0 4 2 0
1 0 4 5 0 2 1 3 6
1 8 2 1 5 4 6 7 3
1 0 4 0 0 3 1 2 0
4 0 1 0 2 0 0 0 0
3 0 3 0 0 2 0 0 1
8 0 2 3 0 4 0 1 0
1 8 2 3 6 1 4 7 5
1 6 0 0 2 4 1 3 5
2 1 0 0 2 0 0 4 3
2 1 0 0 4 0 5 2 3
2 0 3 1 0 4 2 0 0
1 8 2 1 3 4 6 7 5
2 2 0 0 0 0 3 0 1
1 0 0 0 4 2 0 1 3
1 0 2 1 4 0 0 3 0
1 0 2 0 1 0 3 4 0
1 0 0 2 3 4 1 5 0
1 0 0 0 3 0 2 0 1
7 0 0 0 1 3 2 0 0
1 7 2 1 5 6 4 3 8
1 0 1 6 5 2 4 3 7
1 2 0 4 3 0 0 1 0
1 8 1 2 6 4 5 3 7
2 6 8 7 4 5 1 2 3
9 0 0 0 1 2 3 0 0
3 0 0 0 3 2 1 0 4
1 0 1 5 6 2 4 0 3
1 1 7 8 5 6 3 2 4
1 0 3 0 4 5 1 2 0
1 7 1 5 3 8 4 2 6
1 0 3 4 1 0 0 2 0
1 4 7 0 1 6 2 3 5
1 0 0 3 1 0 0 2 0
1 1 2 5 3 4 6 7 8
1 8 3 4 5 1 7 2 6
1 6 8 7 1 5 3 4 2
11 0 3 2 0 1 0 0 0
1 6 5 8 3 7 4 1 2
7 1 0 0 4 0 3 2 5
3 0 3 2 1 0 0 0 0
1 2 8 7 3 1 5 4 6
1 8 2 3 1 4 6 7 5
4 4 0 0 3 0 1 2 0
20 0 0 0 0 3 1 2 0
3 0 0 0 3 2 1 4 0
1 8 1 3 6 4 7 2 5
1 8 1 3 5 2 4 7 6
4 0 0 0 2 3 0 0 1
1 1 2 0 5 6 4 3 0
2 0 2 3 0 5 1 4 0
1 8 4 5 7 1 3 2 6
1 0 0 3 0 2 1 4 0
1 3 4 8 5 7 6 1 2
2 0 1 3 4 0 2 0 0
1 3 2 4 8 5 6 1 7
1 1 0 0 3 0 2 4 5
2 1 0 0 2 3 4 0 0
6 1 0 0 0 0 2 0 3
1 0 3 2 0 4 0 1 0
2 0 0 0 2 0 4 3 1
2 0 0 0 3 2 0 1 0
1 3 0 0 0 0 4 1 2
1 1 0 0 3 2 4 5 0
1 0 2 3 1 0 0 4 5
1 5 8 7 1 4 2 3 6
1 0 6 3 4 2 1 5 0
1 0 0 3 1 2 0 0 0
1 3 0 0 5 4 2 1 0
5 0 0 0 2 3 1 0 0
1 7 5 4 8 2 1 3 6
1 0 0 2 3 0 0 1 0
5 0 2 1 0 4 0 3 0
1 4 8 7 2 6 5 1 3
2 0 2 0 0 0 0 1 3
1 7 1 2 5 8 3 4 6
3 3 0 0 2 0 4 0 1
6 0 0 0 2 3 4 1 0
1 0 5 1 4 3 2 6 0
1 0 4 5 0 1 2 3 6
2 0 4 3 0 5 2 1 0
1 0 0 0 1 2 3 0 4
1 0 3 1 2 0 4 5 0
1 0 4 3 0 1 0 2 5
1 8 7 6 3 2 1 4 5
1 0 3 1 0 2 4 5 0
2 8 5 4 1 2 6 7 3
4 0 0 3 0 2 0 1 0
13 0 0 0 2 1 0 0 0
1 0 4 1 3 0 0 5 2
1 3 0 0 4 2 1 0 0
1 8 6 3 2 4 5 7 1
1 0 0 2 3 0 4 1 0
1 0 0 4 3 1 2 0 0
1 0 4 5 3 1 2 0 0
1 0 4 0 5 1 3 2 0
1 0 3 2 0 5 4 1 0
9 0 1 0 0 0 2 0 0
2 0 1 3 0 2 5 4 0
1 8 2 6 4 1 3 5 7
1 2 5 6 7 8 1 3 4
1 8 2 3 4 1 5 6 7
2 1 0 0 0 2 0 0 3
1 6 2 4 3 7 8 1 5
1 0 3 1 0 0 2 0 0
1 2 4 1 3 0 0 0 0
1 5 0 0 1 4 3 2 0
1 5 3 4 6 7 1 2 8
1 8 6 3 5 4 1 2 7
2 3 0 0 0 4 1 2 0
1 0 2 0 0 1 0 3 4
2 0 0 4 0 2 1 3 0
3 2 0 0 3 0 0 1 4
1 5 3 2 4 7 0 6 1
1 0 1 0 0 0 0 2 3
1 0 3 0 2 0 1 0 0
2 3 0 2 0 0 0 1 0
3 0 1 5 0 4 3 2 0
1 8 5 4 6 3 2 1 7
1 4 7 6 1 2 3 5 8
1 0 0 2 3 1 0 0 4
1 0 4 5 6 3 2 1 7
1 8 2 1 5 4 3 6 7
6 0 2 1 0 0 0 0 3
1 8 2 3 6 1 4 5 7
1 8 2 1 5 3 6 7 4
1 0 4 3 0 0 1 2 5
1 0 6 7 1 3 4 5 2
1 1 6 7 2 8 5 4 3
1 1 0 0 2 6 4 3 5
1 8 5 6 2 3 4 1 7
1 2 1 3 4 0 0 0 0
2 8 3 4 6 5 1 2 7
1 3 6 7 1 8 4 5 2
1 5 0 0 4 0 2 1 3
1 3 4 2 8 7 5 6 1
1 0 2 3 0 0 4 1 0
2 4 0 0 1 0 3 0 2
3 0 0 1 0 0 2 3 0
1 7 8 5 2 6 3 1 4
1 1 7 8 5 6 4 2 3
15 0 0 0 1 2 0 0 0
2 3 0 0 2 4 0 0 1
1 3 0 0 2 0 5 4 1
1 0 2 1 4 3 0 0 5
1 3 5 4 6 7 2 1 8
1 2 0 0 4 5 0 1 3
6 1 0 0 0 2 0 0 0
1 0 5 2 3 1 0 0 4
3 0 1 3 0 0 0 2 0
1 0 0 0 0 1 4 2 3
2 2 0 0 0 1 0 3 0
1 0 2 5 0 4 0 1 3
1 0 0 2 0 4 1 3 5
4 0 0 0 1 3 0 2 0
1 8 4 2 6 3 1 5 7
8 0 0 0 0 0 3 2 1
4 8 1 2 4 3 6 5 7
1 7 4 3 2 6 1 8 5
1 2 7 8 3 4 1 5 6
2 0 3 1 2 0 0 0 0
1 2 8 7 3 1 4 5 6
1 1 0 0 3 0 4 5 2
1 0 1 2 3 4 6 0 5
1 0 0 2 3 0 0 4 1
22 2 0 0 0 0 3 1 0
1 0 3 5 1 0 2 0 4
1 6 7 8 2 5 3 1 4
1 8 4 5 2 1 6 3 7
1 7 1 2 4 3 5 6 8
1 8 3 1 5 2 4 7 6
1 1 0 0 2 4 3 5 6
4 0 1 0 0 4 3 2 0
2 4 0 0 2 0 1 3 0
1 4 0 0 0 0 3 1 2
2 0 1 0 3 0 0 0 2
1 5 8 7 4 6 3 1 2
1 2 0 0 1 0 0 4 3
2 0 0 3 4 2 1 0 0
27 0 0 0 0 0 1 2 3
1 0 2 5 0 1 3 4 6
1 0 3 4 0 2 5 1 0
2 0 0 2 4 1 0 3 0
2 1 0 0 3 0 0 2 4
1 0 1 0 3 4 0 2 0
1 2 1 0 0 0 0 4 3
1 3 0 0 5 0 4 1 2
1 0 3 1 0 5 2 4 0
1 0 0 1 0 0 0 0 2
31 0 1 0 0 0 0 0 0
6 0 0 0 0 0 3 1 2
1 2 7 8 5 3 1 4 6
4 2 0 0 3 0 4 1 0
1 4 7 8 2 3 5 6 1
1 3 0 1 0 2 0 0 0
1 0 3 4 2 0 0 0 1
2 8 1 2 3 6 5 4 7
1 8 7 6 5 1 3 4 2
1 0 2 0 4 3 1 0 0
56 0 0 0 0 1 0 0 0
3 4 0 0 0 3 1 2 0
1 8 6 7 1 3 4 5 2
2 0 3 4 0 1 0 0 2
2 1 0 0 2 4 0 3 0
7 0 0 3 0 1 0 2 0
7 2 0 0 1 0 0 0 3
1 6 5 4 7 8 1 2 3
3 0 4 2 0 1 3 0 0
2 0 0 0 5 4 3 2 1
1 0 2 3 0 0 0 0 1
2 1 8 7 3 6 5 4 2
1 4 5 6 3 8 2 1 7
1 6 5 4 2 1 0 0 3
1 2 0 0 3 0 4 5 1
1 8 3 4 2 1 5 6 7
1 7 4 6 1 8 3 2 5
1 5 6 0 3 4 1 2 0
6 0 0 0 3 2 0 0 1
24 1 0 0 3 0 0 0 2
1 6 7 8 5 4 1 2 3
1 0 0 4 3 0 0 2 1
1 5 1 3 0 0 2 4 0
1 4 0 0 1 3 0 0 2
1 0 4 0 0 1 2 3 5
1 7 2 1 0 3 4 5 6
14 4 0 0 3 0 2 1 0
1 0 1 4 3 0 2 0 0
1 0 1 0 0 3 0 0 2
1 8 5 3 6 2 4 1 7
3 0 1 0 3 2 0 0 0
3 0 0 0 0 3 2 1 4
5 0 1 2 0 3 4 5 0
1 6 1 2 3 7 5 8 4
2 6 7 8 2 5 3 4 1
30 3 0 0 0 0 1 2 0
3 0 1 2 0 5 3 4 0
2 8 3 4 1 2 6 5 7
3 2 0 0 0 3 1 0 0
1 0 2 3 1 4 5 0 0
1 0 1 0 0 3 4 2 0
1 0 2 1 0 0 4 0 3
1 0 0 1 0 0 0 2 3
1 0 1 0 2 4 0 3 0
1 8 5 4 6 1 3 2 7
14 0 2 3 0 0 0 1 0
3 5 0 0 3 0 2 1 4
2 0 0 4 0 3 2 1 0
2 1 0 0 2 0 3 4 5
1 0 0 1 0 2 4 3 0
4 0 1 0 0 0 3 2 0
1 1 0 3 0 0 0 2 0
1 0 1 5 0 2 3 4 0
1 0 0 0 0 4 2 1 3
14 1 0 0 4 0 3 2 0
6 0 3 0 0 2 0 1 0
11 0 0 0 1 0 0 2 0
1 8 3 2 6 1 7 4 5
1 0 4 0 3 0 1 2 0
1 3 0 0 0 0 1 4 2
8 0 3 0 0 2 1 0 0
1 1 5 6 4 3 2 7 8
1 7 3 4 6 5 1 2 8
3 2 0 0 0 0 0 0 1
2 4 0 0 0 0 2 1 3
1 8 7 2 5 4 1 3 6
2 8 1 2 5 3 6 4 7
2 0 2 0 0 3 0 1 4
1 4 7 0 3 2 1 5 6
1 0 1 2 3 4 0 5 0
2 0 1 3 4 2 0 0 5
1 7 8 3 1 4 5 2 6
1 1 4 3 0 2 0 0 0
121 0 1 2 0 3 0 0 0
10 0 0 0 2 1 0 0 3
7 0 0 0 1 2 0 3 0
2 0 1 2 0 3 0 4 5
1 0 4 5 0 3 1 2 0
2 0 0 2 0 0 1 0 3
1 3 0 4 0 0 2 1 5
1 4 6 7 8 2 1 3 5
2 8 1 5 7 6 3 4 2
1 1 7 8 2 3 4 6 5
1 0 1 2 4 3 5 0 0
3 0 3 2 0 1 4 0 0
2 8 1 3 6 2 5 4 7
4 0 0 0 4 0 3 1 2
3 0 0 0 4 0 3 2 1
1 2 3 0 0 4 1 0 0
1 2 4 5 1 3 7 8 6
1 0 0 4 0 3 1 5 2
1 8 7 5 1 2 4 3 6
10 2 0 0 1 0 0 3 0
23 0 1 3 0 2 0 0 0
2 8 1 2 4 3 6 7 5
4 0 2 1 3 4 0 0 0
3 2 3 0 0 0 1 0 0
1 5 2 1 0 3 0 0 4
3 2 0 0 1 3 0 0 0
1 4 0 0 3 2 0 1 0
1 8 2 1 5 3 7 4 6
1 8 3 5 6 2 1 4 7
3 0 3 2 0 1 0 4 0
2 0 0 0 4 0 2 3 1
2 1 2 0 0 0 0 3 0
1 0 3 5 0 1 0 2 4
19 0 2 1 0 0 3 0 0
3 1 0 0 3 0 2 4 0
1 0 1 3 0 4 2 5 0
1 5 6 7 1 4 2 3 0
1 2 7 8 1 6 3 4 5
1 0 0 0 2 3 1 0 4
1 0 3 4 7 1 6 5 2
21 0 0 0 2 0 0 0 1
1 3 7 8 1 6 5 4 2
3 0 0 0 1 0 2 4 3
1 0 1 5 0 3 2 4 0
1 8 7 5 6 1 4 3 2
1 1 2 0 0 0 0 0 0
2 8 1 2 4 3 5 6 7
1 1 5 3 2 4 6 7 8
6 0 0 0 3 1 0 2 0
1 3 8 7 5 6 2 1 4
1 2 0 0 0 4 3 1 0
1 2 5 4 3 6 7 1 8
1 0 3 0 4 0 1 2 0
1 6 1 4 7 5 2 3 0
1 4 7 8 2 3 1 6 5
1 0 3 0 1 0 2 4 0
1 8 1 2 7 5 4 3 6
1 2 0 0 0 3 1 4 0
1 2 1 0 0 0 0 3 0
3 0 0 0 4 0 1 2 3
1 7 1 2 4 0 3 5 6
2 8 2 1 4 3 5 6 7
1 7 1 2 6 4 5 3 8
3 0 2 0 1 0 0 0 0
1 0 1 4 5 3 0 0 2
78 0 0 0 0 0 0 1 0
4 0 2 1 0 3 4 5 0
2 0 0 0 0 0 2 0 1
4 0 0 0 3 0 2 1 4
1 0 1 4 0 2 3 5 0
3 0 3 0 1 2 0 0 0
3 8 1 2 3 4 5 6 7
1 0 3 4 5 6 2 1 0
1 2 0 0 1 3 6 5 4
4 0 3 0 2 1 0 0 0
1 8 3 2 6 5 1 4 7
1 8 2 3 4 6 5 1 7
2 0 1 2 4 3 0 5 0
46 0 0 0 0 0 2 1 0
3 3 0 0 4 0 1 0 2
1 0 2 4 5 1 6 3 0
2 0 0 1 2 0 0 3 0
2 0 0 2 3 1 0 4 0
1 7 5 6 4 3 1 2 8
1 1 0 0 3 0 5 4 2
1 3 0 0 2 0 0 1 4
3 0 4 3 0 0 1 2 0
1 8 1 3 5 4 2 6 7
1 2 3 0 1 0 0 0 0
2 7 2 3 6 4 1 5 8
1 8 1 2 3 7 5 4 6
1 8 5 1 6 7 2 3 4
1 8 2 5 7 3 1 4 6
3 0 0 3 2 0 1 0 0
7 0 3 4 0 0 2 1 0
1 0 0 3 2 0 0 1 0
1 5 4 2 8 7 6 1 3
2 4 6 7 3 8 1 2 5
1 0 0 0 2 5 3 4 1
1 3 0 0 2 4 0 1 0
1 5 8 7 4 2 1 6 3
2 3 0 0 2 0 5 1 4
1 1 3 0 0 0 0 2 0
1 8 5 4 7 2 3 1 6
1 3 0 0 2 0 4 5 1
5 2 0 0 4 0 3 1 0
4 1 0 0 0 2 0 3 0
1 0 0 0 2 3 0 4 1
3 0 1 0 2 0 3 0 0
3 0 0 1 3 0 2 0 0
1 0 2 0 3 1 4 5 0
1 8 1 2 7 3 6 5 4
2 8 1 2 6 4 3 7 5
1 2 1 0 3 4 0 0 0
1 0 0 0 0 3 1 4 2
32 1 0 0 2 0 0 0 3
1 4 2 0 0 1 3 5 0
1 8 6 7 3 1 4 5 2
1 8 3 2 5 4 1 7 6
1 5 8 7 4 3 1 2 6
1 0 2 1 0 0 4 3 5
1 0 0 2 1 4 3 0 0
1 0 1 3 4 2 7 6 5
1 0 0 0 4 1 3 2 5
2 0 1 0 0 2 3 4 0
1 3 7 4 6 2 5 1 8
1 0 4 3 0 1 2 0 5
1 0 5 2 0 4 1 3 0
2 0 2 0 0 4 3 1 0
4 0 3 0 2 0 0 1 0
2 0 0 0 3 0 4 2 1
1 8 1 2 7 3 6 4 5
1 8 2 1 6 3 4 7 5
1 0 0 0 4 5 1 2 3
1 0 2 4 0 0 1 3 5
3 0 0 0 0 2 1 0 3
1 0 2 4 1 3 0 0 0
1 0 0 2 4 0 3 0 1
1 0 4 1 0 2 3 0 0
1 0 0 1 0 0 3 0 2
1 4 3 0 0 2 1 0 0
1 0 0 3 0 2 0 1 4
1 4 6 7 1 8 3 2 5
1 5 1 2 7 3 8 4 6
1 8 3 4 7 1 5 6 2
51 1 0 0 2 0 0 0 0
11 1 0 0 2 0 3 4 0
2 3 0 0 0 1 2 0 4
1 1 3 8 7 6 2 5 4
2 1 0 0 4 0 0 3 2
1 0 0 0 4 2 3 1 5
1 6 1 8 3 5 2 7 4
1 0 0 0 1 3 4 5 2
1 2 0 0 5 6 4 3 1
1 8 4 3 6 2 1 5 7
54 0 2 1 0 3 0 0 0
1 3 0 4 0 0 1 2 0
2 0 3 2 5 6 4 1 7
1 0 3 4 7 1 2 6 5
1 0 2 1 5 4 3 0 0
1 0 0 2 0 0 1 4 3
1 8 7 6 4 1 5 2 3
1 0 0 3 0 0 1 0 2
1 0 0 2 0 1 0 0 3
2 8 2 1 6 4 3 5 7
1 0 2 3 1 5 4 0 6
1 0 3 2 0 0 1 4 5
5 0 2 0 3 1 0 0 0
1 1 0 3 0 0 0 0 2
1 3 8 6 1 7 4 2 5
1 0 5 4 1 2 3 0 0
1 8 3 2 7 5 4 6 1
1 0 2 3 5 1 0 4 0
1 2 7 8 4 1 6 5 3
1 1 4 5 3 6 2 7 8
1 1 0 0 5 0 2 3 4
1 0 1 3 0 4 0 0 2
2 0 3 0 4 0 2 1 0
1 7 5 4 2 3 0 1 6
2 4 0 0 1 0 0 2 3
11 0 2 0 0 0 1 3 0
4 4 0 0 2 0 0 1 3
1 0 3 4 1 0 2 0 0
1 0 0 2 0 4 3 1 0
1 0 3 0 0 0 0 2 1
1 3 0 0 1 4 2 0 0
1 0 0 3 0 0 1 2 4
3 2 0 0 0 3 0 1 0
1 1 2 5 3 4 0 0 0
1 0 1 5 4 2 3 6 7
1 4 2 8 5 6 3 1 7
1 5 1 4 6 7 3 2 8
1 0 2 3 0 1 4 5 0
1 0 1 0 0 2 3 0 4
5 0 0 2 0 0 3 1 0
3 8 2 3 6 1 5 4 7
3 0 4 3 0 1 2 0 0
1 0 4 0 1 0 3 2 0
1 7 1 2 6 5 3 4 8
1 8 2 7 1 4 3 6 5
1 2 0 0 3 0 1 5 4
56 0 0 0 1 0 0 0 0
12 0 0 0 0 0 0 1 2
93 0 0 0 0 0 1 2 0
6 0 3 4 0 1 2 0 0
2 0 0 0 2 1 4 5 3
5 0 0 2 0 3 1 0 0
1 0 0 5 4 0 3 1 2
1 8 2 6 3 1 4 5 7
1 5 0 0 2 6 3 4 1
1 0 4 2 0 3 1 5 0
3 2 0 0 4 0 0 1 3
1 0 3 0 4 2 0 1 0
172 0 1 2 0 0 0 0 0
1 8 1 2 6 4 3 5 7
2 0 3 2 4 1 0 0 0
1 5 0 0 4 0 3 1 2
1 6 7 8 5 4 3 1 2
1 3 2 1 0 4 0 0 0
1 0 0 0 3 1 4 5 2
1 8 2 7 1 3 6 4 5
2 3 0 4 0 0 2 1 0
1 4 3 2 0 0 1 0 5
1 4 0 0 1 3 5 6 2
1 6 7 8 1 5 2 4 3
1 7 6 5 4 8 2 3 1
1 2 8 7 3 6 4 1 5
37 1 0 0 0 0 0 2 0
1 3 4 0 2 0 0 1 0
2 0 3 4 0 5 1 2 0
1 8 2 4 5 1 7 6 3
1 1 7 8 3 6 4 2 5
2 1 7 8 2 6 3 4 5
3 8 4 5 6 1 2 3 7
1 1 8 7 2 3 6 5 4
3 1 0 0 4 0 3 0 2
1 8 4 5 6 2 3 1 7
1 6 7 4 1 3 2 8 5
12 0 1 0 0 2 0 0 0
21 2 0 0 1 0 0 0 0
1 0 0 4 0 1 2 3 0
1 8 2 3 7 1 4 5 6
3 1 0 0 2 0 4 3 0
1 4 1 5 2 7 8 6 3
1 6 4 5 3 2 1 7 8
1 1 2 3 0 0 4 0 0
1 4 0 0 0 2 1 3 0
2 0 5 4 0 3 2 1 0
1 0 5 0 3 2 4 1 0
1 6 7 8 1 5 4 3 2
1 3 0 0 4 5 1 2 0
1 6 7 8 1 5 4 2 3
2 8 2 1 4 3 6 5 7
6 3 0 0 1 0 0 2 0
1 0 1 4 5 2 0 3 0
1 3 0 0 0 1 0 2 0
1 0 4 5 1 2 3 0 0
9 0 3 2 0 0 0 1 0
3 0 1 3 2 0 0 0 0
5 0 0 0 2 0 3 0 1
1 0 2 3 5 4 1 6 7
5 8 1 2 6 3 5 4 7
2 0 4 0 3 2 0 1 0
1 0 1 4 5 2 3 6 0
1 0 2 0 1 0 3 0 4
2 0 0 3 2 1 0 0 0
1 0 3 2 5 0 0 1 4
1 8 6 7 3 5 1 4 2
1 0 3 2 0 0 1 4 0
5 1 0 0 3 2 0 0 0
1 0 1 0 4 0 0 2 3
4 3 0 0 4 0 2 1 5
1 3 2 0 0 1 0 0 0
1 4 0 0 3 0 0 1 2
1 5 2 1 3 4 6 7 8
1 0 1 5 0 4 2 3 0
1 0 6 5 4 1 2 3 0
3 4 0 0 1 0 2 0 3
1 1 0 0 2 6 5 4 3
1 4 3 0 2 0 1 0 0
1 6 8 7 2 5 4 3 1
1 2 0 0 4 5 1 3 0
1 0 3 0 1 2 0 0 4
1 0 2 4 0 0 1 3 0
1 0 4 0 2 0 1 3 0
4 2 0 0 3 0 1 4 0
2 0 1 2 0 4 0 0 3
1 1 4 0 3 2 0 0 0
1 8 3 4 7 2 5 1 6
10 1 0 0 2 0 3 0 4
5 1 0 0 2 0 4 0 3
3 0 2 1 0 5 3 4 0
2 3 0 0 2 0 1 0 4
1 0 0 2 5 4 1 3 0
3 0 0 0 1 0 2 3 4
4 0 4 0 0 3 2 1 0
1 0 4 2 0 3 0 1 0
1 1 5 4 3 6 2 7 8
4 0 0 2 0 1 0 0 0
1 3 4 5 6 2 1 8 7
1 0 4 2 0 5 0 1 3
1 8 2 3 6 1 7 4 5
2 5 0 0 3 6 2 1 4
2 8 1 2 5 3 4 7 6
5 0 0 0 1 0 4 3 2
2 1 7 8 2 6 4 3 5
1 4 7 8 2 6 1 5 3
13 3 0 0 1 0 0 0 2
1 4 8 5 3 2 1 7 6
1 0 4 0 3 0 0 2 1
1 3 0 0 0 4 0 1 2
1 2 0 0 0 1 3 4 0
1 5 7 6 1 3 4 8 2
1 2 8 7 5 6 3 1 4
1 3 0 0 2 1 0 0 0
2 8 5 6 4 1 2 3 7
4 0 1 3 0 2 4 0 0
1 8 6 7 5 3 2 1 4
1 0 3 5 4 2 0 1 0
4 0 0 3 0 1 2 0 0
7 0 0 0 1 2 0 0 3
1 7 1 2 4 5 6 3 8
8 0 3 4 0 1 0 2 0
1 0 4 5 6 1 3 2 7
1 6 3 2 8 1 4 5 7
1 2 0 0 4 0 1 3 5
1 1 3 4 6 5 7 8 2
1 8 2 3 7 1 4 6 5
1 0 3 1 0 0 0 2 0
2 0 5 4 0 2 3 1 0
2 8 7 6 1 2 5 4 3
1 2 8 7 5 6 1 3 4
3 0 2 3 0 0 1 4 0
17 0 0 2 0 0 1 0 0
1 6 3 4 7 5 1 2 0
1 8 3 2 4 1 7 6 5
4 0 0 2 0 0 0 1 0
1 8 3 4 7 6 5 2 1
1 0 4 0 3 2 5 1 0
2 2 0 0 4 3 0 0 1
2 8 2 3 7 1 6 4 5
1 0 0 0 2 1 4 3 5
1 1 3 2 4 6 5 7 8
1 4 3 5 1 8 2 6 7
1 1 0 2 0 3 0 0 0
1 8 3 2 5 1 7 6 4
1 0 0 3 4 0 1 2 5
1 0 4 3 2 1 0 0 0
1 4 2 0 6 1 3 5 7
1 6 5 7 3 8 1 2 4
1 0 2 3 7 5 4 1 6
1 0 4 3 0 5 2 1 6
1 8 4 3 5 2 1 7 6
1 2 0 0 1 3 5 4 0
1 5 8 7 3 6 4 2 1
1 1 3 0 0 0 0 0 2
1 3 2 0 0 0 0 1 4
1 0 3 1 0 2 0 4 0
1 5 8 7 1 6 2 4 3
1 8 3 6 4 7 2 1 5
1 8 5 3 2 7 6 1 4
2 1 0 0 0 3 0 2 0
1 2 3 4 1 5 6 7 8
1 0 3 1 0 2 4 0 0
1 0 3 5 0 2 1 4 0
4 2 0 0 1 0 4 3 0
2 3 0 2 1 0 0 0 0
1 1 8 7 6 5 2 4 3
1 0 1 3 4 2 0 0 0
2 1 0 0 2 0 5 3 4
1 0 4 3 6 5 1 2 0
1 0 0 1 0 2 0 0 0
1 0 3 5 0 0 2 1 4
2 0 0 0 2 0 3 4 1
1 6 4 5 7 3 1 2 8
3 3 1 2 0 0 0 0 0
2 0 0 0 4 1 2 0 3
1 0 4 0 1 2 0 3 0
1 5 8 7 2 6 1 3 4
1 1 7 2 6 3 4 8 5
1 5 1 2 4 8 6 7 3
1 0 0 0 0 1 2 4 3
1 0 3 1 0 0 2 0 4
6 0 0 0 3 4 1 2 0
1 2 0 0 5 0 4 1 3
2 0 1 4 0 3 0 2 0
1 0 5 4 2 1 3 0 0
1 1 6 7 2 3 4 5 8
3 0 2 3 0 1 5 4 0
1 2 6 7 3 8 1 5 4
1 8 3 5 2 6 4 7 1
1 2 8 7 1 6 3 5 4
7 0 0 0 0 1 2 0 3
1 1 6 7 3 8 5 4 2
4 0 1 2 0 3 5 4 0
3 0 3 0 1 4 0 2 0
3 0 0 0 0 3 2 0 1
1 0 5 4 3 1 2 0 0
1 0 3 0 0 2 4 1 0
6 0 2 1 0 0 4 3 0
1 5 8 7 3 6 1 2 4
1 2 5 6 4 0 7 1 3
1 0 3 4 0 0 1 0 2
1 0 2 0 1 3 4 0 0
1 1 4 0 0 0 3 2 0
2 8 2 5 6 1 4 3 7
26 0 1 2 0 0 0 3 0
1 6 7 8 3 5 4 2 1
2 0 0 2 0 0 0 0 1
4 0 1 4 0 2 3 0 0
1 0 1 4 0 2 0 3 0
3 1 0 0 2 0 4 5 3
1 8 1 2 5 6 4 3 7
2 4 3 0 5 0 2 1 0
1 0 3 0 2 1 4 0 0
1 2 0 1 3 0 0 0 0
1 0 0 0 1 4 2 3 0
1 0 0 0 4 3 0 1 2
1 5 8 7 1 6 4 2 3
2 3 0 0 0 2 1 0 0
2 0 1 2 3 0 0 0 4
1 8 5 6 3 7 1 4 2
2 0 0 1 0 0 2 0 0
1 0 0 0 0 2 4 3 1
1 6 7 8 1 5 2 3 4
1 3 2 0 1 0 4 0 0
26 2 0 0 0 0 0 1 0
3 1 2 3 0 0 0 0 0
1 0 3 0 0 0 0 1 2
2 0 0 0 0 2 3 1 4
2 0 2 0 0 3 0 1 0
4 2 0 0 0 3 4 1 0
3 2 0 0 3 0 1 0 4
5 8 2 1 7 3 4 5 6
1 8 7 6 5 4 1 2 3
1 4 5 6 3 7 1 8 2
1 7 8 6 1 2 4 3 5
1 8 4 3 2 1 7 6 5
2 3 0 0 1 2 0 0 0
1 1 0 0 3 0 0 4 2
23 0 0 0 2 0 0 1 0
1 0 3 5 2 1 6 4 7
13 0 0 0 0 1 2 0 0
40 1 0 0 0 0 2 3 0
1 3 5 8 6 1 2 4 7
1 0 1 5 0 2 4 3 0
1 0 2 0 4 3 1 0 5
1 8 3 4 6 1 7 2 5
2 3 4 0 0 2 0 1 0
1 0 3 2 5 0 1 4 0
1 5 6 7 3 2 1 0 4
4 0 0 0 4 3 2 1 0
1 0 0 0 2 3 0 1 4
1 0 0 0 3 1 4 2 0
1 1 8 7 6 2 4 5 3
1 8 1 5 6 7 4 2 3
1 0 0 0 0 3 1 2 4
1 8 3 4 6 2 1 5 7
2 0 0 3 0 4 2 1 0
2 0 1 4 2 3 0 0 0
5 2 0 0 0 0 0 1 3
1 0 4 0 0 0 1 2 3
1 8 3 7 2 6 5 1 4
3 0 0 0 2 4 1 0 3
1 0 2 3 0 1 4 0 5
1 6 2 5 1 4 8 7 3
7 0 3 1 0 2 0 0 0
3 0 2 0 0 4 1 3 0
1 6 7 8 4 5 3 2 1
1 8 1 5 6 4 3 7 2
1 0 2 0 0 0 1 3 4
2 8 2 1 6 4 5 3 7
1 1 0 4 2 3 0 0 0
5 0 1 0 0 2 4 3 0
1 4 7 6 5 1 8 2 3
2 0 0 0 4 1 2 3 0
1 0 5 4 0 3 2 1 6
7 0 1 2 0 3 0 0 4
1 4 6 5 3 0 2 1 7
1 1 8 7 2 3 4 6 5
2 0 0 0 0 2 1 3 4
1 8 2 1 4 3 7 6 5
1 5 1 2 3 6 0 0 4
1 6 8 3 1 2 4 7 5
1 0 2 3 7 1 6 4 5
2 0 0 0 0 3 0 2 1
1 1 8 7 2 4 5 6 3
1 1 7 8 3 5 6 4 2
1 0 0 0 3 1 4 0 2
1 0 1 3 0 2 0 4 0
4 0 0 0 4 2 1 3 0
1 1 0 0 5 0 3 4 2
1 8 5 6 3 1 2 4 7
1 6 0 0 2 5 1 4 3
1 3 4 0 1 0 0 0 2
2 3 4 0 0 0 2 1 0
5 0 4 3 0 2 1 0 0
1 5 0 4 3 1 0 0 2
2 0 0 0 4 0 2 1 3
1 5 0 0 1 0 2 3 4
1 0 0 0 4 2 1 0 3
3 0 2 0 0 0 1 0 3
4 3 0 0 2 0 1 4 0
1 5 0 0 2 6 1 3 4
1 0 5 4 1 2 7 3 6
1 8 3 6 5 4 2 1 7
1 3 4 0 5 0 0 1 2
1 0 0 0 3 4 1 0 2
1 0 0 2 3 0 1 0 4
1 2 3 1 4 0 0 0 0
1 8 6 7 5 1 3 2 4
3 3 0 0 0 0 1 2 4
1 0 4 2 5 3 6 1 0
3 0 0 0 3 0 1 4 2
1 3 4 0 0 0 0 2 1
1 0 5 2 4 6 7 3 1
1 8 6 5 7 4 1 2 3
2 3 0 0 2 0 4 1 5
1 4 2 3 5 6 7 1 8
1 0 4 3 0 1 0 0 2
1 3 7 8 1 4 6 5 2
1 0 0 3 4 1 0 2 0
1 1 2 0 4 0 3 0 0
1 0 1 0 4 3 0 0 2
1 8 7 6 3 4 1 2 5
10 2 0 0 3 0 0 1 0
1 3 8 7 5 6 1 2 4
2 0 0 3 0 0 2 0 1
1 8 4 2 7 1 3 5 6
1 0 4 3 0 0 2 0 1
1 8 6 4 3 5 1 2 7
1 8 7 6 5 2 3 4 1
1 1 0 3 0 0 2 0 0
5 0 3 4 0 2 0 1 0
1 8 3 5 2 1 4 6 7
1 0 3 6 4 2 5 1 0
1 0 0 0 5 1 2 3 4
12 0 0 0 4 3 1 2 0
1 3 2 1 4 0 0 0 0
4 1 0 0 4 0 2 3 5
8 0 0 0 3 0 1 0 2
1 7 5 4 3 2 1 6 8
1 0 0 0 5 4 2 1 3
1 5 4 0 2 0 1 3 0
1 5 3 2 6 0 1 4 0
23 0 0 0 2 0 1 0 0
1 6 7 8 2 3 1 5 4
6 0 0 0 2 0 0 3 1
8 0 0 0 1 0 3 2 0
2 0 1 4 3 2 0 0 0
1 2 6 7 1 8 5 3 4
2 8 1 2 7 5 3 4 6
1 0 3 0 4 0 0 1 2
1 0 3 4 0 2 1 5 0
1 8 3 2 4 7 1 6 5
1 5 7 8 1 2 3 4 6
3 0 0 1 0 2 0 3 0
1 5 7 8 1 6 4 3 2
1 6 7 8 1 3 5 4 2
1 8 7 3 4 6 2 1 5
1 2 0 0 0 1 0 0 0
2 0 0 0 1 0 3 4 2
1 5 1 2 8 3 6 4 7
1 8 3 2 6 4 1 5 7
1 0 0 0 1 3 0 2 4
1 0 1 3 0 0 2 4 5
213 0 0 0 0 0 1 0 0
1 0 1 2 0 5 4 3 0
1 0 4 1 2 0 0 3 0
1 0 3 4 6 5 1 2 0
1 5 8 7 1 6 4 3 2
1 4 7 8 1 5 3 2 6
1 7 2 4 3 5 8 1 6
1 4 3 1 0 0 2 0 0
1 1 7 8 3 4 5 6 2
1 0 0 0 1 4 2 5 3
5 0 0 0 3 1 2 0 0
1 0 1 0 4 2 5 0 3
1 6 8 7 1 4 3 2 5
1 8 4 6 1 3 2 5 7
1 2 8 7 1 6 3 4 5
1 6 7 8 2 5 1 3 4
1 0 4 3 0 6 2 1 5
1 1 0 0 6 5 2 3 4
2 0 0 0 1 3 2 4 0
1 1 7 8 2 5 3 4 6
27 1 0 0 0 0 2 0 0
1 0 4 2 0 0 1 3 0
3 0 3 2 0 1 5 4 0
7 0 1 2 0 4 3 0 0
1 8 4 5 3 6 2 1 7
2 0 1 4 0 3 0 0 2
1 1 0 0 2 6 3 4 5
1 0 2 0 3 1 4 0 0
1 0 2 0 1 0 0 3 0
1 0 0 4 3 1 0 0 2
1 0 2 3 0 4 1 5 0
1 0 2 4 0 0 1 0 3
2 0 0 0 3 1 2 0 4
1 0 2 5 4 1 6 0 3
1 0 6 7 3 1 2 4 5
1 0 0 0 3 1 4 2 5
3 0 2 1 0 3 5 4 0
3 0 0 0 4 3 2 1 5
4 0 0 0 2 1 3 0 0
1 8 7 6 3 2 4 5 1
1 8 5 4 7 3 2 1 6
31 0 0 0 3 0 1 2 0
6 1 0 0 0 0 2 3 4
18 0 0 1 0 0 0 0 0
1 0 0 4 0 2 3 1 0
1 0 2 1 0 0 0 4 3
1 3 7 8 6 2 1 4 5
1 0 0 3 4 5 0 2 1
1 0 3 1 0 4 0 2 0
3 8 1 2 6 5 4 3 7
2 0 2 3 0 0 1 0 4
1 7 3 4 6 1 0 2 5
1 4 0 0 0 3 1 2 5
1 4 0 0 3 2 1 0 0
1 1 8 7 4 6 3 2 5
1 4 3 0 0 0 1 2 0
1 0 3 2 1 4 0 0 0
3 0 4 0 3 2 1 0 0
1 5 1 2 3 4 0 0 0
4 0 2 4 3 1 0 0 0
2 8 2 3 1 4 5 7 6
5 0 2 1 0 4 3 0 0
5 2 0 0 3 0 0 0 1
2 0 1 2 5 3 0 4 0
1 4 1 2 3 5 8 6 7
1 8 3 4 5 1 2 7 6
1 0 3 0 0 1 0 0 2
1 0 2 6 3 4 1 0 5
18 0 0 0 0 1 2 3 0
1 2 7 8 1 6 5 4 3
1 2 8 7 1 6 4 3 5
1 0 4 3 5 1 2 0 0
15 0 3 2 0 0 1 0 0
19 0 2 1 0 0 0 3 0
1 8 7 6 5 1 4 3 2
2 3 2 0 0 0 1 0 0
1 0 2 1 6 5 4 0 3
1 1 0 0 0 2 3 0 0
3 0 3 2 0 1 0 0 4
1 2 0 0 1 4 5 3 0
1 8 1 4 2 3 6 5 7
1 5 0 0 2 1 3 4 0
3 2 0 0 0 0 1 3 4
14 0 0 0 2 0 1 0 3
1 0 0 0 2 1 0 3 4
1 3 0 0 6 4 1 5 2
1 5 6 7 3 4 1 2 8
1 7 8 5 1 4 3 6 2
1 0 1 0 0 4 3 0 2
1 0 3 2 5 1 0 0 4
1 0 2 0 3 0 4 1 0
2 0 4 0 0 2 1 0 3
1 8 5 3 1 4 6 7 2
6 0 3 0 0 1 2 0 0
1 0 3 0 1 0 0 2 0
1 2 0 0 1 0 0 3 4
1 8 1 2 7 4 6 3 5
1 8 4 3 6 2 5 1 7
17 0 0 0 0 2 1 3 0
2 0 3 4 6 1 2 0 5
1 8 4 7 2 1 5 6 3
1 0 0 0 0 4 1 3 2
1 8 4 3 1 7 6 5 2
5 0 3 4 0 0 1 2 0
3 0 0 0 3 2 4 1 0
1 1 5 2 3 8 6 4 7
4 0 2 3 4 0 0 1 0
1 0 0 2 0 0 3 4 1
1 6 1 2 4 8 3 5 7
34 0 2 3 0 1 0 0 0
1 8 3 2 5 7 1 6 4
1 6 7 5 1 8 3 2 4
1 0 0 0 1 2 5 4 3
2 0 1 2 0 3 5 4 6
1 0 0 0 2 4 1 3 0
19 0 0 0 0 0 2 1 3
1 4 0 0 0 0 3 2 1
6 0 2 3 0 1 4 0 0
2 0 0 3 1 0 0 0 2
13 0 0 0 3 2 1 0 0
1 4 0 0 0 1 3 2 0
4 8 1 2 7 3 5 4 6
2 0 2 0 4 1 0 0 3
1 5 7 8 2 3 1 4 6
16 0 0 0 0 0 1 0 2
4 2 0 0 4 0 1 3 0
1 7 4 5 6 2 1 8 3
1 8 4 5 2 6 1 7 3
2 0 1 0 0 0 0 0 2
1 1 2 7 3 4 6 5 8
1 8 2 3 1 7 4 5 6
1 0 3 5 0 2 4 1 0
1 3 0 0 1 0 4 0 2
1 1 0 0 3 4 5 6 2
1 0 2 0 0 3 1 0 4
6 0 3 4 0 2 1 0 0
1 3 0 0 4 0 2 0 1
5 1 0 0 3 0 2 0 4
2 1 0 0 0 0 2 4 3
8 0 0 0 0 2 3 1 0
1 7 2 3 6 8 5 4 1
1 2 0 0 5 1 3 6 4
11 0 0 0 1 0 2 0 3
10 3 0 0 4 0 1 2 0
1 5 7 8 4 3 2 1 6
1 2 0 0 3 0 4 1 5
6 0 0 0 1 3 0 0 2
1 0 1 3 7 4 6 2 5
1 0 0 0 2 3 1 4 5
1 0 4 0 0 1 2 0 3
3 0 2 3 5 1 0 0 4
4 0 0 0 1 0 3 0 2
2 2 8 7 3 6 1 4 5
1 0 4 3 6 0 1 2 5
1 8 2 1 5 3 7 6 4
1 5 2 6 8 3 7 1 4
3 0 3 0 0 4 2 1 0
5 1 8 7 2 6 3 4 5
1 2 0 0 1 0 3 4 5
1 0 2 1 4 3 5 6 0
1 8 2 3 7 4 6 1 5
1 0 0 0 2 1 3 5 4
4 0 1 2 0 4 3 5 0
8 0 2 1 0 3 4 0 0
2 0 2 4 0 1 0 3 0
1 8 2 3 7 6 1 5 4
1 3 0 0 0 2 0 1 0
1 0 5 1 4 2 0 3 0
1 1 0 0 6 4 3 2 5
1 8 5 6 7 1 3 4 2
1 8 1 5 4 2 3 6 7
3 0 0 1 0 0 3 2 0
1 0 4 0 2 0 3 1 0
4 0 2 3 1 4 0 0 0
5 0 0 0 0 1 0 0 2
1 3 2 0 1 0 0 0 0
1 2 1 3 4 5 6 7 8
1 0 3 0 4 2 0 0 1
1 8 2 3 5 1 7 4 6
1 0 3 2 5 4 0 1 0
2 0 4 2 0 3 1 0 0
7 0 2 1 4 3 0 0 0
4 0 1 0 0 0 2 3 0
1 7 1 2 4 3 8 5 6
1 0 2 1 5 0 0 3 4
1 2 0 0 3 0 1 4 5
1 0 1 0 2 3 0 4 0
1 1 0 0 4 3 0 2 0
1 0 2 1 7 4 5 6 3
4 0 2 1 0 0 3 4 0
1 0 2 3 4 1 5 6 7
1 1 0 0 5 4 3 2 6
2 8 7 6 3 5 1 2 4
1 8 2 4 3 1 5 7 6
4 1 7 6 4 8 2 3 5
1 6 2 1 4 3 0 0 5
4 3 0 0 2 0 4 1 0
11 1 0 0 2 3 0 0 0
1 4 8 7 3 6 1 2 5
1 0 3 0 2 4 0 1 5
1 1 0 0 0 3 0 0 2
1 0 0 4 0 0 1 2 3
1 8 3 2 5 4 6 1 7
2 0 0 0 4 1 3 2 0
1 0 0 0 4 1 2 3 5
1 0 0 2 3 4 0 1 0
2 0 1 2 6 3 4 5 7
2 0 4 0 0 1 2 3 0
2 0 0 2 0 3 0 1 0
1 2 1 0 3 0 0 0 0
2 6 8 7 5 4 3 2 1
2 0 2 0 1 3 0 0 0
18 0 2 0 0 0 1 0 0
19 1 0 0 2 0 0 3 0
1 0 3 4 1 2 0 0 5
2 0 1 3 2 4 0 0 0
1 7 5 4 3 2 8 1 6
15 1 0 0 0 0 0 0 2
1 0 7 6 4 2 1 5 3
2 4 2 3 0 0 0 1 0
3 0 3 0 1 2 0 4 0
2 1 0 3 2 0 0 0 0
1 4 6 7 5 8 1 2 3
1 6 7 8 4 3 1 2 5
2 2 0 0 5 0 3 1 4
1 0 2 5 6 3 1 4 7
1 8 1 6 7 4 2 3 5
1 3 0 0 4 0 5 2 1
1 5 6 7 4 8 1 2 3
1 1 0 0 2 0 5 4 3
1 2 5 8 3 1 7 6 4
1 0 2 4 5 1 0 0 3
1 2 8 7 1 3 6 5 4
3 0 2 0 3 4 0 1 0
2 8 1 2 7 3 4 6 5
2 0 1 3 0 4 2 0 0
27 0 1 2 0 0 3 0 0
2 0 2 0 0 3 1 4 0
1 0 1 2 0 4 5 3 0
4 0 0 0 2 4 3 1 0
2 8 1 2 5 3 4 6 7
1 0 1 0 2 3 4 0 0
6 3 0 0 0 0 1 0 2
6 3 0 0 2 0 0 0 1
1 4 3 5 7 0 6 1 2
1 4 0 0 0 0 1 3 2
2 0 0 2 3 4 1 0 0
21 1 0 0 3 0 0 2 0
16 0 1 2 4 3 0 0 0
1 0 2 4 0 1 3 0 0
1 0 3 0 0 2 1 4 5
1 0 3 0 2 1 0 4 5
1 8 2 3 4 5 7 6 1
1 1 8 7 3 6 5 2 4
1 5 1 2 4 3 6 7 8
1 6 7 8 3 4 1 2 5
8 2 0 0 1 0 3 0 0
1 2 8 7 1 6 5 4 3
1 8 6 7 3 1 2 4 5
6 0 2 0 0 0 0 1 0
3 0 2 3 4 1 0 0 0
1 2 0 0 1 0 4 3 5
1 8 2 1 4 5 7 3 6
3 0 0 0 0 1 2 3 4
1 8 7 5 6 1 4 2 3
2 0 0 0 1 3 4 2 0
1 1 0 0 4 6 5 3 2
1 1 0 0 5 0 4 2 3
7 0 2 1 0 3 0 4 0
5 1 0 0 0 0 3 2 4
2 4 0 0 5 0 1 2 3
1 0 0 0 4 3 0 2 1
1 0 0 0 0 2 3 0 1
1 3 0 0 1 2 4 0 0
1 5 0 0 1 0 4 2 3
4 1 0 0 0 0 3 0 2
1 0 0 1 4 0 2 3 0
2 1 3 0 2 0 0 0 0
1 0 4 0 2 1 3 0 0
1 1 4 0 0 0 2 3 0
1 8 3 4 5 2 1 7 6
2 0 0 0 3 1 0 0 2
5 0 1 0 2 3 0 0 0
2 3 7 8 4 6 1 2 5
1 0 1 2 4 3 6 5 0
1 0 5 4 3 2 7 6 1
1 1 4 2 0 0 0 0 3
1 8 5 6 4 7 3 1 2
1 6 2 7 4 5 3 1 8
1 3 2 1 0 0 0 0 0
1 0 3 1 2 4 0 0 0
11 0 0 0 0 1 0 2 0
1 3 0 0 1 0 2 0 4
1 3 0 0 1 2 0 4 0
1 2 0 0 4 0 3 0 1
1 0 0 0 3 2 4 0 1
2 8 1 2 3 5 6 7 4
1 8 1 2 5 3 7 6 4
1 0 2 3 5 1 7 6 4
5 0 2 0 0 1 0 3 0
1 8 2 1 5 6 4 3 7
1 1 0 0 4 3 2 5 6
1 1 8 7 2 6 5 3 4
1 8 1 2 3 4 6 7 5
1 8 1 3 4 2 6 5 7
2 0 1 2 4 0 0 3 0
2 3 0 0 2 6 4 1 5
1 0 1 0 2 0 4 3 0
1 8 4 5 1 7 2 3 6
1 0 2 1 3 0 0 4 0
9 0 0 0 3 0 0 1 2
7 0 1 2 0 0 3 4 0
1 1 0 0 0 0 0 3 2
1 1 0 0 0 5 2 3 4
1 0 1 0 3 0 2 4 0
11 0 0 0 0 2 0 1 0
2 0 0 3 0 0 2 1 0
1 4 1 3 2 5 6 7 8
1 8 3 2 7 1 6 4 5
1 0 4 1 0 3 2 5 0
1 0 1 5 6 3 2 7 4
1 1 7 8 4 5 3 2 6
1 6 1 2 8 4 5 3 7
1 4 0 0 1 0 5 3 2
2 0 0 2 0 0 0 1 3
2 8 2 1 7 3 6 5 4
3 0 1 2 4 3 0 0 5
1 8 4 1 7 2 6 3 5
2 0 1 0 0 3 2 4 0
1 0 2 3 4 5 0 1 0
6 8 1 2 7 3 4 5 6
1 0 0 0 3 2 4 5 1
1 0 0 1 2 3 0 0 0
4 0 2 1 0 4 0 0 3
1 7 3 6 5 1 2 8 4
2 8 1 3 6 2 4 5 7
1 0 1 0 0 0 3 2 4
1 5 4 3 6 8 1 2 7
2 0 2 4 0 3 1 0 0
1 0 2 0 0 4 1 0 3
1 0 2 0 4 1 0 3 0
2 1 7 8 2 3 4 5 6
1 0 3 4 2 1 0 5 6
1 0 6 7 5 3 1 2 4
1 0 0 2 0 3 1 4 0
9 0 0 0 2 3 0 1 0
1 8 6 7 2 3 4 1 5
1 8 4 7 3 1 6 2 5
1 0 0 4 0 2 0 1 3
1 0 2 3 0 4 5 1 0
1 3 0 0 1 0 4 5 2
3 0 0 3 0 0 0 1 2
7 0 3 0 0 1 0 2 0
1 4 0 0 2 0 5 3 1
2 0 0 0 3 0 4 1 2
1 0 4 5 2 3 0 6 1
44 2 0 0 0 0 1 0 0
1 8 3 6 4 1 2 5 7
6 4 0 0 0 0 1 2 3
1 2 1 0 0 0 0 0 0
2 0 0 0 2 1 4 3 0
1 0 4 3 5 2 0 1 0
22 2 0 0 0 0 1 3 0
1 1 7 6 5 8 3 2 4
2 2 0 0 3 1 0 0 0
3 1 7 8 2 3 5 6 4
1 8 3 4 2 1 6 7 5
1 1 5 6 0 2 3 4 0
1 8 1 2 3 4 7 5 6
2 0 3 0 0 2 1 0 4
10 1 0 0 0 0 0 2 3
1 0 0 3 1 0 2 0 0
1 1 8 7 2 6 5 4 3
1 0 0 0 3 5 1 4 2
2 0 2 1 0 0 3 4 5
2 0 0 2 0 0 1 3 0
2 2 0 0 0 4 1 3 0
5 0 0 0 0 0 0 2 1
8 0 1 2 0 4 0 3 0
1 0 1 5 6 2 3 4 0
1 0 4 3 0 5 1 2 0
1 1 0 0 4 5 3 2 0
1 8 2 3 4 6 7 1 5
2 0 1 3 0 0 2 0 0
2 5 0 0 3 0 1 2 4
2 0 1 4 0 5 3 2 0
1 0 2 0 0 0 3 1 0
2 3 0 2 0 1 0 0 0
1 0 2 3 1 0 5 4 6
1 1 0 0 0 4 3 2 0
1 6 7 8 2 3 4 5 1
1 0 3 5 0 1 4 2 0
1 1 0 6 2 7 5 4 3
2 1 7 8 2 3 5 4 6
20 1 0 0 2 0 3 0 0
1 0 3 2 4 1 0 0 5
3 4 0 0 1 0 2 3 0
2 0 4 3 0 2 0 1 0
1 8 3 7 5 2 4 1 6
1 4 0 0 1 3 0 2 5
1 4 0 0 2 0 3 1 0
1 4 3 2 0 0 0 0 1
1 8 2 1 4 3 5 7 6
59 0 0 0 0 2 1 0 0
6 0 0 0 0 4 1 2 3
1 0 2 0 0 1 3 0 0
6 0 0 0 1 0 0 3 2
1 0 0 6 5 4 1 2 3
1 4 0 0 1 0 3 2 0
1 5 4 0 3 2 0 1 0
14 1 0 0 3 0 2 0 0
19 0 3 0 0 0 1 2 0
1 1 0 0 0 4 2 3 0
1 1 0 2 0 0 0 0 0
1 1 2 8 3 7 4 5 6
1 1 0 0 3 0 5 2 4
1 1 2 0 3 0 0 0 0
28 3 0 0 0 0 2 1 0
1 8 1 2 4 3 7 5 6
1 0 2 0 0 0 3 0 1
1 8 2 1 3 6 4 5 7
1 5 2 8 6 7 1 3 4
1 0 2 1 5 3 7 4 6
1 8 2 3 6 7 1 5 4
7 0 1 2 3 4 0 0 0
1 4 0 0 5 3 2 1 0
6 0 0 0 0 0 1 3 2
1 0 2 3 4 0 1 0 0
1 0 3 2 4 5 1 0 0
1 5 7 8 3 6 1 2 4
7 0 1 0 0 2 0 3 0
1 0 1 2 6 3 4 5 0
2 8 4 3 7 2 6 1 5
1 3 0 0 2 4 6 1 5
1 2 0 0 1 4 0 3 0
1 2 0 0 0 0 4 1 3
6 0 1 0 0 3 2 0 0
18 0 1 2 0 3 0 4 0
1 5 6 7 4 3 1 2 8
1 1 0 0 2 5 3 4 0
1 1 3 2 4 5 0 0 0
1 8 1 2 7 4 3 5 6
1 8 4 3 1 5 6 7 2
1 0 0 3 0 1 0 0 2
2 2 0 0 0 0 0 3 1
11 3 0 0 4 0 2 1 0
2 8 1 2 4 3 7 6 5
1 8 1 5 7 2 3 4 6
7 3 0 0 2 0 1 0 0
8 0 0 0 0 2 0 0 1
4 0 0 0 0 3 0 1 2
1 0 0 1 0 0 0 2 0
2 4 0 0 0 1 2 3 0
2 0 4 1 0 3 2 0 0
1 0 0 2 3 0 1 4 0
5 0 0 4 0 3 1 2 0
2 0 3 2 0 0 1 0 4
2 0 2 1 0 5 4 3 0
5 0 1 2 3 0 4 0 0
2 0 2 1 0 3 0 0 4
1 2 0 0 3 0 0 4 1
1 0 1 2 5 0 0 3 4
1 0 1 2 0 0 0 3 4
4 0 0 0 1 0 0 2 3
20 0 0 0 3 0 2 1 0
1 8 3 1 4 2 5 6 7
1 8 2 3 4 5 1 6 7
3 2 0 0 1 0 3 4 0
1 0 1 4 3 2 5 7 6
1 0 1 5 0 2 3 0 4
1 8 2 4 6 1 5 3 7
