3 Wick and East Caithness
4 6 745 4180
Raymond BREMNER, SNP
Bill FERNIE, Ind
Andrew JARVIE, Con
Neil MACDONALD, Lab
A.I. Willie MACKAY, Ind
Jan MCEWAN, SLD
1 1 5 0 3 2 4
1 1 5 2 3 6 4
1 4 2 6 5 1 3
2 0 5 1 3 2 4
9 0 3 2 0 4 1
5 2 0 1 0 3 0
2 1 4 0 3 2 5
2 3 2 0 4 1 5
2 1 2 6 3 5 4
21 0 2 3 0 0 1
40 0 2 0 0 3 1
1 3 4 0 5 2 1
3 0 2 3 1 0 0
3 0 0 2 1 0 0
2 4 2 0 0 1 3
13 0 0 3 0 2 1
1 3 4 6 1 2 5
1 1 5 2 4 3 6
5 1 2 0 3 4 0
1 4 5 6 3 2 1
2 1 3 5 2 6 4
2 2 6 5 3 1 4
3 2 6 5 3 4 1
1 4 1 0 0 3 2
49 1 3 0 0 2 0
2 3 2 0 0 1 4
5 6 4 1 3 5 2
1 2 1 3 4 6 5
2 0 3 0 1 2 4
2 0 0 2 3 1 0
4 5 3 6 4 2 1
11 0 1 0 3 0 2
3 6 1 3 5 4 2
1 5 1 2 6 4 3
5 3 0 0 1 0 2
2 5 2 6 3 4 1
1 1 2 4 0 3 5
27 0 0 0 1 0 2
4 6 5 1 4 2 3
1 4 2 5 3 1 6
1 3 4 5 6 2 1
2 2 1 4 0 0 3
3 1 2 6 4 5 3
1 6 2 5 3 4 1
2 4 3 0 5 1 2
1 6 2 1 3 4 5
3 0 1 0 4 3 2
4 3 0 0 0 1 2
1 0 4 2 5 3 1
5 6 4 5 2 3 1
1 5 6 2 4 3 1
11 0 3 0 4 2 1
3 0 2 1 3 0 0
1 3 2 5 4 6 1
1 0 1 2 0 3 4
1 0 2 1 3 5 4
1 3 1 4 5 6 2
19 0 1 0 0 2 3
2 0 2 3 0 4 1
5 0 4 0 1 3 2
1 5 3 6 4 1 2
1 6 1 4 3 5 2
1 2 0 4 3 0 1
1 1 2 3 6 4 5
14 2 0 0 3 0 1
6 0 0 2 0 1 3
1 4 3 2 6 1 5
12 0 3 0 1 0 2
27 0 0 2 3 0 1
5 1 2 3 4 5 6
3 0 0 1 3 2 0
2 2 4 1 5 3 6
1 2 4 6 1 5 3
23 1 3 6 5 2 4
3 0 2 5 4 3 1
1 2 1 6 5 4 3
4 6 3 2 5 1 4
3 6 2 3 5 1 4
2 1 3 5 4 2 6
1 4 0 0 2 1 3
2 1 0 2 3 0 0
7 6 4 5 3 2 1
1 0 4 0 3 1 2
1 0 4 1 2 5 3
1 1 4 5 2 6 3
3 2 5 6 1 3 4
1 3 2 1 5 6 4
1 4 2 1 6 3 5
2 6 5 1 2 4 3
1 6 2 1 4 3 5
1 2 1 5 6 4 3
9 0 3 0 2 4 1
7 2 4 0 0 3 1
3 0 0 1 4 2 3
1 2 0 3 0 4 1
1 5 2 3 4 6 1
4 1 0 3 0 2 0
1 6 4 5 3 1 2
1 3 0 4 0 1 2
1 3 1 0 2 4 0
1 0 1 4 0 3 2
42 0 2 0 0 1 0
8 1 5 6 3 4 2
10 0 0 1 2 0 0
1 2 4 5 3 6 1
1 0 1 2 4 0 3
1 1 4 5 6 3 2
2 0 2 4 3 1 5
1 0 5 2 4 1 3
1 2 3 5 6 4 1
2 6 5 3 2 4 1
1 4 5 6 1 2 3
1 4 2 5 1 3 6
3 1 2 0 4 3 0
1 1 0 0 3 4 2
1 2 1 0 3 0 4
2 2 1 5 6 3 4
12 1 3 0 0 2 4
4 1 3 0 0 4 2
1 4 2 5 3 6 1
1 0 5 3 4 1 2
2 3 4 6 2 1 5
2 2 1 0 5 4 3
19 1 0 0 0 3 2
1 3 0 1 0 4 2
14 0 0 1 0 3 2
1 0 0 1 2 3 4
1 0 3 1 5 4 2
257 1 0 0 0 0 0
27 0 2 1 0 0 0
1 6 1 2 4 5 3
1 1 4 2 0 0 3
1 1 5 0 4 3 2
1 2 0 3 4 0 1
2 0 2 3 5 4 1
1 6 4 2 3 1 5
4 3 1 0 0 0 2
9 6 4 2 5 3 1
6 0 2 0 1 0 3
3 3 5 6 2 4 1
1 3 4 1 2 6 5
2 5 3 6 1 4 2
1 0 3 4 2 1 0
1 2 4 1 6 5 3
1 6 3 4 1 5 2
1 0 5 2 3 1 4
1 3 6 5 1 4 2
1 2 4 3 1 0 0
3 1 2 4 3 5 6
3 6 2 1 5 3 4
2 2 1 5 4 3 6
1 1 2 5 3 6 4
1 4 2 0 1 0 3
4 0 1 0 2 0 0
1 1 5 0 2 4 3
4 3 4 0 2 0 1
2 0 4 2 3 0 1
6 0 3 1 0 4 2
3 2 0 0 4 3 1
3 6 2 3 4 5 1
6 6 5 1 3 4 2
6 0 0 0 1 3 2
1 4 1 5 2 6 3
1 1 0 4 0 2 3
7 1 5 6 2 4 3
14 0 0 0 1 2 3
1 6 5 4 1 2 3
9 0 3 2 0 1 0
3 0 3 2 1 0 0
1 2 1 0 3 5 4
1 4 5 6 3 1 2
4 6 2 1 4 5 3
2 0 1 3 4 0 2
1 2 4 0 1 5 3
4 1 0 0 2 3 4
2 1 2 4 6 3 5
1 4 6 5 3 1 2
2 0 0 3 1 2 0
3 6 2 5 3 1 4
3 1 4 0 0 2 3
15 0 0 0 2 3 1
3 1 0 0 4 3 2
2 5 4 2 6 3 1
1 0 2 3 1 0 4
1 5 1 4 2 3 0
3 3 0 0 4 2 1
2 0 0 4 3 1 2
3 0 4 3 2 0 1
1 4 2 5 1 6 3
7 0 0 0 2 1 0
1 5 2 0 1 3 4
3 3 4 0 0 1 2
23 0 1 0 0 0 2
1 2 6 3 1 5 4
4 6 2 5 4 1 3
17 0 0 1 0 2 3
19 0 3 1 0 0 2
1 6 1 3 4 2 5
3 4 3 6 2 1 5
2 5 2 6 3 1 4
1 1 5 3 2 4 6
2 4 2 6 3 5 1
1 6 3 5 4 1 2
1 0 1 2 5 3 4
4 0 0 1 3 4 2
3 0 2 0 3 4 1
2 3 2 0 0 4 1
21 0 3 0 2 0 1
1 1 5 3 4 2 6
3 1 3 4 5 2 6
1 1 3 0 2 0 4
2 4 1 2 0 0 3
1 2 4 5 3 0 1
1 6 1 3 2 5 4
1 3 1 0 4 2 5
1 5 3 0 1 2 4
1 4 3 6 1 5 2
7 0 0 0 1 2 0
1 0 1 3 2 4 5
1 3 1 0 0 2 4
57 1 0 0 0 2 0
1 1 5 6 4 2 3
1 1 4 5 3 2 6
1 1 6 2 5 3 4
4 0 3 1 2 0 0
1 5 6 4 1 3 2
9 6 3 5 4 2 1
1 0 4 3 2 5 1
1 1 3 4 2 5 6
1 2 1 5 3 4 6
1 2 4 6 1 3 5
2 2 5 3 4 6 1
1 4 5 6 2 3 1
29 1 3 0 0 0 2
2 0 0 3 4 2 1
1 4 5 2 6 3 1
2 4 2 5 6 3 1
1 6 5 1 3 2 4
1 2 5 6 4 1 3
50 0 1 0 0 0 0
1 3 0 1 0 2 0
3 0 2 0 4 3 1
4 0 0 2 1 3 0
1 4 5 3 6 2 1
1 2 5 6 1 4 3
77 0 0 0 0 1 0
3 2 3 0 4 0 1
2 2 4 5 6 3 1
6 2 1 0 0 0 3
2 6 5 4 3 1 2
3 3 2 6 5 1 4
2 0 4 1 3 5 2
3 0 4 2 0 1 3
1 3 2 0 5 4 1
3 6 3 5 1 4 2
1 4 1 6 3 5 2
1 2 4 3 0 5 1
8 6 3 5 2 4 1
1 0 1 4 3 0 2
1 1 2 5 4 6 3
11 0 1 0 3 2 0
1 1 2 0 3 5 4
1 5 2 4 6 1 3
1 2 6 1 5 3 4
20 2 0 0 0 3 1
2 2 3 4 5 1 6
2 4 1 6 2 3 5
5 3 2 4 5 1 6
1 2 5 4 3 6 1
1 5 4 1 6 3 2
1 2 1 4 3 6 5
1 5 1 6 4 3 2
13 1 2 0 0 0 3
59 0 3 0 0 2 1
4 0 3 2 5 4 1
1 2 1 3 4 5 0
2 5 4 3 1 6 2
12 1 4 6 5 3 2
2 0 1 2 0 3 0
1 6 2 1 3 5 4
4 6 4 5 1 2 3
1 6 1 2 5 4 3
5 2 3 0 0 4 1
2 0 3 2 0 1 4
10 0 1 3 0 2 0
1 0 2 1 3 4 0
20 2 3 0 0 0 1
5 2 0 0 1 3 0
3 0 1 0 4 2 3
1 2 5 3 4 1 6
2 3 2 6 4 5 1
6 2 0 1 0 0 3
19 0 2 1 0 0 3
1 0 0 1 3 2 4
5 1 4 0 2 0 3
1 4 5 2 0 3 1
2 3 2 6 4 1 5
27 1 2 0 0 0 0
1 0 4 2 5 1 3
1 0 4 1 2 3 5
1 0 0 2 1 0 3
2 1 3 5 2 4 6
4 0 2 0 1 0 0
1 2 1 0 4 0 3
3 5 1 6 3 2 4
1 3 5 4 6 2 1
3 0 3 0 1 2 0
3 1 2 6 3 4 5
8 0 3 0 2 1 0
2 3 2 4 0 0 1
1 2 5 1 6 3 4
1 2 1 5 4 6 3
5 0 4 1 3 0 2
2 3 1 6 2 4 5
1 2 4 0 3 0 1
3 1 3 4 5 6 2
5 2 3 0 1 0 0
2 2 1 0 4 3 0
26 0 0 3 2 0 1
1 1 2 0 3 4 5
4 6 3 2 5 4 1
2 1 5 0 4 2 3
1 0 5 2 3 4 1
1 4 3 5 6 1 2
2 4 3 0 0 1 2
18 0 0 1 3 0 2
6 3 4 6 5 2 1
1 4 3 2 6 5 1
12 0 1 0 2 0 3
1 1 6 5 4 2 3
3 5 4 6 3 2 1
1 5 3 1 6 2 4
1 2 1 0 3 4 0
4 1 3 0 4 2 5
1 2 3 4 1 0 0
1 0 3 4 1 2 5
1 0 0 2 1 4 3
1 1 6 3 4 2 5
6 1 3 0 4 0 2
4 1 0 0 3 2 4
3 1 3 5 6 4 2
2 4 2 0 3 5 1
6 0 4 1 0 2 3
2 4 3 0 0 2 1
1 6 5 4 1 3 2
33 1 0 0 2 0 0
2 6 4 1 5 2 3
3 6 3 2 4 1 5
2 5 6 3 2 1 4
31 0 2 1 0 3 0
3 0 0 2 4 3 1
15 0 2 0 3 1 0
3 1 5 6 2 3 4
4 6 3 1 4 2 5
3 6 4 2 5 1 3
1 2 1 3 5 6 4
1 4 3 0 1 5 2
2 2 0 4 0 1 3
1 2 4 6 3 5 1
1 3 0 0 1 4 2
5 6 4 1 2 5 3
1 6 3 4 5 1 2
1 1 2 5 6 3 4
3 0 4 3 0 1 2
2 1 5 6 3 2 4
44 0 0 0 1 0 0
1 3 2 4 5 6 1
4 6 2 4 5 1 3
1 2 1 4 3 5 6
2 2 4 1 0 0 3
1 3 0 1 0 2 4
1 0 2 5 4 1 3
1 3 2 1 0 0 4
2 0 3 4 0 1 2
14 0 0 2 0 3 1
1 3 2 0 4 0 1
1 0 0 3 4 1 2
4 0 5 1 4 3 2
1 2 3 4 6 5 1
3 3 6 5 4 2 1
2 1 4 0 5 2 3
3 0 3 2 4 1 0
2 4 3 6 5 1 2
15 0 1 2 0 0 0
1 3 2 1 0 4 0
1 2 3 1 6 4 5
7 0 2 0 4 1 3
1 4 1 0 5 2 3
3 2 3 0 0 1 4
8 1 2 6 4 3 5
1 1 4 6 2 3 5
2 0 5 1 2 3 4
36 0 1 0 0 2 0
7 2 0 0 1 0 0
1 2 0 0 4 1 3
3 1 2 3 0 0 4
2 1 2 0 4 3 5
1 4 3 2 0 0 1
1 2 1 0 0 3 4
2 6 5 4 2 1 3
1 1 0 2 0 0 3
1 1 5 0 3 4 2
3 5 4 6 2 3 1
3 0 0 3 2 1 0
4 0 1 3 2 0 0
2 3 1 0 0 4 2
11 1 0 0 3 2 0
7 6 4 2 3 5 1
11 3 2 0 0 1 0
1 6 1 4 3 2 5
3 6 3 2 4 5 1
3 1 2 4 5 3 6
2 2 5 1 4 6 3
1 2 0 0 3 1 4
3 4 3 0 2 0 1
26 0 2 0 3 0 1
1 4 2 1 0 3 0
4 6 2 3 5 4 1
2 1 4 0 3 2 0
1 4 0 0 3 1 2
13 0 0 2 0 1 0
5 6 4 3 2 5 1
1 0 3 0 1 4 2
1 3 0 0 2 1 0
1 0 3 4 2 5 1
3 3 4 0 0 2 1
2 0 1 3 0 2 4
1 2 3 0 5 4 1
1 3 5 6 4 1 2
5 0 0 3 0 1 2
1 0 0 1 2 4 3
1 4 1 5 3 6 2
59 0 0 2 0 0 1
1 0 4 3 1 2 0
1 1 4 3 6 5 2
3 5 2 6 4 3 1
1 3 5 0 4 1 2
2 3 2 5 6 1 4
4 1 0 2 0 3 0
1 1 4 2 5 3 6
6 6 5 2 4 3 1
1 4 1 3 2 0 5
3 1 3 5 6 2 4
1 6 1 5 3 2 4
1 3 1 6 4 2 5
2 6 3 4 2 5 1
4 0 3 1 0 2 4
8 2 1 0 0 3 0
2 2 1 0 0 4 3
3 0 1 3 4 2 0
1 3 0 2 1 0 0
7 6 2 5 4 3 1
14 0 0 1 0 2 0
1 0 2 1 3 0 4
1 2 1 6 4 3 5
2 3 1 2 0 0 0
5 6 4 1 5 3 2
1 4 3 0 1 0 2
2 0 0 2 1 3 4
1 5 6 2 3 4 1
1 0 4 1 5 3 2
1 1 4 2 3 5 6
1 0 5 4 3 1 2
5 6 5 2 3 4 1
2 0 2 0 1 3 4
1 6 2 5 1 4 3
2 2 5 0 4 1 3
5 0 1 4 0 2 3
57 0 0 1 0 0 2
14 3 0 0 0 2 1
1 5 4 1 3 0 2
1 4 3 0 2 1 0
3 0 2 4 3 0 1
4 1 2 3 0 0 0
3 3 0 0 1 2 0
1 5 3 0 4 1 2
4 1 4 0 3 0 2
26 0 0 0 0 1 2
1 2 5 1 6 4 3
4 1 4 0 2 3 0
1 4 5 0 2 1 3
8 2 3 0 0 1 0
4 1 3 6 2 4 5
1 0 1 4 2 3 0
1 1 6 4 2 5 3
24 0 3 1 0 2 0
1 2 5 0 1 4 3
1 0 3 1 5 2 4
1 1 2 0 5 3 4
2 3 1 6 5 2 4
4 2 4 6 5 3 1
2 0 4 2 3 5 1
2 0 3 1 4 0 2
4 2 1 6 5 3 4
1 6 4 5 1 3 2
1 4 6 5 3 2 1
1 5 4 1 3 2 6
2 0 1 4 3 2 5
1 4 6 3 2 1 5
3 5 3 6 2 4 1
3 3 2 6 5 4 1
7 0 4 3 0 2 1
1 5 2 6 4 1 3
1 4 1 5 6 2 3
3 6 1 5 4 3 2
2 3 0 2 0 0 1
1 0 1 5 3 2 4
4 0 1 0 3 4 2
2 3 0 1 0 0 2
1 0 3 4 2 0 1
1 1 2 4 5 6 3
2 1 2 0 4 0 3
1 0 4 5 2 1 3
1 2 5 6 3 1 4
1 2 3 4 5 0 1
3 1 0 3 0 0 2
1 5 2 3 4 1 6
2 3 4 6 2 5 1
2 0 4 3 5 2 1
2 3 6 5 2 1 4
1 3 2 1 4 0 0
62 0 0 0 2 0 1
1 3 6 2 4 5 1
1 5 4 6 3 1 2
2 2 0 0 3 4 1
3 4 5 1 3 6 2
4 5 3 1 4 6 2
18 2 0 0 0 1 0
1 2 1 6 3 4 5
1 3 0 0 2 1 4
213 0 0 0 0 0 1
1 3 5 4 1 6 2
1 0 4 2 1 5 3
1 6 1 2 5 3 4
1 4 3 1 0 0 2
7 0 0 0 3 1 2
1 4 6 1 5 3 2
44 1 0 0 0 0 2
6 1 4 6 3 5 2
1 6 2 4 1 3 5
1 3 6 4 5 2 1
2 0 1 2 0 4 3
1 0 2 0 3 1 4
1 1 3 4 6 5 2
5 0 0 0 2 1 3
1 2 0 3 4 1 5
140 0 0 1 0 0 0
2 6 1 5 2 3 4
1 6 5 2 1 4 3
9 1 2 0 0 3 4
2 4 1 0 0 2 3
3 0 4 0 3 2 1
2 3 2 5 4 1 6
1 0 2 4 3 1 0
7 0 2 1 0 4 3
1 1 3 4 0 0 2
1 0 4 3 5 1 2
1 3 4 2 0 0 1
1 2 3 1 0 0 0
1 6 4 2 1 3 5
19 0 3 2 0 0 1
26 1 0 0 0 2 3
9 3 2 0 0 0 1
29 1 2 6 5 3 4
7 4 3 6 5 2 1
1 6 2 4 3 5 1
2 2 1 3 4 5 6
2 2 0 3 0 0 1
6 6 3 1 5 4 2
1 4 0 2 0 1 3
27 0 3 0 0 1 2
1 3 6 5 2 4 1
1 0 2 3 5 1 4
1 4 3 5 6 2 1
1 3 1 0 4 2 0
1 3 4 6 1 5 2
1 0 2 3 4 1 5
3 2 3 5 4 6 1
1 0 5 3 4 2 1
7 0 2 3 0 1 0
1 0 0 1 4 3 2
1 0 1 3 2 5 4
5 0 2 3 0 1 4
14 0 0 0 3 2 1
1 3 0 2 1 0 4
2 1 5 4 3 6 2
1 5 1 6 3 4 2
3 2 0 3 1 0 0
1 0 0 3 2 4 1
1 3 1 0 4 0 2
9 0 4 0 2 3 1
1 4 2 0 3 1 0
1 2 1 6 3 5 4
3 0 3 4 0 2 1
1 0 5 4 3 2 1
1 4 2 5 6 1 3
5 0 3 2 4 0 1
2 4 1 0 3 2 0
5 2 3 6 5 1 4
1 4 6 3 5 1 2
2 6 5 1 4 3 2
9 0 2 1 0 3 4
1 6 1 5 3 4 2
3 3 2 0 1 0 0
1 2 3 0 1 4 0
1 2 0 1 0 4 3
2 1 4 2 6 3 5
2 2 3 6 1 4 5
2 0 2 1 4 3 0
4 0 4 2 0 3 1
1 1 3 4 0 2 0
7 1 0 0 2 3 0
1 1 3 0 4 5 2
1 5 6 2 1 3 4
5 2 0 1 0 0 0
2 2 3 0 4 1 0
1 4 6 2 3 1 5
1 4 0 0 2 3 1
1 0 0 4 3 2 1
3 0 1 0 3 2 4
5 2 1 0 3 0 0
1 6 2 4 5 3 1
1 5 0 3 2 4 1
5 0 2 0 1 3 0
1 2 4 0 3 1 0
1 3 4 5 6 1 2
38 0 2 0 0 0 1
1 1 4 2 5 6 3
3 1 0 0 2 4 3
2 2 4 0 0 1 3
1 1 2 0 5 4 3
2 1 3 6 4 5 2
2 1 0 3 2 0 0
6 5 4 6 1 3 2
5 1 3 6 5 4 2
2 6 1 4 2 5 3
1 4 3 6 2 5 1
3 0 1 0 2 3 4
1 2 4 1 0 3 0
7 0 1 2 0 0 3
3 0 0 2 3 4 1
4 4 2 6 5 3 1
3 1 4 6 3 2 5
1 0 1 4 3 5 2
5 0 2 4 0 1 3
1 3 2 6 1 5 4
1 0 1 2 4 3 0
8 2 0 0 1 0 3
7 1 4 6 2 5 3
1 5 2 4 3 6 1
2 6 1 4 5 3 2
2 0 5 1 2 4 3
1 2 4 3 6 1 5
3 6 5 4 3 2 1
2 2 3 6 5 4 1
2 6 3 2 1 4 5
2 3 4 0 1 5 2
1 0 4 0 2 1 3
11 1 3 0 2 0 0
42 1 2 0 0 3 0
10 6 4 3 5 2 1
1 3 6 1 4 5 2
13 0 1 0 2 3 0
4 3 2 1 0 0 0
1 0 3 1 2 4 0
1 3 4 1 5 6 2
2 6 5 2 4 1 3
4 3 4 6 5 1 2
3 1 2 6 5 4 3
5 6 3 4 5 2 1
5 4 2 0 0 3 1
1 5 3 1 4 2 6
1 1 5 3 6 2 4
5 6 5 4 2 3 1
3 6 3 1 4 5 2
4 6 5 3 4 2 1
3 6 3 1 2 5 4
4 0 0 1 2 3 0
1 0 0 4 2 1 3
2 1 4 3 2 0 0
3 1 3 0 2 4 0
3 0 2 4 0 3 1
1 6 1 3 4 5 2
1 2 1 3 0 0 0
2 1 3 2 0 0 0
1 1 6 5 2 4 3
6 2 3 6 4 1 5
1 0 2 4 5 1 3
1 6 4 1 2 3 5
36 2 0 0 0 0 1
9 2 1 0 0 0 0
1 6 1 5 4 2 3
5 1 6 5 4 3 2
5 2 0 0 3 1 0
1 4 3 5 2 1 0
1 3 1 6 5 4 2
9 6 3 1 5 2 4
4 0 0 3 1 0 2
1 6 2 3 4 1 5
1 1 2 3 0 4 5
7 1 4 6 5 2 3
11 0 0 1 2 0 3
1 2 3 0 1 4 5
2 6 5 1 2 3 4
5 3 1 0 2 0 0
8 0 1 3 0 0 2
2 3 0 2 0 1 0
25 1 0 0 2 0 3
1 3 4 2 5 6 1
1 0 4 3 1 5 2
66 0 0 0 0 2 1
10 1 3 0 4 2 0
20 0 2 0 0 1 3
3 0 5 1 3 4 2
3 1 2 5 4 3 6
5 1 4 0 0 3 2
11 3 1 0 0 2 0
8 1 2 0 3 0 0
24 1 0 0 3 0 2
3 6 1 3 5 2 4
2 1 0 2 0 0 0
1 0 1 4 5 2 3
16 1 3 6 4 2 5
1 2 3 0 4 1 5
4 0 2 3 4 0 1
1 0 1 2 3 4 0
1 0 3 2 4 5 1
1 0 1 3 4 5 2
2 3 0 0 2 4 1
1 6 4 3 5 1 2
3 6 1 4 5 2 3
2 4 0 1 3 0 2
3 0 4 0 1 2 3
11 0 1 0 0 3 2
5 1 3 0 5 2 4
1 0 3 0 4 1 2
5 3 0 0 2 0 1
6 0 4 1 0 3 2
3 2 3 5 6 1 4
2 0 1 2 3 0 4
1 3 4 1 5 2 6
1 1 2 0 3 0 4
7 2 0 0 0 1 3
3 6 1 2 3 4 5
1 2 3 6 1 5 4
