5 Haddington and Lammermuir
4 9 1925 7830
Shamin AKHTAR, Lab
David BARRETT, Ind
Stuart CRAWFORD, SLD
Morgwn DAVIES, Alba
Graeme MACGREGOR, SNP
George MCGUIRE, Con
John MCMILLAN, Lab
Jackie SWAILES, Grn
Tom TROTTER, SNP
3 0 0 2 0 0 1 3 4 0
1 4 7 6 3 1 8 2 5 9
1 2 0 0 1 0 0 3 0 4
1 3 1 0 0 0 0 2 0 0
1 1 0 0 0 2 0 0 3 4
1 2 0 0 0 4 0 0 3 1
1 4 6 3 0 0 1 2 5 0
2 4 0 1 0 0 0 2 3 0
2 1 2 4 0 0 0 3 0 0
3 0 0 0 1 3 0 0 4 2
1 5 2 1 7 8 4 6 3 9
1 0 2 3 0 0 4 0 0 1
1 4 0 6 5 2 0 3 0 1
1 1 2 5 8 7 6 3 4 9
4 2 0 3 0 0 0 4 1 0
2 3 8 6 7 2 9 4 5 1
2 0 3 1 0 0 0 2 0 4
1 0 1 0 2 0 0 3 0 0
25 0 2 3 0 0 1 0 0 0
2 0 2 3 1 0 0 0 0 0
16 3 0 0 0 1 0 4 0 2
1 9 8 5 6 1 7 4 3 2
1 0 0 5 0 2 0 4 3 1
1 1 0 0 0 2 3 4 0 5
1 2 7 6 9 4 8 1 5 3
1 1 4 3 9 7 5 2 6 8
1 1 2 3 5 4 0 0 0 0
1 1 0 0 0 4 0 5 3 2
1 3 8 5 7 4 9 2 6 1
4 4 3 2 0 0 1 5 0 0
2 0 0 0 0 2 0 1 3 0
1 3 2 4 0 0 0 1 0 0
1 0 0 2 0 3 0 4 0 1
1 0 0 0 0 1 4 5 3 2
2 0 0 3 0 2 1 0 0 0
1 2 5 6 0 4 0 1 0 3
1 0 0 0 0 0 2 0 1 3
1 0 1 2 0 0 3 0 4 0
1 4 3 0 0 0 0 0 1 2
2 7 8 5 3 2 9 6 4 1
1 1 0 3 0 0 4 0 2 0
1 4 5 0 0 3 2 0 0 1
6 1 0 0 0 5 0 2 3 4
7 0 0 0 0 0 1 0 0 2
3 6 5 8 4 2 9 7 3 1
1 6 7 5 0 2 8 4 1 3
1 6 5 0 3 2 0 7 4 1
1 2 7 1 0 6 0 4 3 5
13 3 5 4 0 0 1 2 0 0
2 4 9 6 7 2 8 5 3 1
1 0 1 0 0 0 3 0 2 0
2 1 3 5 4 2 6 7 8 9
1 0 3 2 5 0 6 0 4 1
1 1 6 5 0 7 0 3 2 4
7 4 2 0 0 0 1 3 0 0
1 7 5 6 9 4 8 2 1 3
1 2 0 5 0 3 0 0 4 1
1 4 6 2 9 7 1 5 3 8
1 8 5 7 3 2 9 6 4 1
1 1 0 0 0 4 0 3 2 5
1 8 9 4 6 1 3 7 5 2
47 1 0 0 0 0 3 2 0 0
4 4 5 2 0 0 1 3 0 0
1 1 0 4 0 0 0 2 3 5
1 0 0 3 0 0 1 0 2 4
2 2 4 3 0 0 1 0 0 0
1 5 9 6 8 1 7 4 3 2
2 1 3 0 0 2 0 0 0 0
1 2 4 1 8 7 5 3 9 6
2 5 4 2 0 0 1 3 0 0
1 6 7 5 9 2 8 4 3 1
1 1 7 6 0 0 3 2 5 4
1 6 8 5 4 3 9 7 1 2
1 6 5 8 9 1 4 2 3 7
1 1 5 4 6 8 7 2 3 9
1 4 6 8 7 1 9 3 5 2
1 2 5 4 0 0 0 3 1 0
26 4 0 3 0 0 1 2 0 0
2 1 2 0 0 0 4 3 0 0
1 5 4 3 2 1 6 7 8 9
1 5 6 7 9 1 8 4 3 2
1 1 0 5 0 6 2 4 3 7
1 2 1 3 0 0 0 0 4 0
5 3 5 2 0 0 1 4 0 0
1 4 1 3 0 0 2 0 0 0
1 0 1 0 3 0 2 0 0 0
3 1 5 3 6 9 4 2 7 8
1 0 0 4 0 0 0 1 3 2
1 0 0 4 3 1 0 0 0 2
1 5 0 0 0 1 0 3 4 2
2 1 0 0 0 4 0 3 0 2
2 2 5 4 0 0 0 1 3 0
3 3 0 4 0 0 0 1 0 2
1 1 6 3 0 8 7 2 4 5
1 0 0 0 1 0 2 0 0 0
20 0 0 0 4 2 0 0 3 1
46 0 0 0 0 0 0 0 1 0
1 3 4 0 0 2 0 5 6 1
1 0 0 0 0 1 3 4 2 0
1 5 3 7 8 4 9 6 2 1
1 7 6 5 4 2 9 8 3 1
1 0 2 0 3 0 0 1 0 0
1 4 0 3 0 5 0 1 6 2
1 3 0 5 0 2 0 0 1 4
1 1 3 5 6 0 0 2 4 0
3 0 3 0 0 0 2 1 0 0
1 0 0 4 0 2 0 3 1 0
6 0 0 3 0 1 0 0 0 2
1 2 0 0 0 3 0 5 4 1
1 5 7 6 9 2 8 1 4 3
1 3 7 6 0 1 0 4 5 2
8 3 0 1 0 0 0 0 2 0
1 3 0 0 0 1 2 0 0 0
1 0 3 5 4 0 1 2 0 0
1 3 0 0 0 4 0 2 1 0
1 3 6 4 9 8 1 2 5 7
1 4 0 0 0 5 0 3 2 1
1 5 0 1 0 3 0 0 2 4
1 2 0 4 0 0 0 3 1 5
1 4 8 7 6 1 9 5 3 2
1 2 5 4 8 7 9 1 3 6
1 1 9 6 8 4 7 2 5 3
1 0 2 0 1 3 0 0 5 4
1 0 0 5 4 1 0 0 3 2
2 2 4 0 0 0 0 1 3 0
15 2 3 0 0 0 0 1 0 0
1 1 4 5 2 7 0 0 3 6
1 2 0 3 0 5 0 0 1 4
1 0 2 1 3 0 0 0 0 0
1 4 0 3 0 2 0 5 1 0
1 4 0 3 0 0 0 1 2 0
1 3 7 8 4 5 1 6 2 9
2 2 0 0 0 0 1 0 3 0
5 0 0 3 0 1 0 0 4 2
3 3 0 0 0 4 0 2 0 1
1 1 7 6 0 4 0 2 5 3
1 4 5 3 6 0 1 2 0 0
42 0 0 0 0 1 0 0 2 3
13 1 0 4 0 0 2 3 0 0
1 6 7 4 3 2 8 5 9 1
2 0 0 3 0 2 0 0 1 4
3 0 1 2 0 0 0 0 3 0
1 4 0 5 0 2 0 0 1 3
1 3 2 0 0 0 0 1 0 0
1 2 8 7 6 4 9 1 5 3
1 4 0 5 0 0 0 3 1 2
1 0 4 1 7 3 5 8 6 2
4 8 5 6 4 2 9 7 3 1
1 1 8 3 9 6 7 2 4 5
3 3 0 6 0 4 0 5 1 2
1 2 9 3 8 6 7 1 4 5
2 0 4 3 0 2 0 0 0 1
2 4 9 7 6 1 8 5 3 2
1 1 6 7 9 2 8 5 3 4
1 9 8 4 5 2 7 3 6 1
1 2 1 4 0 0 0 3 0 0
1 4 2 3 9 8 1 5 6 7
4 1 0 0 0 0 0 2 4 3
6 4 0 3 0 0 2 1 0 0
1 0 4 0 3 1 0 2 0 0
1 1 8 7 6 3 9 2 4 5
1 0 6 5 0 3 1 2 0 4
2 3 0 2 0 0 4 1 0 0
1 6 5 3 0 2 8 7 4 1
1 2 0 0 3 0 1 0 0 0
3 3 0 0 0 0 0 1 2 0
1 4 3 1 2 7 8 9 5 6
1 2 9 3 8 5 7 1 6 4
1 6 0 4 5 1 0 0 3 2
5 0 0 0 0 1 0 3 2 0
1 1 0 6 0 4 0 2 3 5
1 2 9 7 8 4 1 3 6 5
25 0 0 0 3 2 0 0 0 1
5 2 0 0 0 0 0 0 1 3
2 0 0 2 3 0 1 0 0 0
13 1 4 3 0 0 0 2 0 0
2 3 4 1 0 0 0 2 0 0
1 0 0 1 2 0 0 0 0 3
2 4 3 5 0 0 1 2 0 0
1 1 0 0 6 4 0 3 2 5
1 2 0 4 0 0 3 1 5 0
1 2 0 5 0 6 0 1 3 4
11 0 0 0 3 2 0 0 4 1
3 4 0 2 0 0 0 1 0 3
2 1 0 3 0 0 4 2 5 0
1 3 0 0 0 4 2 1 0 0
1 2 0 4 0 0 0 1 5 3
3 0 0 0 0 2 0 1 0 3
1 1 9 3 6 7 5 2 4 8
1 4 1 3 0 0 0 5 2 0
1 2 0 3 0 6 0 1 4 5
1 4 0 3 0 2 0 6 1 5
1 0 0 0 0 1 0 2 3 4
3 1 0 0 0 2 0 3 5 4
1 6 5 4 3 7 2 1 8 9
1 4 0 0 0 1 0 0 2 3
2 4 2 5 0 0 1 3 0 0
2 2 0 0 0 0 0 4 1 3
1 4 3 2 0 0 0 5 1 0
1 2 3 0 0 4 0 0 1 0
32 3 0 0 0 2 0 0 0 1
1 3 0 4 0 0 0 0 1 2
1 0 0 0 0 1 2 0 0 3
1 0 5 1 0 0 3 2 4 0
1 0 4 5 0 2 0 0 3 1
1 2 3 4 9 7 6 1 5 8
3 5 3 2 0 0 1 4 0 0
1 0 0 0 4 3 0 1 0 2
1 2 0 4 0 3 5 1 6 0
6 0 0 0 0 1 0 2 3 0
1 1 2 0 4 0 0 0 3 0
1 2 0 0 0 3 0 0 4 1
1 5 4 2 0 0 3 6 1 0
1 4 2 3 7 8 1 5 6 9
3 1 0 2 0 0 4 3 0 0
1 2 6 7 8 3 9 4 1 5
1 1 0 0 0 0 4 2 0 3
1 0 0 1 0 0 0 0 0 2
1 1 7 6 9 3 8 2 5 4
1 0 0 1 0 2 0 0 4 3
3 0 0 4 0 1 0 5 3 2
1 0 2 0 0 1 0 0 4 3
2 1 5 3 0 0 0 2 4 0
1 4 3 0 0 0 0 1 0 2
1 1 6 5 8 4 7 3 9 2
2 0 1 3 0 0 0 0 2 0
1 2 8 5 9 4 7 1 6 3
1 2 9 3 7 8 6 1 4 5
1 5 3 1 6 8 2 4 9 7
8 1 0 2 0 0 0 3 4 0
1 1 0 6 0 4 0 3 2 5
3 5 0 6 0 2 0 4 3 1
4 1 0 3 0 2 0 0 0 0
1 7 4 6 1 2 9 8 5 3
1 3 6 4 8 1 9 2 7 5
1 4 2 1 0 0 5 3 6 0
1 5 6 8 7 1 9 4 3 2
1 4 1 0 0 5 0 3 2 0
1 0 1 0 0 2 0 0 0 3
1 3 0 1 0 0 0 0 0 2
1 0 2 0 1 3 0 0 0 4
1 2 3 0 0 1 0 0 4 0
1 7 5 3 0 6 0 1 4 2
2 6 8 7 4 2 9 5 3 1
1 6 0 5 0 1 0 4 3 2
1 5 0 4 0 2 0 6 3 1
1 0 0 0 4 3 1 0 0 2
1 0 2 0 0 1 0 0 0 0
1 2 4 5 6 9 1 3 8 7
1 1 5 4 6 0 0 2 3 0
1 1 6 5 7 8 2 3 4 9
1 2 7 6 0 3 0 5 1 4
1 6 5 9 4 1 8 7 2 3
1 0 0 0 0 4 2 0 1 3
1 0 1 4 0 3 2 0 0 0
1 2 0 4 0 7 5 1 6 3
1 4 1 2 5 3 0 0 6 0
1 1 0 6 0 2 0 5 4 3
4 2 0 0 0 4 0 1 5 3
2 5 7 6 9 2 8 4 3 1
1 3 4 5 7 8 2 1 6 9
1 5 4 7 9 2 8 6 1 3
1 1 0 3 0 4 5 2 0 0
1 0 4 2 0 0 3 1 0 0
1 1 3 5 6 7 9 2 4 8
1 1 0 4 5 0 3 2 0 0
3 1 0 0 0 4 0 2 5 3
1 1 0 0 0 3 0 4 2 5
2 0 4 1 0 0 2 0 3 0
1 1 2 4 8 9 5 3 6 7
1 0 0 0 0 1 3 0 2 0
1 7 6 5 9 8 4 1 3 2
1 1 3 6 4 8 7 2 5 9
2 0 0 0 3 0 0 0 2 1
1 0 0 0 3 0 1 4 0 2
1 1 0 6 0 5 0 2 3 4
1 3 2 5 4 6 9 8 7 1
1 2 6 1 5 9 4 3 7 8
1 2 0 4 0 5 0 1 3 6
1 2 8 5 6 1 9 4 3 7
2 1 0 0 0 3 0 2 4 0
2 2 3 5 0 0 1 4 0 0
1 3 6 2 9 7 1 4 5 8
1 6 2 3 4 7 1 0 5 8
2 0 0 0 1 3 0 4 0 2
1 1 7 4 0 5 0 2 3 6
1 6 7 4 1 2 9 5 8 3
1 0 1 2 4 0 0 0 3 0
1 2 0 0 5 6 7 4 1 3
2 5 6 7 8 3 9 4 1 2
1 1 0 0 0 0 0 2 3 4
1 2 0 5 4 0 0 3 0 1
1 3 8 7 5 4 9 6 2 1
1 0 2 0 0 3 0 0 1 0
2 3 4 1 0 0 5 2 0 0
1 3 8 6 7 4 9 2 1 5
6 1 0 0 0 0 0 3 0 2
1 0 4 2 0 0 3 0 1 0
1 0 1 0 2 0 3 0 0 4
1 0 0 1 0 0 3 0 0 2
1 2 7 6 8 3 9 5 1 4
1 1 4 3 9 5 8 2 7 6
2 1 0 0 0 0 4 3 2 0
1 6 8 5 4 1 9 7 3 2
3 1 0 3 0 0 2 4 0 0
1 5 8 7 6 1 9 4 3 2
1 1 7 5 8 4 9 2 6 3
1 2 3 1 5 4 0 0 0 0
2 3 2 0 0 0 0 0 0 1
1 0 0 1 0 2 0 3 4 0
1 6 5 4 8 2 9 7 3 1
14 2 0 3 0 0 1 4 0 0
7 2 4 0 0 0 1 3 0 0
1 4 0 3 0 2 0 5 6 1
1 3 0 2 0 0 0 0 1 4
1 0 0 0 5 1 0 4 3 2
1 1 5 3 7 9 4 2 6 8
1 1 0 0 0 3 2 0 0 0
2 6 7 4 8 3 9 5 1 2
1 4 0 5 0 1 0 0 2 3
1 7 8 6 4 2 9 5 3 1
1 0 0 1 0 3 2 0 0 0
1 2 6 3 8 7 5 1 4 9
1 4 0 5 0 6 0 2 1 3
3 0 1 0 0 0 0 2 0 0
3 4 0 1 0 0 2 3 0 0
5 0 3 2 0 0 0 0 1 0
1 0 1 0 0 2 0 0 3 0
1 1 4 0 0 0 0 0 2 3
1 4 7 6 8 3 5 1 9 2
11 0 2 1 0 0 0 0 0 0
84 1 0 0 0 0 0 0 0 0
1 1 4 2 0 0 3 0 0 0
4 3 0 0 0 1 0 2 0 4
9 3 0 0 0 0 0 2 1 0
1 1 5 2 0 0 0 4 3 0
2 4 0 6 0 3 0 5 1 2
1 5 8 7 3 1 9 6 4 2
1 0 5 6 3 2 0 0 4 1
1 0 0 0 0 1 0 3 2 4
3 4 0 6 0 2 0 3 5 1
1 0 0 4 0 2 1 0 0 3
1 0 4 0 1 0 2 0 0 3
1 0 2 0 1 0 3 0 0 0
1 1 9 4 8 6 5 2 3 7
1 0 3 0 0 1 4 0 2 0
1 2 4 3 0 0 5 1 6 0
1 4 0 0 0 0 1 2 0 3
1 5 3 2 4 8 6 7 1 9
4 2 5 3 0 0 4 1 0 0
1 2 0 4 0 0 0 0 1 3
4 1 0 0 0 0 0 0 2 3
1 5 6 7 9 3 8 4 1 2
1 1 8 7 5 4 9 2 6 3
55 0 0 3 0 0 1 2 0 0
1 5 0 4 0 7 1 3 6 2
5 0 0 2 0 0 1 0 0 3
1 5 4 3 2 1 6 7 8 0
1 7 6 5 8 2 9 4 3 1
2 2 0 0 0 0 3 1 4 0
1 2 6 7 8 1 9 5 3 4
1 4 2 5 0 0 3 0 1 0
2 1 4 3 9 7 8 2 5 6
1 6 0 4 1 2 0 5 0 3
1 0 2 3 0 0 0 4 1 0
1 1 4 2 9 3 8 5 7 6
39 2 0 4 0 0 3 1 0 0
8 3 0 0 0 1 0 0 4 2
1 5 6 7 8 2 9 4 3 1
2 1 0 0 0 0 0 0 3 2
3 0 3 1 0 0 0 0 2 0
1 2 3 4 5 1 0 0 0 0
1 1 7 4 5 6 8 2 3 9
2 2 1 4 0 0 5 3 0 0
1 5 4 8 1 3 9 6 7 2
1 2 3 1 0 0 0 0 4 0
1 4 5 0 0 3 0 0 2 1
2 3 0 0 4 1 0 0 0 2
1 2 3 1 7 9 5 4 6 8
1 8 1 6 9 4 3 5 7 2
1 5 0 0 3 1 0 4 0 2
1 0 5 4 0 2 0 0 1 3
1 3 0 4 0 5 0 0 2 1
2 5 6 8 7 2 9 4 3 1
3 4 0 0 0 3 0 0 2 1
1 1 4 0 0 2 0 0 3 0
1 5 2 4 1 8 6 3 7 9
1 1 0 2 0 5 0 3 4 6
1 2 0 1 0 0 5 3 4 0
2 0 4 1 0 0 0 0 3 2
1 1 9 6 7 4 8 3 5 2
5 5 0 0 0 2 0 4 1 3
5 0 0 3 0 0 0 0 1 2
1 1 9 5 8 3 4 2 7 6
2 0 4 2 3 0 1 0 0 0
2 0 0 4 0 2 3 0 0 1
1 4 7 6 8 2 9 5 3 1
1 4 6 0 0 2 0 3 5 1
1 3 1 0 0 0 0 2 4 0
1 5 7 8 1 2 6 4 0 3
1 0 0 3 0 1 0 4 2 0
1 4 7 3 0 6 0 1 5 2
1 3 7 4 9 5 1 2 8 6
1 1 5 3 9 7 8 2 4 6
1 8 3 1 2 5 9 7 6 4
1 0 3 2 0 0 0 1 4 0
3 2 0 0 0 4 0 3 0 1
1 4 8 7 5 2 0 3 6 1
1 7 8 2 6 9 1 4 5 3
1 5 0 0 0 1 0 3 2 4
2 2 0 3 0 5 0 1 4 6
7 1 5 4 0 0 3 2 0 0
1 0 0 1 0 0 0 4 2 3
2 0 3 2 1 0 0 0 0 0
1 3 0 5 0 0 0 1 4 2
1 1 5 4 9 8 3 2 6 7
1 0 0 0 0 3 1 2 0 0
1 5 7 6 9 1 8 4 3 2
1 3 4 2 9 7 6 1 5 8
1 4 0 2 0 0 3 0 1 0
2 0 0 0 4 3 0 0 2 1
1 4 5 6 3 1 9 8 7 2
1 4 0 2 0 0 0 1 3 0
1 3 1 5 6 0 4 2 0 0
1 0 0 3 0 0 0 2 1 4
1 4 1 0 0 2 0 0 3 5
2 3 0 1 0 0 2 4 0 0
3 0 0 0 0 0 3 1 0 2
1 0 0 2 0 1 0 5 3 4
1 7 8 4 9 5 2 3 1 6
1 3 0 0 5 2 0 4 6 1
4 1 5 4 0 0 2 3 0 0
1 0 2 5 8 4 1 7 3 6
1 2 3 0 0 0 0 4 0 1
1 5 0 0 1 3 0 6 4 2
1 6 4 3 0 1 5 7 0 2
1 5 0 3 0 4 0 1 0 2
18 4 0 0 0 2 0 3 0 1
4 2 0 1 0 0 0 0 3 0
1 2 7 5 8 1 9 4 3 6
1 1 7 8 9 4 5 3 6 2
1 3 5 6 9 2 8 4 7 1
2 1 0 0 0 0 2 0 3 0
1 7 5 4 8 2 9 6 3 1
11 0 0 0 0 2 0 4 3 1
3 5 0 4 0 1 0 6 3 2
1 0 0 0 2 0 0 1 0 3
1 2 4 3 0 0 0 1 5 0
1 0 5 4 0 3 0 0 1 2
1 1 0 0 0 3 0 0 4 2
2 0 0 2 0 1 0 0 0 3
1 2 0 4 0 6 0 3 1 5
1 4 3 0 0 0 2 0 1 0
1 7 6 8 3 1 9 5 4 2
1 4 0 2 0 1 0 0 3 0
1 0 0 2 3 4 0 0 0 1
1 0 2 5 0 0 0 4 1 3
1 4 0 6 8 2 7 5 3 1
1 2 0 5 0 4 0 1 0 3
1 1 0 7 2 0 3 4 5 6
5 2 0 0 0 3 0 1 0 4
1 3 0 6 7 1 0 5 4 2
3 0 0 0 2 1 0 0 0 0
1 1 2 5 0 0 0 3 0 4
3 1 0 0 0 4 0 3 5 2
1 1 0 6 0 5 0 4 2 3
1 2 0 3 0 0 1 5 4 0
1 1 3 5 0 0 2 4 0 0
1 0 0 3 0 2 0 1 0 0
1 6 3 2 4 8 1 7 5 9
7 5 0 0 0 2 0 4 3 1
2 2 0 0 0 1 0 0 4 3
1 1 4 7 6 8 5 2 3 9
1 3 4 0 0 1 2 0 0 0
1 6 9 1 8 3 5 7 2 4
14 2 0 4 0 0 0 1 3 0
2 2 7 4 8 5 9 1 3 6
1 7 4 6 0 5 0 2 3 1
7 1 0 0 0 2 0 0 3 0
4 0 1 0 0 0 2 0 0 0
1 1 0 0 3 4 0 2 0 0
1 1 0 3 0 0 0 2 4 5
1 4 0 5 0 0 1 2 0 3
2 4 0 3 0 0 0 0 1 2
3 1 0 3 0 0 0 0 0 2
1 1 3 0 0 4 0 0 5 2
24 1 0 3 0 0 4 2 0 0
6 0 3 1 0 0 2 0 0 0
1 0 0 1 0 2 3 0 0 0
2 3 0 6 0 1 0 4 5 2
1 2 5 8 9 4 7 1 6 3
4 2 0 0 0 3 0 0 1 4
1 0 0 4 0 1 0 3 0 2
1 3 0 0 0 4 1 2 0 0
1 7 3 5 2 4 8 9 6 1
1 3 0 6 0 5 0 4 1 2
4 2 0 3 0 0 0 1 0 4
1 0 1 0 0 0 0 2 3 0
1 0 0 0 4 3 0 0 1 2
1 1 3 5 4 6 7 2 8 9
1 2 0 0 3 0 0 1 4 0
9 2 0 0 0 0 0 0 0 1
1 4 0 2 5 0 6 1 0 3
2 5 7 4 8 1 9 6 3 2
1 4 0 0 3 5 0 2 6 1
2 5 0 0 0 4 0 3 2 1
11 3 0 2 0 0 0 1 0 0
1 5 0 6 0 3 0 4 1 2
12 3 4 0 0 0 1 2 0 0
2 0 3 0 2 0 1 0 0 0
1 4 5 6 8 1 9 7 2 3
1 3 0 5 0 2 0 0 4 1
1 6 8 3 0 7 4 1 5 2
4 0 2 1 0 0 0 0 3 0
1 6 7 2 0 3 8 4 5 1
1 5 8 7 9 4 6 3 1 2
1 4 5 6 7 1 9 3 8 2
1 0 2 4 1 0 0 0 3 0
5 0 0 0 0 1 3 0 0 2
1 0 0 0 2 3 0 0 0 1
1 2 0 0 0 5 0 1 3 4
1 2 0 5 0 3 0 1 0 4
1 1 2 5 0 0 3 4 0 0
1 0 0 2 0 5 1 3 0 4
18 0 0 0 0 3 0 0 2 1
1 2 0 0 0 1 0 3 5 4
12 0 0 1 0 0 2 3 0 0
1 0 0 5 0 1 0 2 3 4
4 0 0 0 0 3 0 2 0 1
1 0 2 3 0 0 4 1 0 0
1 8 7 6 3 1 9 5 4 2
3 4 0 6 0 2 0 5 1 3
1 2 7 6 8 5 9 1 3 4
1 5 9 7 6 1 8 4 3 2
1 3 8 5 6 4 7 1 9 2
1 4 5 2 0 0 0 3 1 0
3 2 3 1 0 0 4 0 0 0
1 0 1 0 0 2 0 0 4 3
2 5 2 3 0 0 1 4 0 0
1 1 3 2 0 0 4 5 0 0
1 1 8 5 7 6 9 2 3 4
3 0 0 0 1 2 0 0 0 0
1 1 4 0 0 3 0 0 0 2
1 4 5 2 0 6 1 3 7 8
2 2 0 4 0 0 5 1 3 0
1 5 0 3 0 0 2 1 4 0
1 5 4 0 0 1 0 2 0 3
2 2 4 1 0 0 0 3 0 0
1 1 0 4 0 3 0 5 0 2
8 1 0 0 0 2 0 0 0 0
1 4 6 0 0 3 0 5 2 1
5 4 0 0 0 2 0 0 1 3
8 2 0 0 0 1 0 3 0 0
1 0 0 3 2 0 0 0 1 0
1 6 7 4 0 2 0 5 3 1
1 5 9 6 4 1 3 7 8 2
1 2 9 1 8 6 7 3 5 4
1 0 0 0 0 0 3 2 1 0
1 0 4 5 6 2 0 0 3 1
44 2 0 0 0 0 3 1 0 0
1 0 0 4 0 1 3 0 0 2
1 3 6 4 9 7 1 2 5 8
3 3 0 0 0 5 0 2 1 4
1 4 5 2 0 0 0 1 3 0
1 4 5 7 8 2 9 3 6 1
1 1 6 7 8 4 0 2 3 5
1 0 0 0 1 4 0 0 3 2
1 1 0 2 3 4 0 5 0 0
2 3 0 5 0 4 0 0 1 2
2 0 0 3 0 1 0 4 0 2
2 1 0 0 0 5 0 2 4 3
1 0 6 2 0 1 0 5 3 4
1 0 3 2 0 0 4 1 0 0
1 4 0 1 0 6 0 2 3 5
2 4 0 3 0 0 0 1 0 2
4 0 0 0 0 0 1 2 3 0
1 3 6 5 7 9 2 1 4 8
1 2 1 0 0 0 0 4 3 0
1 0 0 3 0 2 6 5 4 1
1 1 3 0 0 0 2 0 0 0
1 2 3 1 0 0 0 4 5 0
1 4 9 6 8 5 7 3 1 2
1 3 0 0 0 0 0 1 2 4
1 5 1 0 0 0 3 4 2 0
1 4 2 1 0 0 0 3 0 0
1 4 0 0 3 1 0 5 0 2
1 5 0 0 4 2 0 0 3 1
1 1 3 4 6 8 5 2 7 9
1 2 4 5 6 8 1 3 7 9
17 0 0 1 0 0 0 0 2 0
1 2 7 4 9 5 8 1 3 6
1 3 0 6 0 2 0 1 5 4
2 1 0 2 0 3 0 0 0 4
1 3 0 4 0 0 1 0 2 0
1 3 0 1 0 0 0 2 0 4
2 0 3 0 0 0 0 1 0 2
27 1 0 2 0 0 0 3 0 0
3 3 2 1 0 0 0 4 0 0
12 0 1 0 0 0 0 0 0 0
1 0 3 0 0 0 2 0 0 1
1 3 0 1 0 2 0 0 0 0
1 4 2 1 3 0 0 5 0 0
1 0 0 0 0 0 3 1 2 0
1 5 4 3 9 8 2 1 6 7
2 1 3 2 0 0 0 4 0 0
1 2 0 3 0 1 0 4 0 0
1 3 0 0 0 1 0 4 2 0
1 1 4 3 6 7 9 2 5 8
1 7 5 4 8 1 9 6 3 2
1 0 4 0 2 0 1 0 3 0
1 0 2 1 0 4 0 0 0 3
1 6 5 3 8 1 9 7 4 2
32 0 0 0 0 1 0 0 0 0
1 5 3 2 0 0 0 4 1 0
1 0 0 4 5 1 0 0 3 2
1 0 0 1 0 2 0 0 0 3
1 4 0 0 0 3 1 2 0 0
1 2 1 0 0 0 3 0 0 0
1 0 4 0 3 1 0 0 0 2
2 2 8 6 7 3 9 1 5 4
1 0 0 0 0 0 2 3 0 1
2 5 4 2 7 8 1 3 6 9
2 0 2 3 0 0 0 0 1 0
1 4 0 3 8 6 1 2 5 7
2 2 0 1 0 0 0 4 3 0
5 3 0 1 0 0 0 2 4 0
1 4 7 0 5 1 0 6 3 2
1 2 4 5 0 6 0 0 1 3
2 4 0 0 0 1 0 2 5 3
2 1 8 6 7 2 9 3 5 4
1 5 8 7 4 1 9 6 3 2
1 2 7 5 8 4 9 3 1 6
1 1 5 4 0 0 0 2 3 0
1 7 5 9 4 1 8 6 3 2
1 2 5 1 9 8 4 3 6 7
2 8 4 3 2 9 1 7 5 6
1 2 5 9 7 8 4 1 6 3
1 1 7 2 0 6 8 3 4 5
1 2 9 3 8 4 6 7 1 5
1 6 7 4 9 2 8 5 3 1
1 1 0 5 0 4 0 3 2 0
1 2 5 4 6 9 3 1 7 8
73 3 0 0 0 0 1 2 0 0
26 4 0 2 0 0 1 3 0 0
3 1 0 0 0 2 0 4 5 3
10 0 0 4 0 1 0 0 3 2
1 6 0 2 0 3 0 5 1 4
1 0 5 0 2 1 0 0 4 3
6 1 0 0 0 2 0 0 0 3
1 3 5 6 0 2 0 4 0 1
1 3 2 5 6 9 1 4 7 8
1 1 4 2 9 7 6 3 5 8
8 2 0 3 0 0 0 0 1 0
1 6 0 4 0 5 0 1 3 2
5 2 5 4 0 0 1 3 0 0
1 2 0 5 0 4 0 3 1 6
2 4 3 1 0 0 0 2 0 0
1 2 5 6 8 3 1 9 7 4
1 4 8 5 9 6 1 3 2 7
1 0 3 0 0 0 0 2 0 1
1 2 3 0 4 5 0 1 0 6
3 0 0 1 0 0 0 2 3 0
2 2 0 0 0 0 3 1 0 4
1 1 0 6 0 3 5 2 0 4
1 2 0 0 0 3 1 0 0 0
1 2 0 3 0 4 0 0 1 5
1 2 0 3 7 1 8 4 6 5
1 0 1 0 0 0 3 2 0 0
3 2 0 0 0 5 0 4 1 3
2 0 4 2 0 0 1 0 3 0
1 0 3 5 1 0 0 0 2 4
1 1 6 0 0 2 0 3 5 4
1 2 5 1 8 9 4 3 7 6
104 1 0 3 0 0 0 2 0 0
1 5 8 6 9 3 7 4 2 1
2 0 0 0 1 0 0 2 0 0
1 4 0 0 0 1 0 2 0 3
1 4 0 6 7 2 0 3 5 1
2 3 0 1 0 0 2 4 5 0
1 1 8 5 9 3 6 2 7 4
1 0 3 0 0 2 0 1 0 0
1 4 1 2 8 9 3 5 6 7
1 2 6 5 7 8 1 3 4 9
1 0 0 0 0 2 0 4 1 3
4 1 0 0 0 4 0 2 3 0
16 2 0 0 0 0 0 0 1 0
4 1 2 0 0 0 3 0 0 0
1 2 3 0 0 0 0 0 1 0
1 2 0 0 4 0 0 3 1 0
1 4 0 3 0 0 1 0 2 0
1 1 8 7 6 5 0 2 3 4
1 1 0 0 0 3 2 4 0 0
1 1 7 6 8 4 9 3 5 2
1 0 0 0 0 3 0 2 4 1
1 6 5 4 7 8 3 9 2 1
1 6 0 4 0 5 0 2 1 3
1 3 6 1 7 8 4 2 5 9
4 3 0 1 0 0 4 2 0 0
2 3 0 2 0 0 4 0 1 0
1 0 0 2 0 4 0 3 1 0
30 0 0 2 0 0 1 0 3 0
3 7 5 6 4 1 9 8 3 2
7 0 0 1 0 0 0 2 0 3
1 4 0 0 0 0 3 1 0 2
1 3 0 0 0 2 0 0 1 4
1 8 4 6 5 1 9 7 3 2
1 5 0 6 0 3 7 4 1 2
1 0 1 2 0 3 0 0 0 0
1 3 0 5 0 2 0 4 0 1
2 2 0 0 0 3 0 1 4 0
1 3 9 6 8 2 1 5 7 4
1 6 0 5 0 2 0 4 3 1
1 2 0 3 0 0 0 1 5 4
1 0 0 2 0 3 4 0 1 0
2 0 0 0 0 0 0 1 3 2
8 2 4 3 0 0 0 1 0 0
3 1 0 3 0 0 5 2 4 0
1 0 4 0 0 2 1 0 0 3
1 1 3 5 4 8 7 2 6 9
1 4 8 5 6 2 9 3 7 1
1 2 0 0 1 0 0 3 0 0
4 2 3 0 0 0 1 0 0 0
1 4 5 2 9 8 1 3 6 7
1 5 8 7 4 1 9 3 6 2
1 3 2 8 4 5 6 7 9 1
10 4 0 0 0 3 0 5 1 2
1 3 0 6 7 1 8 4 5 2
14 4 0 0 0 1 0 3 0 2
5 2 0 0 0 3 0 0 0 1
2 2 0 1 0 0 3 0 0 0
5 1 2 0 0 0 0 3 0 0
1 0 0 0 3 4 0 0 2 1
1 1 0 3 0 4 0 2 0 0
1 1 3 0 4 0 0 2 0 0
1 0 0 0 2 1 0 4 3 0
1 3 4 5 0 0 0 1 2 0
2 0 0 4 0 2 0 0 1 3
14 0 3 0 0 2 0 0 0 1
24 3 0 2 0 0 1 4 0 0
4 0 0 0 0 1 0 3 4 2
2 0 0 0 1 0 0 0 0 2
1 0 0 1 0 3 0 0 0 2
1 8 2 1 3 5 9 7 4 6
3 0 2 1 0 0 3 0 0 0
1 2 0 0 0 4 0 1 3 0
1 2 0 0 5 3 0 4 0 1
1 7 6 8 5 3 0 4 2 1
1 0 0 0 2 0 0 0 1 0
1 2 0 0 0 3 0 1 5 4
1 2 6 5 8 4 9 7 1 3
1 1 0 0 0 2 0 3 4 0
1 8 7 5 6 2 9 3 4 1
1 0 0 0 3 0 0 0 1 2
2 1 0 3 0 0 0 4 2 0
1 0 0 0 4 2 3 0 0 1
2 1 0 0 0 2 0 4 3 0
1 6 0 2 0 5 0 4 1 3
1 5 9 7 3 2 8 4 6 1
1 1 0 2 0 0 0 3 0 4
1 5 2 3 6 0 1 4 0 0
1 6 0 5 0 1 0 2 3 4
1 2 4 5 6 8 3 1 9 7
1 3 0 2 0 5 0 6 1 4
1 3 8 6 5 2 9 4 7 1
3 1 2 0 0 0 0 0 0 0
1 1 4 3 0 0 2 5 0 0
1 2 0 0 0 4 3 1 0 0
1 1 3 2 8 6 9 5 4 7
1 1 4 5 7 8 3 2 6 9
2 1 0 0 0 5 0 3 2 4
1 0 0 2 1 0 3 0 0 0
1 0 0 3 1 2 0 4 0 0
2 0 0 3 4 0 1 0 2 0
1 1 0 2 6 0 4 5 3 0
1 0 5 4 0 2 0 0 3 1
1 3 0 1 0 0 0 5 2 4
2 0 2 0 1 0 0 0 0 0
1 4 8 5 9 6 7 1 3 2
2 0 0 2 0 0 0 0 1 3
1 0 3 0 0 1 0 0 4 2
1 3 5 4 9 2 8 6 7 1
1 1 5 3 6 7 4 2 9 8
53 0 0 0 0 0 0 1 0 0
1 0 3 0 1 2 0 0 0 0
1 3 7 6 5 2 9 4 8 1
3 1 0 0 0 0 0 4 3 2
1 1 2 0 0 0 0 0 0 3
1 4 0 0 0 1 0 3 5 2
2 3 7 6 0 2 0 5 1 4
5 2 0 0 0 1 0 0 3 0
3 5 9 6 7 1 8 4 3 2
2 4 5 2 6 8 1 3 7 9
1 0 3 0 2 1 0 0 0 0
2 3 2 4 0 0 1 0 0 0
1 2 4 0 0 6 0 3 1 5
1 0 0 2 0 0 0 0 3 1
1 8 7 3 6 2 9 5 4 1
1 6 8 7 2 1 9 5 4 3
1 1 8 5 6 3 9 2 7 4
1 4 5 6 7 8 2 3 9 1
3 0 0 1 0 4 0 0 2 3
25 0 0 0 0 0 2 1 0 0
1 0 2 0 0 1 0 0 0 3
5 0 0 0 0 0 1 3 0 2
1 5 3 9 7 2 8 6 1 4
1 2 6 5 7 1 8 3 9 4
1 1 0 5 0 3 0 4 2 6
1 6 9 4 8 2 5 7 3 1
1 0 3 1 0 0 0 4 2 0
5 0 4 3 0 0 1 2 0 0
1 2 3 0 1 0 0 0 0 0
1 3 6 7 0 4 0 5 2 1
1 1 2 4 5 0 0 3 0 0
1 4 3 2 9 8 1 5 6 7
26 2 0 3 0 0 0 1 4 0
5 2 0 0 0 1 0 4 0 3
2 2 0 0 0 3 0 4 5 1
1 6 8 2 9 5 1 7 4 3
1 0 0 3 2 0 1 0 0 0
1 6 7 1 9 5 8 3 4 2
1 0 3 2 0 5 0 0 4 1
1 3 1 2 9 8 6 4 5 7
2 0 3 4 0 0 2 1 0 0
1 6 0 7 5 1 8 4 3 2
1 2 8 1 7 5 9 3 4 6
1 4 0 0 0 2 0 1 0 3
1 3 7 5 0 6 0 1 2 4
1 0 4 3 0 0 1 0 2 0
16 1 3 0 0 0 0 2 0 0
1 1 2 0 0 0 3 4 0 0
1 4 0 0 0 3 1 0 0 2
2 0 0 4 0 2 0 3 5 1
2 2 0 0 0 3 0 5 1 4
13 1 0 0 0 2 0 3 0 0
1 4 0 0 0 3 0 2 1 5
2 0 0 0 0 0 1 2 0 3
1 4 7 6 9 5 8 3 1 2
2 2 0 0 4 0 3 1 0 0
3 0 0 0 1 2 0 0 4 3
1 1 2 6 4 7 9 3 5 8
2 2 4 5 0 0 0 1 3 0
1 2 0 1 0 4 0 0 3 0
1 0 4 2 0 0 0 1 3 0
2 0 0 2 0 0 0 1 0 3
1 1 7 8 6 2 0 5 4 3
1 3 0 1 0 4 0 0 2 5
2 3 9 7 6 2 8 4 5 1
1 2 1 3 0 0 4 5 0 0
1 1 5 4 8 9 2 3 6 7
1 2 1 4 6 0 0 3 5 0
1 0 5 3 0 0 2 1 4 0
1 1 0 0 0 5 0 3 4 2
2 0 0 3 0 2 4 0 0 1
1 2 3 0 0 4 0 0 0 1
2 0 0 2 0 0 3 0 1 0
1 1 5 2 4 3 0 0 0 0
1 2 0 3 0 0 6 1 4 5
1 0 0 2 0 5 0 1 3 4
1 3 0 4 0 0 0 0 2 1
2 2 0 0 0 0 0 0 3 1
2 1 0 3 0 5 0 2 4 6
1 5 1 4 0 0 3 2 0 0
1 2 4 7 0 6 5 1 0 3
35 0 0 0 0 2 0 3 0 1
4 1 5 3 0 0 4 2 0 0
1 0 0 0 1 3 0 0 0 2
2 0 5 0 4 1 0 0 3 2
1 2 4 0 0 0 0 1 0 3
2 0 0 0 3 2 0 4 0 1
1 0 0 0 0 2 1 0 3 0
1 1 3 0 4 0 2 0 0 0
1 4 0 5 0 0 0 2 1 3
1 2 7 5 8 3 9 6 1 4
1 0 0 0 5 2 1 4 0 3
1 4 5 0 0 2 0 3 6 1
1 4 0 0 5 1 0 0 2 3
2 4 7 6 9 3 8 5 1 2
3 3 2 5 0 0 1 4 0 0
1 2 3 0 0 0 0 0 0 1
8 0 0 1 0 0 3 0 2 0
1 4 6 2 7 8 3 1 5 9
1 4 7 6 0 1 0 5 3 2
1 2 1 5 7 8 4 3 6 9
4 4 0 6 0 1 0 5 3 2
4 3 0 4 0 2 0 0 1 0
3 0 0 0 1 2 0 0 0 3
1 0 0 1 0 3 0 0 4 2
1 5 6 8 4 1 9 7 3 2
1 1 0 0 2 0 0 0 0 0
1 1 3 4 0 0 5 2 0 0
1 3 5 1 0 0 0 2 4 0
1 0 4 0 0 3 0 1 0 2
141 0 0 0 0 1 0 0 0 2
50 3 0 4 0 0 1 2 0 0
1 1 7 5 8 6 9 2 3 4
1 2 6 4 9 8 1 3 5 7
8 0 0 3 0 0 1 0 2 0
1 2 0 5 0 1 0 0 3 4
1 0 0 1 0 0 0 3 0 2
4 0 0 2 0 1 0 0 3 0
1 4 1 2 9 8 3 5 6 7
1 1 9 2 8 6 5 3 4 7
7 1 0 3 0 0 0 0 2 0
11 1 0 0 0 4 0 2 0 3
3 2 5 3 0 0 0 1 4 0
1 2 1 4 0 0 0 3 5 0
1 5 4 3 0 7 2 1 6 0
1 1 3 5 9 7 8 2 4 6
1 0 3 2 0 0 1 4 5 0
2 0 4 0 0 2 0 3 0 1
1 5 0 3 0 2 0 4 6 1
1 5 3 0 0 4 0 0 1 2
8 0 2 0 0 0 1 3 0 0
2 0 3 0 0 0 0 2 1 0
3 2 0 0 0 0 0 3 1 4
1 2 3 5 7 8 1 4 6 9
2 5 8 7 4 2 9 6 3 1
2 1 0 5 0 3 0 2 0 4
1 1 0 5 0 3 0 0 2 4
1 1 2 3 0 0 0 4 0 0
2 5 2 6 3 9 1 4 7 8
1 2 3 5 0 0 4 1 0 0
1 5 7 4 3 8 6 1 2 9
1 3 8 2 9 7 1 5 6 4
1 3 5 4 9 7 2 1 6 8
1 0 0 4 0 1 3 0 2 5
4 0 0 0 0 0 0 1 2 3
1 2 0 1 0 0 4 3 5 0
1 5 0 0 4 1 0 6 3 2
1 4 7 6 0 3 0 5 1 2
1 3 0 6 0 5 0 1 2 4
7 0 4 0 0 1 0 0 3 2
9 2 0 0 0 3 0 1 0 0
1 4 7 6 8 1 9 5 3 2
2 4 6 7 0 1 0 3 5 2
1 6 5 0 4 1 0 0 3 2
1 5 7 6 9 2 8 3 1 4
1 5 8 6 7 1 9 4 3 2
7 0 0 2 0 0 3 1 0 0
1 5 1 2 0 0 3 4 0 0
2 0 0 1 0 2 0 3 0 4
1 2 7 5 9 3 6 1 8 4
1 0 0 0 2 3 0 5 4 1
14 0 0 0 1 0 0 0 0 0
7 0 0 0 0 0 0 1 2 0
2 0 1 0 0 0 0 0 0 2
1 1 4 0 0 0 0 2 0 3
1 2 9 8 7 3 6 5 1 4
1 3 4 1 5 2 6 7 8 9
77 0 0 0 0 0 1 2 0 0
1 1 4 7 9 8 5 2 6 3
1 0 0 0 3 0 2 0 0 1
1 3 0 0 0 4 0 5 2 1
1 0 2 0 0 0 1 0 0 3
5 0 0 0 0 0 2 0 0 1
3 3 0 0 0 4 0 2 1 5
13 0 0 0 0 0 0 1 0 2
1 5 7 6 8 1 9 4 3 2
1 0 1 0 0 3 0 0 0 2
1 2 1 0 0 3 0 6 5 4
1 2 3 0 0 0 1 4 0 0
1 5 6 7 9 2 8 4 3 1
1 2 0 0 0 0 0 4 3 1
39 0 0 0 0 3 0 0 1 2
1 1 0 2 0 0 0 0 0 3
1 0 0 2 0 4 0 0 1 3
1 1 7 2 9 3 4 8 5 6
1 0 0 0 2 0 0 0 3 1
10 0 1 2 0 0 0 0 0 0
1 6 1 7 0 4 0 5 2 3
2 3 0 6 0 2 0 4 5 1
1 5 9 4 7 2 8 6 3 1
15 3 0 4 0 0 2 1 0 0
3 3 2 0 0 0 1 4 0 0
1 6 0 5 4 1 0 7 3 2
1 4 0 0 1 3 0 0 0 2
7 0 0 0 0 0 2 1 0 3
3 0 4 1 0 0 3 2 0 0
1 0 4 6 5 1 0 0 3 2
4 3 0 4 0 0 0 1 2 0
2 2 0 3 0 1 0 0 0 4
1 1 0 5 0 3 0 2 6 4
1 1 2 0 3 0 0 4 0 0
1 3 0 5 0 0 4 1 0 2
1 5 4 3 0 0 2 1 0 0
400 1 0 0 0 0 0 2 0 0
1 3 0 0 0 0 4 2 0 1
1 2 0 0 1 3 0 0 0 4
1 1 6 5 4 2 0 3 8 7
3 0 0 3 0 0 0 2 1 0
1 4 3 5 6 8 1 2 7 9
1 4 0 2 0 6 0 1 5 3
1 2 0 3 0 1 0 5 0 4
7 1 0 0 0 3 0 2 5 4
1 4 5 6 7 2 8 1 9 3
1 0 3 0 0 1 0 4 0 2
1 1 0 4 0 5 0 2 6 3
1 4 2 3 0 0 1 5 0 0
1 5 4 2 0 0 0 1 3 0
12 3 0 1 0 0 0 2 0 0
3 6 7 8 4 2 9 5 3 1
4 4 3 2 0 0 1 0 0 0
1 0 0 0 1 2 0 0 3 4
2 0 1 0 0 2 0 0 0 0
1 0 0 4 0 1 2 3 0 0
1 2 0 0 1 0 0 0 0 0
9 1 0 2 0 0 3 0 0 0
1 3 6 4 9 8 2 1 5 7
1 1 7 5 0 4 0 2 3 6
2 8 5 7 4 2 9 6 3 1
2 2 0 1 0 0 3 4 0 0
1 4 0 0 0 3 0 1 5 2
1 1 7 4 9 5 8 2 3 6
1 3 7 5 8 4 9 6 1 2
2 0 0 0 4 2 0 0 1 3
1 5 0 4 0 3 0 0 1 2
5 3 0 0 0 1 0 2 0 0
1 5 0 4 0 3 0 1 0 2
1 3 0 0 1 0 0 2 0 0
1 2 0 0 0 4 0 5 1 3
1 4 6 5 0 1 0 0 3 2
1 5 6 8 7 4 9 3 2 1
2 0 3 2 0 0 0 1 0 0
2 2 0 6 0 5 0 1 3 4
1 1 5 3 4 8 7 2 6 9
1 5 0 0 3 2 0 4 0 1
1 2 0 1 0 0 0 0 0 3
2 0 3 2 0 0 1 4 0 0
1 0 0 0 3 1 0 5 4 2
1 1 0 0 3 2 0 0 0 0
1 4 8 6 9 2 3 5 7 1
1 1 3 4 5 0 0 2 6 0
3 4 6 2 9 7 5 3 1 8
26 2 0 4 0 0 1 3 0 0
1 1 3 5 6 8 9 2 4 7
1 0 3 0 0 0 0 0 1 2
1 0 0 5 0 3 0 1 4 2
3 4 0 1 0 0 3 2 0 0
1 3 8 5 7 1 9 4 6 2
1 1 9 6 5 4 7 2 8 3
6 0 0 1 0 0 2 0 3 0
29 1 0 3 0 0 0 2 4 0
1 1 2 3 8 5 9 4 7 6
6 4 0 0 0 2 0 5 3 1
1 2 9 6 7 3 8 5 1 4
1 0 0 0 3 1 0 4 0 2
1 2 0 0 0 4 0 3 5 1
1 2 7 3 6 4 5 1 9 8
1 3 0 0 0 1 4 0 2 5
1 3 6 7 8 4 9 5 1 2
1 7 6 5 1 2 9 8 4 3
101 2 0 3 0 0 0 1 0 0
3 0 0 2 0 3 0 0 1 0
1 3 2 1 0 0 4 5 0 0
1 0 2 4 0 0 1 3 0 0
1 1 0 4 0 3 2 0 0 0
2 0 2 0 3 0 1 0 0 0
1 0 4 0 2 0 1 3 0 0
1 0 4 0 1 3 0 0 0 2
1 2 3 4 6 8 7 5 1 9
1 2 6 3 7 8 1 5 4 9
1 2 6 7 3 4 9 1 8 5
1 2 7 6 0 4 0 1 5 3
1 3 0 6 0 2 0 5 1 4
3 0 0 2 0 1 0 0 0 0
2 0 0 4 0 2 0 1 0 3
1 2 9 7 6 5 8 3 4 1
1 0 4 3 0 0 0 2 0 1
1 6 3 5 4 2 7 8 9 1
1 2 1 3 0 0 5 4 0 0
1 4 5 1 9 7 3 2 8 6
1 4 9 6 8 1 3 5 7 2
6 0 0 4 0 3 0 0 2 1
1 4 1 0 0 3 0 0 2 0
1 4 9 5 8 3 7 6 1 2
1 6 0 5 0 1 0 3 2 4
1 3 2 1 8 6 7 4 9 5
1 0 2 0 3 0 0 0 1 0
1 3 0 0 2 1 0 0 0 0
7 1 3 0 0 0 0 2 4 0
1 0 4 0 0 1 0 5 3 2
1 0 2 0 0 0 1 0 3 4
8 4 0 0 0 2 0 0 3 1
1 0 0 0 0 0 2 1 4 3
1 1 2 3 0 0 5 4 0 0
2 3 0 4 0 0 1 2 5 0
1 0 0 3 0 1 4 0 2 0
2 0 0 2 0 0 0 3 1 0
1 4 0 3 0 2 0 5 0 1
1 3 6 1 9 7 4 5 2 8
1 0 3 1 0 0 0 2 0 0
109 0 0 2 0 0 1 0 0 0
2 0 0 0 0 4 0 1 3 2
41 0 0 0 0 0 0 0 0 1
13 0 0 2 0 0 0 1 0 0
2 0 2 3 0 0 1 4 0 0
1 4 0 5 0 1 0 2 0 3
1 3 0 0 0 0 0 1 4 2
1 2 7 4 0 5 0 6 3 1
1 4 7 6 0 5 0 3 1 2
7 1 0 2 0 3 0 0 0 0
4 2 0 1 0 0 4 3 0 0
6 5 0 0 0 1 0 4 3 2
1 6 7 4 0 1 8 5 3 2
1 2 1 3 0 0 0 4 0 0
3 1 3 0 0 0 0 0 2 0
1 2 3 4 9 8 5 1 6 7
10 4 0 0 0 1 0 0 3 2
1 8 7 6 9 3 4 5 1 2
1 8 5 6 1 2 9 7 4 3
1 0 4 2 0 0 1 0 0 3
1 2 8 7 0 6 3 1 4 5
1 3 6 7 8 1 9 5 4 2
8 0 0 3 0 0 0 1 0 2
3 0 0 0 0 0 0 2 1 3
14 1 0 0 0 3 0 2 0 0
3 2 7 4 8 5 9 3 1 6
1 0 0 0 0 3 1 4 0 2
2 1 4 2 0 0 0 3 0 0
1 0 2 5 3 4 0 0 1 0
1 2 1 0 0 3 0 0 0 0
1 0 3 0 2 4 0 0 5 1
2 0 0 1 0 2 0 0 0 0
8 1 0 2 0 0 0 0 3 0
1 3 0 4 0 0 0 1 5 2
1 1 0 0 0 4 3 2 0 5
1 0 0 4 0 0 1 3 0 2
1 3 6 5 0 0 1 4 2 0
1 2 7 3 0 5 8 1 6 4
2 3 1 2 0 0 0 0 0 0
1 1 0 2 3 0 0 4 0 0
150 0 0 0 0 1 0 0 3 2
2 4 0 0 0 0 0 1 3 2
1 4 8 6 7 1 9 5 3 2
1 2 0 4 0 0 1 3 5 0
1 4 0 2 0 0 3 1 0 0
1 1 0 3 0 2 0 0 0 4
1 3 9 5 8 4 7 6 2 1
2 0 3 1 0 0 2 0 4 0
1 7 4 8 3 2 9 6 5 1
3 3 0 4 0 0 0 2 1 0
2 0 4 0 5 2 0 0 3 1
1 0 5 1 0 3 0 2 4 0
1 1 0 5 0 0 4 2 3 0
1 5 6 7 8 1 9 2 3 4
1 4 5 3 2 1 0 0 0 0
1 4 6 3 7 8 1 2 5 9
1 4 5 2 7 9 1 3 6 8
1 4 8 7 6 3 9 2 5 1
1 6 5 4 3 1 7 8 9 2
1 0 0 0 0 2 1 3 0 4
1 6 2 3 5 7 1 9 4 8
4 3 0 0 0 2 0 1 0 4
1 5 0 4 0 2 0 0 3 1
1 1 0 2 0 3 0 5 4 6
5 1 0 0 0 4 0 0 2 3
3 1 4 0 0 0 3 2 0 0
1 6 8 5 9 1 3 7 4 2
1 1 7 6 8 3 9 2 5 4
1 3 2 0 0 0 0 0 1 4
1 0 0 1 0 2 0 0 3 0
1 0 3 4 0 0 1 0 2 0
1 4 9 6 8 3 5 2 7 1
12 0 0 2 0 0 0 0 1 0
1 2 0 0 6 3 0 4 5 1
1 1 0 4 0 3 0 2 0 0
1 2 0 4 0 3 0 6 1 5
1 1 2 3 9 8 5 4 6 7
1 1 3 0 0 0 0 2 0 4
1 3 4 5 6 7 1 2 8 9
1 0 1 2 0 0 0 3 0 0
4 0 0 4 0 1 0 0 2 3
1 3 8 6 7 1 9 4 5 2
1 2 1 0 0 0 0 0 3 0
1 6 0 3 0 5 0 4 1 2
1 3 0 6 0 1 0 5 4 2
1 4 5 2 6 7 1 3 9 8
1 1 0 5 0 4 0 2 0 3
3 1 0 0 0 3 0 0 2 4
1 1 8 7 6 5 9 3 2 4
1 3 5 4 9 7 1 2 6 8
21 0 0 1 0 0 2 0 0 0
5 3 0 2 0 0 0 4 1 0
2 7 4 5 8 2 9 3 6 1
1 3 0 0 0 1 0 0 2 4
1 3 4 5 0 0 2 1 0 0
1 1 2 4 0 0 5 3 0 0
1 3 0 0 0 0 1 2 0 4
261 2 0 0 0 0 0 1 0 0
1 0 0 1 0 3 0 0 2 0
1 3 0 5 0 1 0 4 6 2
4 1 2 3 0 0 0 0 0 0
1 1 7 5 9 2 8 6 3 4
1 3 7 6 8 5 9 4 1 2
2 4 0 0 0 3 0 0 1 2
1 2 3 4 9 6 7 1 5 8
3 2 0 3 0 1 0 0 0 0
1 6 1 3 9 8 2 5 4 7
1 1 5 4 9 8 6 2 3 7
2 5 0 0 0 2 0 3 4 1
1 3 6 1 9 7 4 2 5 8
1 0 4 2 0 1 0 0 3 0
24 1 0 4 0 0 3 2 0 0
24 2 0 3 0 0 4 1 0 0
1 0 2 3 0 0 1 0 0 4
1 4 5 0 0 1 0 3 6 2
1 3 5 4 7 8 2 1 6 9
1 3 5 4 8 9 1 2 6 7
4 6 7 8 3 2 9 5 4 1
1 3 0 2 0 1 0 4 0 0
1 4 0 6 7 1 0 5 3 2
1 1 4 2 7 8 5 3 6 9
1 1 8 7 6 2 9 4 5 3
1 9 5 6 4 2 7 8 3 1
4 4 5 3 0 0 1 2 0 0
38 1 0 0 0 0 0 2 0 3
7 4 0 0 0 1 0 5 3 2
22 1 0 0 0 0 2 3 0 0
1 0 2 4 0 3 0 0 1 0
2 3 4 0 0 2 0 1 0 0
5 3 0 0 0 0 0 0 1 2
3 2 4 3 9 8 5 1 6 7
1 3 0 1 2 0 0 0 0 0
1 8 5 3 1 6 9 7 2 4
1 5 7 6 0 2 0 4 3 1
1 5 0 4 0 2 0 0 1 3
5 0 0 1 0 0 0 0 2 3
2 2 0 0 0 0 4 1 0 3
1 3 7 6 0 5 0 1 2 4
1 4 7 8 6 2 9 3 5 1
51 2 0 0 0 0 0 1 3 0
5 0 0 0 0 2 3 0 0 1
1 0 4 0 0 0 1 2 3 0
1 4 0 6 0 5 0 3 1 2
2 5 7 6 8 3 9 4 1 2
1 0 2 1 0 0 0 4 3 5
1 1 0 5 0 0 0 3 2 4
2 3 0 2 0 0 1 0 4 0
1 2 3 0 0 1 0 0 0 0
1 1 0 3 0 5 7 2 4 6
1 2 0 0 0 0 3 0 4 1
1 0 0 3 4 0 0 2 0 1
5 0 3 0 0 0 1 0 2 0
31 0 0 0 0 1 0 3 0 2
1 0 0 3 0 4 0 0 2 1
3 4 2 3 0 0 1 0 0 0
1 0 4 3 0 0 0 2 1 0
1 8 5 7 3 1 9 6 4 2
1 1 0 4 0 6 0 2 3 5
1 4 0 0 0 1 3 0 0 2
1 5 0 4 0 6 0 3 2 1
1 4 7 6 8 1 9 5 2 3
1 2 0 3 0 0 0 1 4 5
1 5 4 7 6 1 9 8 2 3
1 4 0 1 0 3 0 2 0 0
2 1 4 3 9 8 5 2 6 7
1 3 2 0 0 0 0 0 1 0
1 2 6 3 0 0 5 1 4 0
1 3 0 4 0 1 0 6 5 2
1 4 0 5 0 2 0 3 0 1
1 5 0 0 6 2 0 4 3 1
2 2 0 4 0 3 0 5 1 6
1 0 5 0 3 2 0 0 4 1
1 3 4 0 0 0 2 1 0 0
2 5 4 3 0 0 1 2 0 0
1 6 9 4 3 2 8 5 7 1
2 2 0 0 0 0 0 1 4 3
1 3 0 5 0 1 0 4 2 6
1 0 0 0 0 1 0 2 4 3
3 1 0 0 0 3 0 0 0 2
1 2 0 0 0 4 0 3 1 0
1 1 5 3 0 0 6 2 4 0
6 0 2 0 0 0 1 0 3 0
12 1 0 0 0 3 0 2 0 4
30 3 0 2 0 0 1 0 0 0
1 3 5 4 7 8 1 2 6 9
1 4 0 6 7 2 0 5 3 1
7 5 0 0 0 3 0 4 1 2
2 3 0 0 0 0 0 0 2 1
2 3 0 0 6 2 0 4 5 1
1 2 4 0 0 0 1 0 0 3
1 2 0 0 0 5 0 3 1 4
1 5 2 4 0 0 1 3 0 0
1 5 6 7 3 2 9 8 4 1
1 0 0 5 6 1 0 4 3 2
1 7 5 4 0 1 0 6 3 2
3 3 0 0 0 0 1 2 4 0
4 2 0 6 0 4 0 3 1 5
3 1 3 0 0 0 4 2 0 0
1 4 8 7 6 2 9 3 5 1
1 7 4 5 6 1 9 8 3 2
1 2 3 4 0 0 6 1 5 0
9 3 0 1 0 0 2 0 0 0
1 1 0 4 0 0 3 2 5 0
1 0 2 3 0 0 1 4 5 0
1 1 8 4 7 5 9 2 6 3
1 8 5 7 6 1 3 9 4 2
1 2 3 4 0 0 1 5 0 0
1 4 5 1 6 7 2 3 8 9
1 3 6 2 0 8 4 1 5 7
1 3 4 6 0 0 1 2 5 0
1 3 4 0 0 0 0 2 1 0
2 0 0 3 0 0 1 2 0 4
4 5 8 6 7 2 9 4 3 1
1 1 0 6 0 4 0 5 2 3
1 2 0 0 0 1 0 0 3 4
3 2 0 0 3 0 0 1 0 0
1 5 0 1 0 2 0 6 4 3
1 2 5 4 0 0 3 1 6 0
2 4 7 6 8 3 9 5 1 2
3 0 0 3 0 0 2 0 1 0
1 4 0 5 0 2 1 0 0 3
8 1 0 3 0 0 2 0 0 0
1 1 0 4 0 5 0 2 3 6
1 6 4 3 9 5 8 7 1 2
1 3 0 0 0 5 0 1 4 2
1 1 0 6 0 3 0 2 5 4
1 6 4 0 0 3 0 5 1 2
2 4 0 0 0 1 0 5 2 3
1 2 5 4 6 8 7 1 3 9
1 0 0 0 0 0 2 0 3 1
1 0 0 0 2 1 0 0 4 3
1 3 8 7 9 1 5 4 6 2
1 0 0 0 3 0 1 0 2 0
1 4 0 3 0 0 1 2 5 0
1 4 0 1 0 0 0 3 2 0
1 0 3 0 4 2 0 0 0 1
1 3 0 0 0 4 0 1 2 5
1 1 2 0 0 0 0 4 3 0
1 1 0 3 0 4 0 2 5 0
1 0 0 1 0 2 0 3 0 0
1 3 8 4 7 6 9 2 1 5
1 5 0 0 6 3 0 4 2 1
1 1 0 3 0 0 0 0 4 2
1 4 7 5 8 2 9 3 6 1
1 3 4 5 7 8 1 2 6 9
8 2 0 0 0 1 0 0 0 0
9 1 0 0 0 2 0 3 0 4
1 2 7 3 8 5 0 1 4 6
4 1 5 3 0 0 2 4 0 0
5 0 0 4 0 3 0 0 1 2
1 7 6 5 4 3 9 8 1 2
1 2 0 1 0 0 0 3 0 4
1 0 1 4 2 0 0 0 3 0
2 2 0 0 0 1 0 3 0 4
1 7 8 5 4 2 9 6 3 1
1 0 0 0 0 3 0 4 2 1
462 0 0 0 0 0 1 0 0 0
1 4 8 7 9 1 2 5 6 3
1 9 4 8 7 3 6 5 2 1
1 4 3 1 0 0 2 0 0 0
1 6 0 5 0 4 0 3 1 2
18 0 0 0 3 1 0 0 0 2
1 3 0 4 0 2 0 5 0 1
1 6 4 7 8 1 9 5 2 3
1 2 6 3 5 7 1 4 9 8
1 1 6 3 9 4 8 2 7 5
2 1 0 2 0 3 0 4 0 0
1 1 4 3 7 8 6 2 5 9
1 3 8 7 9 2 4 6 5 1
1 1 5 3 9 7 6 2 4 8
16 1 0 0 0 0 2 0 0 0
6 0 4 2 0 0 1 3 0 0
1 2 7 6 9 5 8 4 1 3
3 3 0 0 0 2 0 0 4 1
1 6 0 4 0 2 0 5 3 1
2 1 0 0 0 0 3 2 0 4
1 8 7 5 1 2 9 6 4 3
1 5 2 4 0 0 1 3 6 0
1 0 0 4 0 1 5 0 3 2
1 6 8 5 7 4 9 3 2 1
3 1 4 0 0 0 0 2 3 0
25 2 0 1 0 0 0 3 0 0
1 1 0 0 0 5 0 4 2 3
1 1 5 4 6 8 9 2 3 7
1 4 3 0 0 0 0 2 0 1
52 0 0 1 0 0 0 0 0 0
1 8 7 5 6 3 4 9 1 2
1 9 4 7 5 1 6 8 3 2
1 8 6 5 4 1 9 7 3 2
1 0 0 0 3 0 1 2 0 0
1 0 0 1 0 0 4 2 0 3
1 4 0 7 6 2 8 5 3 1
1 0 4 5 0 1 0 0 3 2
1 1 0 0 0 3 0 4 0 2
1 3 5 4 6 7 9 1 2 8
1 5 7 4 0 3 0 6 1 2
1 1 0 0 0 2 0 5 4 3
1 0 2 3 0 0 1 0 4 0
1 6 3 9 2 1 8 7 5 4
1 0 5 0 4 2 0 0 3 1
2 4 3 0 0 0 1 2 0 0
1 2 6 0 0 5 1 0 3 4
1 3 1 5 2 8 4 9 6 7
1 4 0 5 0 2 0 0 3 1
2 9 6 5 4 2 7 8 3 1
1 0 0 5 0 3 0 4 1 2
1 0 0 0 0 1 0 4 3 2
1 0 3 0 0 2 0 4 0 1
8 1 3 4 0 0 0 2 0 0
1 2 0 0 0 4 0 3 1 5
2 3 0 0 0 0 0 2 1 4
2 1 4 5 9 8 3 2 6 7
1 1 5 4 0 7 0 2 3 6
1 1 0 4 2 0 0 3 0 0
1 2 3 1 0 0 4 5 0 0
1 2 3 4 8 1 9 7 5 6
1 3 6 7 8 2 9 4 5 1
3 2 3 1 0 0 0 0 0 0
3 3 4 2 0 0 1 0 0 0
1 4 0 5 0 1 0 3 0 2
1 1 0 0 0 0 0 3 4 2
1 1 0 0 0 4 5 2 0 3
1 2 7 4 6 9 1 3 5 8
1 1 4 3 0 0 5 2 6 0
1 0 0 0 0 0 0 3 2 1
1 5 0 0 0 2 0 3 1 4
1 0 0 0 0 1 2 3 0 0
1 1 9 7 6 4 8 2 5 3
41 0 3 2 0 0 1 0 0 0
16 0 0 0 4 1 0 0 3 2
4 4 0 0 0 3 0 2 0 1
1 0 2 1 0 0 0 3 0 0
9 3 2 0 0 0 1 0 0 0
1 2 3 0 0 0 0 4 1 0
2 1 4 3 0 0 5 2 0 0
2 1 8 3 7 5 9 2 4 6
1 4 9 3 6 7 1 5 2 8
1 1 7 6 8 3 5 2 9 4
2 8 3 2 7 5 1 9 6 4
1 4 5 3 0 1 0 0 0 2
7 3 0 0 0 0 0 2 0 1
24 2 0 3 0 0 1 0 0 0
1 2 4 5 9 3 8 1 6 7
1 5 3 0 0 1 0 4 0 2
1 3 0 2 0 1 0 0 0 4
1 0 0 0 2 1 0 3 4 0
1 8 3 2 7 6 1 9 4 5
1 5 0 4 0 0 1 2 0 3
1 1 9 8 6 2 7 3 5 4
1 1 7 9 6 3 8 2 5 4
2 5 0 0 0 4 0 2 1 3
1 3 0 0 0 5 0 1 2 4
1 2 4 5 6 7 1 3 8 9
5 3 0 0 0 4 0 1 0 2
1 3 7 5 6 9 1 2 4 8
1 2 8 5 4 6 9 1 3 7
1 2 0 0 0 3 0 4 1 5
1 1 9 6 8 5 7 2 3 4
1 3 4 1 0 0 0 5 2 0
1 2 9 4 8 6 7 1 3 5
2 3 0 1 0 0 2 0 4 0
1 5 6 8 3 2 9 4 7 1
2 4 0 6 0 5 0 1 3 2
1 6 5 8 4 1 9 7 3 2
1 5 8 7 1 4 9 2 6 3
1 2 0 4 0 0 1 0 3 0
1 0 0 0 0 2 1 3 0 0
3 2 0 4 0 0 0 1 0 3
1 0 4 3 0 0 0 1 0 2
2 1 0 5 0 6 0 2 3 4
1 2 7 4 9 3 5 1 8 6
1 6 5 4 9 3 8 1 7 2
1 6 7 5 0 2 8 4 3 1
2 0 3 4 0 0 1 2 0 0
1 0 0 0 0 2 4 3 0 1
1 2 3 0 1 0 0 0 4 0
1 4 0 1 0 3 0 2 6 5
1 1 0 2 0 4 0 5 6 3
2 1 0 0 0 4 0 2 3 5
1 4 0 3 0 0 0 2 1 0
1 7 4 6 1 5 9 2 8 3
1 1 4 5 8 7 6 2 3 9
1 0 0 0 4 1 3 0 0 2
7 0 0 0 0 2 0 3 4 1
1 8 5 6 2 1 9 7 4 3
1 0 0 5 0 2 0 3 4 1
1 3 0 0 0 0 0 2 4 1
1 0 0 0 4 1 0 5 3 2
2 5 2 3 6 9 1 4 7 8
2 0 0 0 0 0 2 1 3 0
1 4 0 0 0 0 3 2 1 0
1 7 8 4 3 1 9 5 6 2
1 0 0 0 3 2 1 0 0 0
1 2 6 7 8 1 9 4 3 5
1 2 0 3 1 0 0 0 0 0
2 0 0 3 0 0 0 2 0 1
4 0 0 1 0 0 0 3 2 0
1 6 5 2 0 0 3 4 1 0
13 0 0 0 0 0 1 0 2 0
1 7 4 3 9 2 8 6 5 1
2 0 1 0 0 0 0 0 2 0
1 2 0 0 4 0 1 3 0 0
1 2 3 4 0 0 5 1 0 0
1 0 0 1 0 4 0 0 3 2
1 1 8 6 5 3 9 2 7 4
1 1 5 4 6 3 7 8 2 9
1 1 0 3 0 6 0 2 5 4
1 4 9 2 7 6 1 3 8 5
4 3 0 2 0 0 0 1 4 0
2 0 0 3 0 2 0 0 4 1
2 2 4 3 6 8 5 1 9 7
3 0 0 0 0 3 1 0 0 2
1 1 7 4 6 8 3 2 5 9
1 4 0 5 0 3 0 2 0 1
1 2 8 5 6 1 9 4 7 3
1 1 0 4 0 0 0 0 3 2
1 3 7 4 9 2 8 5 6 1
1 0 0 0 0 2 3 1 0 0
24 1 0 4 0 0 0 2 3 0
1 4 0 0 0 0 2 3 1 0
1 0 4 0 0 5 0 2 3 1
1 0 0 2 4 1 0 0 0 3
1 2 0 5 0 1 0 6 3 4
1 4 5 2 6 9 1 3 7 8
1 2 0 6 0 4 0 1 3 5
1 2 9 3 8 4 5 1 7 6
2 0 2 0 0 0 0 0 0 1
1 1 0 4 0 3 0 2 6 5
2 0 2 1 0 0 3 0 4 0
1 1 2 3 0 0 4 5 0 0
1 1 7 3 8 2 0 4 6 5
3 3 4 5 0 0 1 2 0 0
1 2 0 4 0 5 0 3 1 6
3 2 0 0 0 1 0 5 3 4
1 5 7 6 8 2 9 4 3 1
1 2 5 4 7 8 1 3 6 9
5 0 0 0 0 3 0 1 0 2
1 2 5 4 6 8 9 3 1 7
1 7 9 5 2 1 8 6 4 3
1 2 5 4 8 7 9 1 6 3
1 3 0 4 0 2 0 0 0 1
1 1 4 0 0 0 0 2 5 3
1 5 8 7 6 3 9 4 1 2
1 1 0 6 0 5 0 3 4 2
1 5 0 6 0 2 0 3 1 4
1 2 7 6 8 3 9 4 1 5
7 3 0 0 0 2 0 0 1 0
5 3 0 0 0 2 0 1 0 0
1 7 8 5 4 2 9 6 1 3
1 0 0 1 0 5 4 2 0 3
1 4 0 0 0 1 0 2 3 5
1 2 9 1 8 3 7 5 4 6
1 1 7 6 0 5 0 2 3 4
1 3 2 0 1 0 0 0 0 0
9 0 0 0 0 1 0 0 2 0
1 5 8 6 9 3 7 4 1 2
7 2 0 0 0 1 0 0 0 3
8 0 0 1 0 0 3 2 0 0
1 7 3 4 9 5 8 6 2 1
1 1 4 0 3 0 0 2 0 0
1 4 0 5 0 0 0 1 2 3
1 2 8 3 9 6 7 1 4 5
1 1 0 6 0 4 0 2 5 3
8 0 0 0 0 0 0 2 0 1
1 0 0 3 0 0 2 4 1 0
6 2 0 1 0 0 0 3 4 0
6 3 0 2 0 0 0 0 1 0
1 6 2 4 0 5 1 3 0 7
3 0 1 0 0 0 2 3 0 0
1 2 0 3 0 1 0 4 0 5
1 5 0 2 0 0 1 4 3 0
3 2 0 0 0 1 0 4 5 3
1 5 9 7 4 1 8 6 3 2
1 1 0 5 0 2 0 3 6 4
1 1 4 3 0 0 0 2 5 0
1 2 5 6 7 3 9 1 8 4
1 2 5 6 9 3 7 1 8 4
3 1 0 0 0 2 0 3 4 5
1 0 2 1 0 0 3 4 0 0
5 1 0 0 0 2 0 4 0 3
1 5 0 4 0 2 0 6 1 3
1 1 0 6 0 2 0 3 4 5
1 5 7 6 8 3 9 2 1 4
1 8 7 2 9 5 1 6 3 4
5 2 0 4 0 0 0 3 1 0
1 2 0 3 4 6 8 1 5 7
1 1 0 6 0 5 0 3 2 4
3 4 0 2 0 0 0 3 1 0
2 1 0 0 0 3 0 0 2 0
2 1 0 0 0 2 0 5 3 4
1 0 1 3 0 0 0 0 0 2
1 4 3 1 8 5 0 7 2 6
13 2 0 1 0 0 0 0 0 0
1 3 4 5 6 8 2 1 7 9
1 5 4 3 9 8 6 1 7 2
1 2 0 3 4 0 5 1 0 0
1 4 7 3 8 2 9 5 1 6
2 0 0 4 0 0 1 2 3 0
4 0 0 2 0 3 0 1 0 0
1 0 0 2 0 0 3 1 0 4
1 2 0 3 0 4 0 0 5 1
1 5 7 6 0 1 0 4 2 3
1 0 5 0 0 2 0 3 1 4
1 2 0 6 0 1 0 5 3 4
1 2 3 1 0 0 0 4 0 0
3 0 0 2 0 0 0 0 0 1
1 2 0 3 0 4 0 1 0 5
1 1 0 4 0 5 0 3 2 6
1 6 7 8 4 1 9 5 3 2
60 0 2 0 0 0 1 0 0 0
1 7 5 8 4 2 9 6 3 1
1 0 0 1 0 0 2 4 3 0
1 0 3 4 0 2 0 0 0 1
1 0 6 5 7 2 0 4 3 1
1 1 0 0 2 0 0 3 0 0
12 3 0 0 0 2 0 4 0 1
17 1 0 0 0 0 0 0 2 0
1 1 0 3 0 2 0 4 5 0
1 1 0 2 0 0 5 3 4 0
2 1 0 0 0 2 0 0 4 3
1 1 2 7 0 4 0 6 3 5
1 3 7 4 8 6 2 1 9 5
1 2 9 3 8 6 4 1 5 7
30 3 0 0 0 1 0 0 0 2
1 2 6 4 9 7 3 1 5 8
1 2 3 0 0 4 0 1 0 0
1 4 1 3 0 0 2 5 0 0
1 7 5 6 4 1 8 9 3 2
1 5 1 2 8 3 9 6 7 4
1 7 8 4 5 1 0 6 3 2
1 5 8 4 9 6 2 1 7 3
2 2 0 3 0 0 5 1 4 0
1 0 1 0 0 0 0 3 0 2
3 0 0 0 2 0 0 0 0 1
1 1 0 0 6 5 0 2 3 4
1 7 4 6 5 2 9 8 3 1
1 1 0 4 0 0 2 3 5 0
1 5 4 8 7 3 0 6 1 2
1 4 5 3 7 9 1 2 6 8
5 0 3 0 0 1 0 0 0 2
3 1 4 5 0 0 3 2 0 0
1 5 0 1 0 0 0 2 3 4
5 4 0 0 0 3 0 1 0 2
1 5 8 4 7 1 9 3 6 2
1 5 9 4 8 1 3 6 7 2
7 0 1 2 0 0 3 0 0 0
2 2 3 4 0 0 0 1 0 0
1 2 7 6 8 4 9 3 1 5
1 6 8 7 1 4 9 5 2 3
1 1 4 6 9 7 3 2 5 8
1 1 3 0 6 4 0 2 0 5
1 3 5 2 0 0 0 4 1 0
1 0 0 0 0 3 0 1 2 4
1 4 8 6 7 2 9 5 3 1
1 0 2 0 4 0 1 3 0 0
13 0 0 0 0 0 0 0 1 2
1 1 6 5 0 4 0 2 3 0
1 1 6 5 8 2 9 3 7 4
1 0 0 2 4 0 1 3 0 0
1 1 0 0 5 0 0 2 3 4
1 1 3 0 0 0 4 0 2 0
1 1 8 3 7 4 9 2 6 5
1 0 0 1 0 0 0 0 3 2
1 3 0 2 0 5 0 4 1 6
1 3 5 4 0 0 2 1 0 0
4 1 0 0 3 0 0 2 0 0
1 1 0 0 3 4 0 2 5 0
1 5 6 3 7 0 1 2 4 0
2 3 6 2 7 8 1 4 5 9
4 4 0 0 0 2 0 5 1 3
6 3 0 1 0 0 0 4 2 0
1 7 6 2 8 3 9 1 5 4
1 1 7 3 8 2 0 6 5 4
14 3 0 0 0 0 0 1 0 2
11 2 0 0 0 4 0 1 0 3
1 0 2 0 0 0 3 1 4 0
1 3 8 7 6 2 9 4 5 1
1 1 8 7 6 4 0 3 2 5
1 8 5 4 7 2 9 6 3 1
1 5 8 4 6 3 7 2 9 1
2 6 5 8 3 2 9 7 4 1
2 0 0 0 0 1 0 4 2 3
1 4 7 8 5 2 9 3 6 1
1 2 3 4 0 0 0 0 0 1
1 0 0 0 3 2 4 0 5 1
15 0 0 0 0 1 0 2 0 3
2 2 0 3 0 5 0 1 0 4
3 1 0 0 0 0 3 2 4 0
1 0 3 0 0 4 1 2 5 6
2 0 3 0 2 0 0 0 1 0
1 3 6 7 9 4 8 2 1 5
1 1 0 4 0 2 0 3 6 5
1 4 0 5 0 2 0 3 6 1
1 0 0 3 0 4 0 0 1 2
2 1 4 0 0 0 2 3 0 0
1 0 0 0 2 1 0 0 3 4
1 5 8 6 7 4 0 3 2 1
1 0 4 0 0 0 0 1 3 2
1 3 0 1 0 5 0 2 6 4
1 5 4 7 8 2 9 6 3 1
1 1 0 0 0 0 3 0 2 0
1 1 7 6 9 2 8 5 3 4
2 3 7 5 0 1 0 4 6 2
1 1 0 2 0 0 0 0 3 4
3 2 0 0 0 3 0 0 1 0
3 3 2 1 0 0 0 0 0 0
1 2 3 0 0 4 0 1 6 5
1 2 6 4 9 7 5 1 3 8
3 3 0 0 0 2 0 4 5 1
1 6 8 5 1 3 9 7 2 4
1 2 7 5 6 8 1 3 4 9
1 3 4 6 1 8 7 2 5 9
1 0 6 5 3 2 0 0 4 1
1 0 0 0 3 1 0 0 2 0
2 1 4 5 0 0 2 3 0 0
1 0 0 0 0 2 0 1 3 4
7 0 0 0 0 1 0 2 0 0
3 0 0 0 0 2 0 3 1 0
2 0 0 4 0 2 0 3 0 1
1 8 4 7 5 2 0 6 3 1
1 6 0 4 3 5 8 1 2 7
1 4 2 8 9 3 6 5 7 1
1 7 5 8 1 2 9 6 4 3
1 5 2 3 7 8 1 4 6 9
1 6 0 5 0 3 0 4 1 2
1 6 8 7 2 3 9 5 4 1
7 0 0 0 0 0 0 3 1 2
1 2 4 5 0 0 1 3 0 0
1 0 2 5 1 0 0 4 3 0
5 0 0 0 2 1 0 0 0 3
1 0 0 0 0 1 3 0 4 2
1 1 4 5 9 7 8 2 3 6
1 1 4 0 0 0 0 3 2 0
1 4 6 5 7 8 1 3 2 9
1 2 5 3 8 7 9 1 4 6
15 1 0 0 0 0 0 3 2 0
1 1 4 3 8 6 9 2 5 7
1 2 3 0 0 0 0 4 1 5
1 0 0 0 3 0 0 1 2 0
1 1 5 6 9 7 4 3 2 8
1 6 5 1 4 8 2 7 3 9
1 0 1 2 0 0 3 4 0 0
15 0 0 3 0 0 2 1 0 0
1 0 2 0 0 4 1 0 0 3
5 2 0 0 0 0 0 3 0 1
1 8 9 7 6 2 1 4 5 3
2 0 4 0 0 2 0 0 1 3
1 0 0 0 0 2 0 1 0 0
1 4 0 2 0 0 1 3 0 5
169 0 0 0 0 2 0 0 3 1
2 4 0 6 0 2 0 5 3 1
6 0 0 2 0 0 0 1 3 0
1 1 0 0 0 0 0 4 2 3
1 3 0 1 0 0 4 0 2 0
1 3 9 5 8 7 1 2 4 6
1 1 0 2 0 0 0 4 0 3
1 4 0 2 0 5 0 1 3 6
1 4 2 6 1 8 9 5 3 7
1 1 5 3 7 0 6 2 4 0
1 7 5 8 4 2 0 6 3 1
1 2 4 0 0 0 0 3 1 0
1 1 0 0 5 4 0 0 2 3
1 1 5 3 9 8 4 2 6 7
2 1 0 3 0 2 0 0 4 0
1 0 0 3 0 0 1 0 0 2
1 2 0 4 0 5 0 3 6 1
1 1 9 3 8 2 4 5 7 6
1 2 5 3 9 6 8 1 4 7
1 6 7 8 9 1 5 4 3 2
11 0 4 0 0 2 0 0 3 1
1 7 3 2 4 5 1 6 9 8
1 2 7 3 5 0 6 1 4 0
2 4 0 5 0 3 0 0 1 2
1 1 7 6 9 4 8 2 5 3
1 3 2 4 0 0 1 5 0 0
3 2 0 0 0 0 0 1 3 4
1 0 0 2 0 3 1 4 0 0
3 1 3 2 0 0 0 0 0 0
1 0 0 4 0 3 0 5 1 2
5 0 0 3 0 0 0 1 2 0
8 2 4 0 0 0 3 1 0 0
1 4 0 6 0 1 0 3 5 2
1 0 4 0 0 3 0 1 5 2
1 0 0 5 4 2 0 0 3 1
1 8 6 2 9 4 1 7 3 5
1 2 8 7 6 4 3 1 9 5
33 2 0 0 0 0 0 1 0 3
37 2 0 0 0 0 1 0 0 0
6 4 0 0 0 2 0 3 5 1
1 2 1 0 0 0 0 0 0 0
1 2 0 3 4 1 0 0 0 5
4 1 0 0 0 0 0 0 0 2
1 4 0 0 0 0 1 2 3 0
1 1 5 3 8 4 9 2 7 6
1 3 0 4 0 6 0 2 1 5
1 1 0 2 0 4 6 3 5 7
1 4 7 6 9 2 8 5 3 1
1 2 3 4 5 8 6 1 7 9
60 2 0 0 0 0 1 3 0 0
1 8 5 6 4 1 9 7 3 2
1 4 0 0 6 2 0 5 3 1
1 5 6 2 9 8 1 4 3 7
4 0 0 0 0 2 1 0 0 3
1 4 5 0 0 1 0 0 3 2
1 3 6 4 5 8 1 2 7 9
1 1 4 8 7 2 9 6 5 3
253 0 0 0 0 2 0 0 0 1
81 1 0 0 0 0 0 2 3 0
1 7 3 5 0 1 0 6 4 2
1 4 6 7 8 2 9 5 3 1
1 4 0 0 0 2 0 1 5 3
1 0 1 2 0 3 0 0 0 4
1 1 9 8 7 2 5 4 6 3
36 0 0 0 0 2 0 0 1 3
50 0 0 2 0 0 1 3 0 0
1 4 0 2 0 5 0 3 1 0
2 2 4 5 0 0 3 1 0 0
1 4 3 2 9 7 6 5 1 8
1 5 4 2 7 8 3 1 6 9
1 5 4 1 0 0 0 2 3 0
1 6 4 5 9 3 1 7 2 8
1 2 6 5 4 7 3 1 8 9
6 0 0 0 0 0 0 2 1 0
1 7 5 6 3 2 9 8 4 1
1 0 1 2 0 4 0 3 0 0
1 1 0 0 0 4 0 3 2 0
1 1 0 2 3 4 0 0 0 0
1 8 2 1 4 5 7 9 3 6
3 0 1 3 0 0 2 0 0 0
1 3 0 2 0 1 0 0 0 0
1 3 1 0 2 0 0 0 0 0
2 0 2 0 0 0 3 1 0 0
1 3 1 4 0 0 0 2 0 0
1 3 4 1 0 0 2 5 6 0
1 8 0 7 4 2 3 5 6 1
1 0 0 1 0 0 3 2 4 0
1 5 7 6 8 2 9 4 1 3
3 0 2 0 0 0 0 0 1 0
1 2 5 6 0 4 8 1 7 3
1 0 0 4 0 0 2 1 0 3
1 5 6 0 0 2 0 4 3 1
2 7 5 6 4 2 9 8 3 1
1 4 0 0 1 0 2 3 0 0
1 2 0 0 0 5 0 1 4 3
1 4 3 2 0 0 0 0 1 0
1 2 0 0 0 3 1 0 0 4
1 3 5 2 6 7 1 4 9 8
14 0 0 0 3 1 0 0 4 2
17 0 0 3 0 2 0 0 0 1
1 0 0 0 0 2 1 0 0 0
1 6 7 8 3 2 9 4 5 1
1 0 0 0 0 4 1 2 3 0
3 5 0 6 0 1 0 4 3 2
1 1 0 0 0 3 4 2 0 0
2 4 6 7 8 5 9 3 1 2
1 0 0 0 1 0 0 3 2 0
1 0 0 3 0 0 0 1 4 2
1 2 0 4 0 5 0 6 1 3
1 1 3 2 4 5 6 7 8 9
16 0 3 0 0 0 1 2 0 0
13 1 0 2 0 0 0 0 0 0
1 1 2 0 3 0 0 0 0 0
2 5 0 4 0 3 0 6 1 2
4 1 0 4 0 0 0 3 2 0
1 4 8 7 9 5 6 2 1 3
1 4 5 1 9 8 2 3 6 7
1 2 0 5 0 1 0 4 0 3
1 4 7 6 9 2 8 5 1 3
1 0 0 0 4 1 0 0 2 3
1 1 0 2 0 0 3 4 0 0
4 5 4 2 0 0 3 1 0 0
22 3 0 0 0 0 2 1 0 0
1 0 4 3 0 0 0 1 2 0
1 2 4 5 7 8 1 6 3 9
1 1 0 3 0 0 5 4 2 0
1 1 7 3 0 6 0 2 4 5
9 0 0 0 0 0 0 0 2 1
2 2 4 3 7 8 1 5 6 9
1 5 9 7 8 6 1 2 3 4
2 0 2 3 4 0 1 0 0 0
1 5 4 6 0 1 0 0 3 2
1 5 6 7 0 2 0 4 3 1
1 1 0 3 0 6 0 2 4 5
1 0 0 2 0 3 0 0 4 1
1 5 1 2 7 8 6 4 3 9
1 4 0 0 0 3 0 5 2 1
1 0 0 0 0 1 5 2 4 3
2 1 8 6 7 3 9 2 5 4
7 2 5 4 0 0 3 1 0 0
10 0 0 4 0 2 0 0 3 1
2 2 0 0 0 0 4 1 3 0
1 4 0 0 6 2 0 3 5 1
1 1 0 4 0 2 0 0 3 0
1 0 1 0 0 2 0 3 0 0
1 0 3 0 2 1 0 0 4 5
1 3 6 7 8 2 0 5 1 4
1 0 0 2 0 3 0 0 0 1
2 2 5 6 0 7 1 3 4 8
1 7 3 4 8 6 1 9 5 2
1 2 5 0 0 4 0 1 6 3
1 0 6 5 4 1 0 0 3 2
3 0 0 3 0 1 0 0 2 0
1 3 5 1 0 0 0 4 2 0
1 0 3 4 2 1 0 5 7 6
18 2 0 0 0 0 0 3 1 0
5 0 0 0 0 2 0 0 1 0
2 6 7 4 0 1 0 5 3 2
1 0 0 0 0 0 3 2 0 1
1 0 0 0 0 3 0 1 2 0
1 7 4 6 5 1 0 8 3 2
12 0 0 1 0 0 0 2 0 0
2 2 5 3 0 0 1 4 0 0
1 2 3 0 0 0 0 1 4 0
1 3 4 2 0 0 5 1 0 0
2 0 2 0 0 0 0 1 0 3
1 3 5 1 8 6 9 4 2 7
1 0 5 4 3 2 0 0 0 1
2 0 3 2 0 0 1 0 4 0
1 2 6 4 7 9 3 1 5 8
1 3 2 5 6 8 1 4 7 9
2 1 0 4 0 0 0 2 0 3
1 1 2 3 5 4 7 6 8 9
1 0 1 2 3 0 4 0 0 0
1 7 5 6 1 3 9 8 2 4
1 3 2 7 8 4 9 5 1 6
1 7 6 5 1 3 9 8 2 4
1 0 0 0 5 2 0 4 3 1
1 2 8 6 7 5 9 3 1 4
1 1 2 0 0 3 0 4 0 0
4 3 0 0 0 1 0 0 2 0
1 0 3 0 0 2 0 0 1 4
1 0 5 4 3 0 1 0 2 0
1 2 4 3 0 0 5 1 0 0
1 1 6 3 9 7 4 2 5 8
